# 3x4 first row second row third row Freq: 100 current Time: 2020-10-02-13:22:19
-0.03943769633769989 0.9992216229438782 0.0008366394904442132 -0.02152281440794468 -0.022851280868053436 -6.478118302766234e-05 -0.9997388124465942 -0.6699634194374084 -0.9989606738090515 -0.03944656625390053 0.022836104035377502 -1.9783194065093994
-0.03945324197411537 0.9992210268974304 0.000842278532218188 -0.021524053066968918 -0.022872449830174446 -6.033095269231126e-05 -0.999738335609436 -0.6699721217155457 -0.9989595413208008 -0.03946223482489586 0.022857066243886948 -1.9783269166946411
-0.03899053856730461 0.999239444732666 -0.0004016855964437127 -0.021618856117129326 -0.022772982716560364 -0.001290443236939609 -0.9997397661209106 -0.670078694820404 -0.9989799857139587 -0.038971297442913055 0.02280603162944317 -1.9781749248504639
-0.038673415780067444 0.9992507696151733 -0.0014541541459038854 -0.021611003205180168 -0.022559499368071556 -0.0023279269225895405 -0.9997427463531494 -0.6701478958129883 -0.998997151851654 -0.038630712777376175 0.02263268083333969 -1.9781556129455566
-0.03874814510345459 0.9992480874061584 -0.001316157402470708 -0.02167474292218685 -0.022931205108761787 -0.0022059581242501736 -0.9997345805168152 -0.6700003743171692 -0.9989858269691467 -0.038707733154296875 0.022999493405222893 -1.9784706830978394
-0.03854541480541229 0.999256432056427 -0.0008819905924610794 -0.02147308737039566 -0.023372026160359383 -0.0017839090432971716 -0.9997252225875854 -0.6701289415359497 -0.9989834427833557 -0.038514263927936554 0.023423463106155396 -1.9795340299606323
-0.03854941949248314 0.9992564916610718 -0.0005087561439722776 -0.02155960164964199 -0.023599229753017426 -0.0014193556271493435 -0.9997204542160034 -0.6700147390365601 -0.9989779591560364 -0.038526687771081924 0.023636454716324806 -1.9797744750976562
-0.0385269895195961 0.9992573857307434 -0.0005397687782533467 -0.021542305126786232 -0.023590736091136932 -0.00144952442497015 -0.999720573425293 -0.6699771881103516 -0.9989789724349976 -0.03850354626774788 0.023629117757081985 -1.979886531829834
-0.03917313739657402 0.9992324113845825 5.305934610078111e-05 -0.021357188001275063 -0.02319594845175743 -0.0008562201401218772 -0.9997305274009705 -0.6702016592025757 -0.9989631175994873 -0.03916386514902115 0.023211738094687462 -1.9792826175689697
-0.03883303329348564 0.9992455840110779 0.00043636831105686724 -0.02151581645011902 -0.023530585691332817 -0.00047782695037312806 -0.999722957611084 -0.6703581213951111 -0.9989685416221619 -0.03883259743452072 0.023531442508101463 -1.9797741174697876
-0.03884200006723404 0.9992451667785645 0.0004933011368848383 -0.021505223587155342 -0.023576917126774788 -0.00042287970427423716 -0.999721884727478 -0.6703855991363525 -0.9989671111106873 -0.038842882961034775 0.02357560023665428 -1.9798579216003418
-0.038461361080408096 0.9992598295211792 0.0006538732559420168 -0.021494122222065926 -0.0239286869764328 -0.0002667912340257317 -0.9997135996818542 -0.6704499125480652 -0.9989734888076782 -0.03846604377031326 0.023921290412545204 -1.9802547693252563
-0.03802657499909401 0.9992766380310059 -0.0003008038329426199 -0.021819768473505974 -0.023753058165311813 -0.0012047876371070743 -0.9997170567512512 -0.6703153848648071 -0.9989943504333496 -0.03800872713327408 0.02378174476325512 -1.979812741279602
-0.03794850781559944 0.9992795586585999 -0.0003703917027451098 -0.021693341434001923 -0.023726610466837883 -0.0012715425109490752 -0.999717652797699 -0.6703900694847107 -0.9989979267120361 -0.03792905434966087 0.023757824674248695 -1.9796062707901
-0.0384516566991806 0.9992603659629822 0.0003567886305972934 -0.021550675854086876 -0.023496385663747787 -0.0005471394397318363 -0.9997237324714661 -0.6704056859016418 -0.9989840984344482 -0.03844946622848511 0.023500099778175354 -1.97925865650177
-0.03851094841957092 0.9992580413818359 0.00037871027598157525 -0.021456275135278702 -0.023816291242837906 -0.0005389348953031003 -0.9997161626815796 -0.670295238494873 -0.9989742636680603 -0.03850908949971199 0.02381943166255951 -1.9793063402175903
-0.0388154536485672 0.9992456436157227 0.0011635618284344673 -0.02140059508383274 -0.02363453432917595 0.00024608723470009863 -0.999720573425293 -0.6703335046768188 -0.9989668130874634 -0.0388321615755558 0.02360720746219158 -1.9792238473892212
-0.03878328204154968 0.9992468953132629 0.0011558731785044074 -0.021390242502093315 -0.023634091019630432 0.00023917280486784875 -0.999720573425293 -0.6703358888626099 -0.9989680647850037 -0.038799818605184555 0.023607071489095688 -1.9792205095291138
-0.039206892251968384 0.999229907989502 0.001519625075161457 -0.02155521884560585 -0.02305001951754093 0.0006160259363241494 -0.9997340440750122 -0.6701462268829346 -0.9989651441574097 -0.039231546223163605 0.02300816960632801 -1.9786803722381592
-0.03999193757772446 0.9991986751556396 0.0015817346284165978 -0.02124314196407795 -0.022316405549645424 0.0006894666003063321 -0.9997506737709045 -0.6702772378921509 -0.998950719833374 -0.04001731798052788 0.02227100543677807 -1.9779990911483765
-0.03931562602519989 0.9992263317108154 0.0009710259619168937 -0.02166767790913582 -0.02239457704126835 9.044571197591722e-05 -0.9997491836547852 -0.6701716780662537 -0.9989758133888245 -0.03932756185531616 0.022373748943209648 -1.9781029224395752
-0.040052443742752075 0.9991971254348755 0.0008779456838965416 -0.021244622766971588 -0.021697355434298515 8.76410831551766e-06 -0.9997645616531372 -0.6702784895896912 -0.9989619255065918 -0.04006211459636688 0.02167963981628418 -1.9777590036392212
-0.040076758712530136 0.9991962313652039 0.0007691687205806375 -0.021181240677833557 -0.021627750247716904 -9.780981054063886e-05 -0.9997660517692566 -0.6701799035072327 -0.9989624619483948 -0.04008407145738602 0.02161434292793274 -1.9776926040649414
-0.039430439472198486 0.9992200136184692 0.0021289752330631018 -0.021548813208937645 -0.02217661589384079 0.0012550451792776585 -0.9997532367706299 -0.6702048778533936 -0.9989761710166931 -0.03946797549724579 0.02210988476872444 -1.9788609743118286
-0.03918331861495972 0.9992289543151855 0.0024627065286040306 -0.021458875387907028 -0.022797882556915283 0.0015700273215770721 -0.9997388124465942 -0.670189380645752 -0.9989718794822693 -0.03922928497195244 0.02271883934736252 -1.9798107147216797
-0.039203934371471405 0.9992281198501587 0.0024600792676210403 -0.02146664820611477 -0.02278117649257183 0.0015675859758630395 -0.9997391700744629 -0.6701684594154358 -0.9989714622497559 -0.039249807596206665 0.02270219288766384 -1.979913353919983
-0.039390191435813904 0.9992190599441528 0.003093923907727003 -0.02131100371479988 -0.022823546081781387 0.0021958514116704464 -0.999737024307251 -0.6703198552131653 -0.9989631772041321 -0.039450503885746 0.022719282656908035 -1.9799937009811401
-0.0392051562666893 0.9992263913154602 0.003068764228373766 -0.021395636722445488 -0.022964442148804665 0.002169351326301694 -0.9997338652610779 -0.6704332828521729 -0.9989672303199768 -0.03926524892449379 0.022861681878566742 -1.9800769090652466
-0.04010140523314476 0.9991878867149353 0.0039231060072779655 -0.021210504695773125 -0.022214598953723907 0.003033797023817897 -0.9997485876083374 -0.6703541278839111 -0.9989485740661621 -0.04017852619290352 0.022074952721595764 -1.97897207736969
-0.04010631889104843 0.9991875290870667 0.003960827831178904 -0.02120194397866726 -0.02222740650177002 0.003070916049182415 -0.999748170375824 -0.6703837513923645 -0.9989480972290039 -0.04018431156873703 0.022086238488554955 -1.9789278507232666
-0.0400768518447876 0.999189019203186 0.003871004329994321 -0.02138972468674183 -0.022383101284503937 0.002975436160340905 -0.9997450113296509 -0.6701763868331909 -0.9989458322525024 -0.04015333205461502 0.022245757281780243 -1.979004144668579
-0.039594683796167374 0.9992124438285828 0.002575209364295006 -0.021624522283673286 -0.022384008392691612 0.0016896534943953156 -0.9997479915618896 -0.6702619194984436 -0.9989650249481201 -0.03964240103960037 0.02229953370988369 -1.9785981178283691
-0.039115991443395615 0.9992326498031616 0.0019862246699631214 -0.02174180932343006 -0.02220933511853218 0.001117901410907507 -0.9997526407241821 -0.670211911201477 -0.9989877939224243 -0.039150483906269073 0.0221486184746027 -1.9789375066757202
-0.03863245248794556 0.9992529153823853 0.0010171791072934866 -0.021831564605236053 -0.02181931771337986 0.000174183544004336 -0.9997618794441223 -0.6702145338058472 -0.999015212059021 -0.03864549845457077 0.021796341985464096 -1.9788378477096558
-0.03860320895910263 0.9992543458938599 0.000647370470687747 -0.02163928747177124 -0.022105280309915543 -0.00020622604642994702 -0.9997555613517761 -0.6701377630233765 -0.9990100264549255 -0.038608137518167496 0.02209681272506714 -1.9792454242706299
-0.03986717015504837 0.9992049336433411 4.8323247028747573e-05 -0.02120187319815159 -0.02014007605612278 -0.0007551645394414663 -0.9997968077659607 -0.6706639528274536 -0.9990019202232361 -0.03986009582877159 0.020154224708676338 -1.9781818389892578
-0.039850007742643356 0.9992055892944336 3.489554728730582e-05 -0.02115608938038349 -0.0201343335211277 -0.0007680247072130442 -0.9997969269752502 -0.6707192063331604 -0.9990027546882629 -0.039842672646045685 0.020148999989032745 -1.9780739545822144
-0.039512548595666885 0.999218761920929 0.0007232611533254385 -0.021423697471618652 -0.02070661634206772 -9.508916991762817e-05 -0.9997855424880981 -0.6706331968307495 -0.9990044236183167 -0.03951910510659218 0.020694252103567123 -1.9790290594100952
-0.038290269672870636 0.9992666244506836 -2.9780003387713805e-05 -0.021707026287913322 -0.02127760462462902 -0.0008450680179521441 -0.9997732043266296 -0.6705162525177002 -0.9990400671958923 -0.03828100487589836 0.02129441313445568 -1.980153203010559
-0.038312140852212906 0.9992657899856567 3.995207589468919e-05 -0.021491186693310738 -0.021194208413362503 -0.000772569386754185 -0.9997750520706177 -0.6707978248596191 -0.999040961265564 -0.03830442205071449 0.021208301186561584 -1.9799262285232544
-0.038010016083717346 0.9992772340774536 -0.0004252683138474822 -0.021746201440691948 -0.021067772060632706 -0.0012267964193597436 -0.9997772574424744 -0.6707072257995605 -0.9990552067756653 -0.03799264132976532 0.021099230274558067 -1.9802145957946777
-0.03808484226465225 0.9992743730545044 -0.0003770645707845688 -0.02159331738948822 -0.021589485928416252 -0.0012000291608273983 -0.9997661709785461 -0.6705248951911926 -0.9990411996841431 -0.03806784749031067 0.021619578823447227 -1.9809547662734985
-0.03763284906744957 0.9992912411689758 -0.0008242411422543228 -0.021628955379128456 -0.02175586298108101 -0.0016438949387520552 -0.9997619390487671 -0.6706529855728149 -0.9990547299385071 -0.03760601207613945 0.02180236205458641 -1.9810020923614502
-0.03733931481838226 0.9993014335632324 -0.0015277109341695905 -0.02161887101829052 -0.021677862852811813 -0.0023383675143122673 -0.999762237071991 -0.670840322971344 -0.9990674257278442 -0.03729737177491188 0.021750086918473244 -1.9808579683303833
-0.037398211658000946 0.9992992281913757 -0.001527710584923625 -0.021683618426322937 -0.021775349974632263 -0.002343295142054558 -0.999760091304779 -0.6706479787826538 -0.9990631341934204 -0.03735602647066116 0.021847780793905258 -1.9805974960327148
-0.03735624626278877 0.9993007779121399 -0.0015240195207297802 -0.0216810442507267 -0.021800098940730095 -0.0023396085016429424 -0.9997595548629761 -0.6706399321556091 -0.9990641474723816 -0.03731409087777138 0.02187230810523033 -1.9806047677993774
-0.03807913511991501 0.9992745518684387 -0.000544272712431848 -0.021729690954089165 -0.021454036235809326 -0.0013620358658954501 -0.999768853187561 -0.6703852415084839 -0.9990443587303162 -0.03805870935320854 0.021490391343832016 -1.979998230934143
-0.0380701906979084 0.9992748498916626 -0.0005743459914810956 -0.021752502769231796 -0.02141510881483555 -0.0013904490042477846 -0.9997696280479431 -0.6703577637672424 -0.9990454912185669 -0.03804917633533478 0.021452568471431732 -1.9799691438674927
-0.03832777962088585 0.999265193939209 8.831728337099776e-06 -0.021469563245773315 -0.021572504192590714 -0.0008185478509403765 -0.9997668862342834 -0.6706856489181519 -0.9990322589874268 -0.03831908851861954 0.021588079631328583 -1.9800798892974854
-0.03829100355505943 0.999266505241394 0.00041504050022922456 -0.02156427688896656 -0.021668484434485435 -0.00041501919622533023 -0.9997650980949402 -0.6704375147819519 -0.9990316033363342 -0.03829105198383331 0.021668536588549614 -1.9803436994552612
-0.0383068285882473 0.9992659091949463 0.00026378859183751047 -0.02161775901913643 -0.021738674491643906 -0.0005693812272511423 -0.9997634887695312 -0.6703799962997437 -0.9990294575691223 -0.03830355778336525 0.021744580939412117 -1.9802035093307495
-0.038765888661146164 0.9992480278015137 0.000663608021568507 -0.021488113328814507 -0.021545827388763428 -0.00017186820332426578 -0.9997677803039551 -0.670502245426178 -0.9990159273147583 -0.038771238178014755 0.021536342799663544 -1.9797016382217407
-0.0387728251516819 0.9992474913597107 0.0009858646662905812 -0.021695207804441452 -0.021657321602106094 0.0001460779458284378 -0.9997653961181641 -0.6703001856803894 -0.9990132451057434 -0.03878513351082802 0.02163541503250599 -1.9799919128417969
-0.03838123753666878 0.9992631077766418 -8.094590157270432e-05 -0.021694151684641838 -0.021578283980488777 -0.000909748487174511 -0.9997667074203491 -0.6704525351524353 -0.9990301132202148 -0.03837059065699577 0.021597355604171753 -1.9799038171768188
-0.03903883695602417 0.9992374181747437 0.0006666997214779258 -0.021378854289650917 -0.021541357040405273 -0.00017448737344238907 -0.9997678995132446 -0.670562207698822 -0.9990054368972778 -0.03904419019818306 0.02153179608285427 -1.979767084121704
-0.03900449723005295 0.9992387294769287 0.0006784050492569804 -0.02135610580444336 -0.0215448085218668 -0.00016217010852415115 -0.9997678399085999 -0.6705751419067383 -0.9990066885948181 -0.03901010751724243 0.021534787490963936 -1.9797282218933105
-0.03902522474527359 0.9992376565933228 0.0009978278540074825 -0.02161180041730404 -0.021669048815965652 0.00015212020662147552 -0.999765157699585 -0.6704995632171631 -0.9990031719207764 -0.039037734270095825 0.021646646782755852 -1.9800513982772827
-0.03959883749485016 0.9992146492004395 0.0013654580106958747 -0.021327568218111992 -0.021546239033341408 0.0005123873706907034 -0.9997676610946655 -0.6705672144889832 -0.9989832639694214 -0.03961911052465439 0.02150908298790455 -1.9798656702041626
-0.03965049982070923 0.9992121458053589 0.001685215742327273 -0.021572114899754524 -0.02162095718085766 0.0008282421622425318 -0.9997658729553223 -0.6703681349754333 -0.9989796280860901 -0.039677705615758896 0.021571137011051178 -1.980272889137268
-0.03954123333096504 0.9992166757583618 0.0015471100341528654 -0.021625183522701263 -0.021844735369086266 0.0006835582898929715 -0.9997611045837402 -0.6703523397445679 -0.9989790916442871 -0.039565637707710266 0.021800648421049118 -1.9804103374481201
-0.03928578644990921 0.9992278218269348 0.0005501458654180169 -0.021944165229797363 -0.021786293014883995 -0.0003060625749640167 -0.9997625350952148 -0.6705347895622253 -0.9989904165267944 -0.03928849846124649 0.021781548857688904 -1.9799810647964478
-0.03948415815830231 0.9992196559906006 0.0009707494755275548 -0.021523628383874893 -0.02132689394056797 0.00012860471906606108 -0.9997724890708923 -0.6708014011383057 -0.9989925026893616 -0.03949593007564545 0.021305229514837265 -1.9792230129241943
-0.03928288817405701 0.9992280602455139 0.00011792723671533167 -0.02147611975669861 -0.02132529765367508 -0.0007203246932476759 -0.9997722506523132 -0.670781672000885 -0.9990004897117615 -0.03927651047706604 0.02133718691766262 -1.9791767597198486
-0.03978823497891426 0.9992080330848694 0.00031683346605859697 -0.02133222483098507 -0.020952217280864716 -0.0005172472447156906 -0.9997802972793579 -0.6709177494049072 -0.9989883899688721 -0.03978618234395981 0.020956259220838547 -1.9786349534988403
-0.03995756059885025 0.999200701713562 0.0011100766714662313 -0.021505361422896385 -0.020877636969089508 0.00027588597731664777 -0.9997819662094116 -0.6706942915916443 -0.9989832043647766 -0.039972078055143356 0.020849980413913727 -1.9787534475326538
-0.039661798626184464 0.9992124438285828 0.0011305582011118531 -0.02164583094418049 -0.021314125508069992 0.00028521966305561364 -0.9997727274894714 -0.6703775525093079 -0.998985767364502 -0.039676934480667114 0.02128608152270317 -1.9793262481689453
-0.039632800966501236 0.9992138743400574 0.0008799269562587142 -0.021539118140935898 -0.020977536216378212 4.842302587348968e-05 -0.9997798800468445 -0.6704842448234558 -0.9989940524101257 -0.039642591029405594 0.02095918171107769 -1.9790512323379517
-0.039438582956790924 0.9992218613624573 0.00035103378468193114 -0.021269304677844048 -0.020598813891410828 -0.000461737799923867 -0.9997876882553101 -0.67072993516922 -0.9990096092224121 -0.039437491446733475 0.020601050928235054 -1.9783881902694702
-0.039323993027210236 0.999226450920105 0.0001280385913560167 -0.021658025681972504 -0.020721498876810074 -0.0006873224047012627 -0.9997850060462952 -0.6704671382904053 -0.9990115761756897 -0.03931824117898941 0.02073255367577076 -1.9790068864822388
-0.03931058943271637 0.999226987361908 -0.00014768731489311904 -0.021538157016038895 -0.020758461207151413 -0.0009643780649639666 -0.999783992767334 -0.6703197360038757 -0.9990113377571106 -0.03929908946156502 0.020780378952622414 -1.9792031049728394
-0.03910256177186966 0.9992351531982422 0.00021022142027504742 -0.021666498854756355 -0.021270543336868286 -0.0006219844799488783 -0.9997735023498535 -0.6702670454978943 -0.9990087151527405 -0.03909823298454285 0.02127864956855774 -1.9797552824020386
-0.03937070444226265 0.9992241859436035 0.000961974379606545 -0.021302344277501106 -0.021470243111252785 0.00011659473238978535 -0.9997694492340088 -0.6705957055091858 -0.9989939332008362 -0.03938233479857445 0.021449048072099686 -1.980234980583191
-0.039378583431243896 0.9992243051528931 0.00015143370546866208 -0.021303094923496246 -0.02108301781117916 -0.0006792960339225829 -0.9997774362564087 -0.6709206700325012 -0.9990018606185913 -0.039373062551021576 0.021093467250466347 -1.9792243242263794
-0.03943698853254318 0.9992219805717468 -1.797923687263392e-06 -0.021185407415032387 -0.021167265251278877 -0.0008371717995032668 -0.9997755289077759 -0.6709503531455994 -0.9989978075027466 -0.03942815214395523 0.021183867007493973 -1.9793587923049927
-0.03969915583729744 0.9992112517356873 0.0008440383244305849 -0.021505683660507202 -0.021437114104628563 -7.146441930672154e-06 -0.9997701644897461 -0.6704232096672058 -0.9989816546440125 -0.039708178490400314 0.021420544013381004 -1.979549765586853
-0.039703648537397385 0.9992110729217529 0.0008342662476934493 -0.021521611139178276 -0.021424906328320503 -1.653507752052974e-05 -0.9997704029083252 -0.6704045534133911 -0.9989817142486572 -0.03971245884895325 0.021408716216683388 -1.9795631170272827
-0.03950328007340431 0.9992192387580872 0.0005931189516559243 -0.021580975502729416 -0.02149174176156521 -0.00025616216589696705 -0.9997689127922058 -0.670329213142395 -0.9989882111549377 -0.039506953209638596 0.021485134959220886 -1.9795745611190796
-0.03962951526045799 0.999214231967926 0.0005903794663026929 -0.021427584812045097 -0.021437080577015877 -0.0002594510151538998 -0.9997701048851013 -0.6703607439994812 -0.9989843964576721 -0.03963311389088631 0.021430572494864464 -1.9791264533996582
-0.03963237628340721 0.9992141127586365 0.0005928954924456775 -0.021427255123853683 -0.021435506641864777 -0.0002569325442891568 -0.9997701644897461 -0.6703487038612366 -0.9989843368530273 -0.039636027067899704 0.021428897976875305 -1.9791167974472046
-0.039831798523664474 0.9992054104804993 0.001346058794297278 -0.021567901596426964 -0.021232977509498596 0.0005004553240723908 -0.9997743964195251 -0.6702167391777039 -0.998980700969696 -0.03985144570469856 0.02119622752070427 -1.9793083667755127
-0.040014538913965225 0.9991986751556396 0.0008736871532164514 -0.021415285766124725 -0.020655391737818718 4.707273546955548e-05 -0.9997866153717041 -0.6704407930374146 -0.9989855289459229 -0.04002409800887108 0.020637011155486107 -1.9789389371871948
-0.040054988116025925 0.9991971850395203 0.0007071200525388122 -0.02130797505378723 -0.02076587826013565 -0.00012485946353990585 -0.9997842907905579 -0.670375406742096 -0.9989815950393677 -0.04006108641624451 0.020754262804985046 -1.9790959358215332
-0.0395730659365654 0.9992165565490723 0.00041536122444085777 -0.02177465707063675 -0.020908717066049576 -0.0004124245315324515 -0.9997812509536743 -0.6703263521194458 -0.9989978671073914 -0.039573147892951965 0.020908711478114128 -1.9795281887054443
-0.03946245089173317 0.9992207884788513 0.0006622925866395235 -0.021541040390729904 -0.021248312667012215 -0.00017645471962168813 -0.999774158000946 -0.670215904712677 -0.9989950656890869 -0.03946766257286072 0.021238774061203003 -1.9800704717636108
-0.03942098096013069 0.999222457408905 0.0005773347802460194 -0.021495630964636803 -0.021341834217309952 -0.0002642680483404547 -0.9997721314430237 -0.6702156662940979 -0.9989947080612183 -0.03942437097430229 0.02133571356534958 -1.980154037475586
-0.040105536580085754 0.9991945028305054 0.0013467168901115656 -0.021186500787734985 -0.02071204036474228 0.0005162263987585902 -0.999785304069519 -0.6704729199409485 -0.998980700969696 -0.04012487083673477 0.020674707368016243 -1.9796305894851685
-0.04054546728730202 0.9991762638092041 0.0016570879379287362 -0.021046649664640427 -0.020421572029590607 0.000829472963232547 -0.9997910857200623 -0.670526385307312 -0.9989688992500305 -0.04057088866829872 0.020371174439787865 -1.979035496711731
-0.04039490595459938 0.9991831183433533 0.0011114017106592655 -0.021714182570576668 -0.020370634272694588 0.0002885871799662709 -0.9997923970222473 -0.6703321933746338 -0.9989760518074036 -0.040409211069345474 0.0203423909842968 -1.9790316820144653
-0.04047741740942001 0.9991800785064697 0.000800902780611068 -0.02179902419447899 -0.020538566634058952 -3.058915172005072e-05 -0.9997889995574951 -0.670085072517395 -0.998969316482544 -0.04048537835478783 0.02052301913499832 -1.9795655012130737
-0.04044413939118385 0.9991813898086548 0.0008277892484329641 -0.02183971367776394 -0.02052084542810917 -2.2846866158943158e-06 -0.9997893571853638 -0.6700364351272583 -0.9989709854125977 -0.040452662855386734 0.020504195243120193 -1.9795945882797241
-0.04010089114308357 0.9991949796676636 0.0010894146980717778 -0.021617937833070755 -0.02076834812760353 0.00025660713436082006 -0.9997842311859131 -0.6701170802116394 -0.9989797472953796 -0.04011491686105728 0.02074139378964901 -1.9800397157669067
-0.04018031060695648 0.9991917610168457 0.0011153677478432655 -0.021343961358070374 -0.020820384845137596 0.0002788319543469697 -0.9997831583023071 -0.6703898310661316 -0.9989754557609558 -0.04019487276673317 0.020792407914996147 -1.9796984195709229
-0.040185362100601196 0.9991915822029114 0.0011265984503552318 -0.021310219541192055 -0.02076961286365986 0.00029200728749856353 -0.9997841715812683 -0.6704046130180359 -0.9989762902259827 -0.040200140327215195 0.020741140469908714 -1.9797171354293823
-0.040123555809259415 0.9991933703422546 0.001631390885449946 -0.02151673100888729 -0.02068343013525009 0.0008018455700948834 -0.9997857213020325 -0.6705570816993713 -0.9989805817604065 -0.04014875367283821 0.02063462696969509 -1.9790644645690918
-0.040118999779224396 0.9991937279701233 0.0014900777023285627 -0.021524548530578613 -0.020744945853948593 0.0006580709596164525 -0.999784529209137 -0.6705435514450073 -0.9989795088768005 -0.04014131799340248 0.020701874047517776 -1.978918194770813
-0.03920364752411842 0.9992311596870422 0.00012775658979080617 -0.021677205339074135 -0.020718257874250412 -0.0006849784986115992 -0.9997850656509399 -0.670453667640686 -0.9990164041519165 -0.03919792175292969 0.02072923630475998 -1.979430913925171
-0.039242181926965714 0.9992296695709229 0.00011334072769386694 -0.021671997383236885 -0.020714109763503075 -0.0007000394398346543 -0.9997851252555847 -0.6704519987106323 -0.9990149736404419 -0.039236150681972504 0.020725678652524948 -1.9794150590896606
-0.03952004387974739 0.9992187023162842 0.0003195667522959411 -0.021395234391093254 -0.02065349370241165 -0.0004970665322616696 -0.9997864961624146 -0.6705219745635986 -0.9990052580833435 -0.03951825946569443 0.02065705507993698 -1.97934091091156
-0.03938857093453407 0.9992238879203796 -2.165596561098937e-05 -0.021565154194831848 -0.020782291889190674 -0.000840838358271867 -0.9997836351394653 -0.6704527735710144 -0.9990077614784241 -0.039379652589559555 0.020799336954951286 -1.9793272018432617
-0.03927985951304436 0.9992281794548035 1.595388494024519e-05 -0.021501565352082253 -0.020680781453847885 -0.0007969525759108365 -0.9997857809066772 -0.6704027652740479 -0.999014139175415 -0.03927182778716087 0.020696179941296577 -1.9793981313705444
-0.03943014144897461 0.9992219805717468 0.000788930687122047 -0.02148742787539959 -0.020689981058239937 -2.701786252146121e-05 -0.9997859001159668 -0.6704391837120056 -0.999008059501648 -0.03943807631731033 0.02067500166594982 -1.9793176651000977
-0.0391240157186985 0.9992342591285706 -0.00025353510864079 -0.021660832688212395 -0.020503027364611626 -0.0010564010590314865 -0.9997891783714294 -0.6704326272010803 -0.9990239143371582 -0.03911062330007553 0.02052871137857437 -1.979026198387146
-0.03964166343212128 0.9992138743400574 0.00027874388615600765 -0.0214010588824749 -0.020477453246712685 -0.0005334439338184893 -0.9997901320457458 -0.6703490614891052 -0.999004065990448 -0.039639104157686234 0.020482556894421577 -1.979214072227478
-0.039622962474823 0.9992146492004395 6.86222265358083e-05 -0.021345878019928932 -0.020454956218600273 -0.0007424108916893601 -0.9997904300689697 -0.6703077554702759 -0.9990052580833435 -0.039616119116544724 0.02046836167573929 -1.9791135787963867
-0.04040125757455826 0.9991828203201294 0.0011254313867539167 -0.02137898840010166 -0.02011638693511486 0.00031278206733986735 -0.999797523021698 -0.6704288721084595 -0.9989809393882751 -0.040415771305561066 0.020087366923689842 -1.9791349172592163
-0.03992278873920441 0.9992027282714844 -0.00016474651056341827 -0.02151433378458023 -0.019849319010972977 -0.0009578674798831344 -0.9998024702072144 -0.6705783605575562 -0.9990055561065674 -0.03991168364882469 0.01987178809940815 -1.9790172576904297
-0.03980855271220207 0.9992072582244873 0.00017196113185491413 -0.02173493802547455 -0.020028792321681976 -0.0006258364883251488 -0.9997991323471069 -0.6702914237976074 -0.9990065097808838 -0.03980405628681183 0.020037883892655373 -1.9792892932891846
-0.039593406021595 0.9992156028747559 -0.0006732705514878035 -0.021846825256943703 -0.019914180040359497 -0.0014627035707235336 -0.9998005628585815 -0.6703584790229797 -0.9990173578262329 -0.039572156965732574 0.019956527277827263 -1.9792052507400513
-0.03950457274913788 0.9992192387580872 -0.00037577268085442483 -0.021832680329680443 -0.020218105986714363 -0.001175270532257855 -0.9997948408126831 -0.6704080700874329 -0.9990147948265076 -0.03948892652988434 0.02024880424141884 -1.9794540405273438
-0.039700113236904144 0.9992115497589111 -0.00033866873127408326 -0.021518602967262268 -0.019751794636249542 -0.0011235865531489253 -0.9998042583465576 -0.6707433462142944 -0.9990163445472717 -0.03968570753931999 0.019780881702899933 -1.978713035583496
-0.03976648673415184 0.9992088675498962 -0.0003470834926702082 -0.021549919620156288 -0.019290555268526077 -0.0011149680940434337 -0.9998132586479187 -0.6707406044006348 -0.9990227222442627 -0.03975242003798485 0.01931968703866005 -1.978434681892395
-0.039734069257974625 0.9992101192474365 -0.0004238958063069731 -0.021409321576356888 -0.019382139667868614 -0.0011948405299335718 -0.9998114109039307 -0.6708118915557861 -0.9990222454071045 -0.03971841186285019 0.01941435970366001 -1.9789398908615112
-0.03927440941333771 0.9992279410362244 -0.0009902436286211014 -0.0213319119066 -0.019642604514956474 -0.001762813306413591 -0.9998054504394531 -0.6710205078125 -0.9990352988243103 -0.03924737125635147 0.019696727395057678 -1.9791429042816162
-0.0391828790307045 0.9992306232452393 -0.00165807013399899 -0.02116335742175579 -0.019510269165039062 -0.002424032660201192 -0.9998066425323486 -0.6712127327919006 -0.9990414977073669 -0.03914300724864006 0.019590293988585472 -1.9785386323928833
-0.03922674059867859 0.9992300868034363 -0.0006421384168788791 -0.02134241722524166 -0.019710775464773178 -0.0014162425650283694 -0.999804675579071 -0.6710007786750793 -0.9990358352661133 -0.039206475019454956 0.019751209765672684 -1.9787355661392212
-0.03902720659971237 0.9992380142211914 -0.00043833558447659016 -0.021606741473078728 -0.02032020501792431 -0.0012321742251515388 -0.9997926950454712 -0.670587420463562 -0.9990314841270447 -0.03901026397943497 0.020352864637970924 -1.9798098802566528
-0.03908488154411316 0.9992356896400452 -0.0005410465528257191 -0.021514786407351494 -0.02043667994439602 -0.001340672723017633 -0.9997901916503906 -0.6704782247543335 -0.9990268349647522 -0.03906567767262459 0.02047351561486721 -1.9800055027008057
-0.03902231901884079 0.9992377161979675 -0.0010461666388437152 -0.021442443132400513 -0.01996242068707943 -0.001826278050430119 -0.9997990131378174 -0.6706787943840027 -0.9990388751029968 -0.03899364545941353 0.020018523558974266 -1.9789113998413086
-0.039002202451229095 0.9992390871047974 -0.00015828479081392288 -0.021302543580532074 -0.020196586847305298 -0.0009466338087804615 -0.9997955560684204 -0.6705926656723022 -0.9990349411964417 -0.03899108245968819 0.020218193531036377 -1.9792301654815674
-0.039073482155799866 0.9992361068725586 0.0005996158579364419 -0.021567001938819885 -0.020319780334830284 -0.00019457089365459979 -0.9997934699058533 -0.6702404022216797 -0.9990296363830566 -0.039077650755643845 0.020311914384365082 -1.9792454242706299
-0.03962878882884979 0.999214231967926 0.0006076862337067723 -0.021321013569831848 -0.02013852261006832 -0.00019060175691265613 -0.9997971057891846 -0.6701730489730835 -0.9990114569664001 -0.03963303938508034 0.020130306482315063 -1.9788818359375
-0.03923691436648369 0.9992298483848572 0.0002797774795908481 -0.021823052316904068 -0.02018694207072258 -0.0005126975011080503 -0.9997960329055786 -0.669990062713623 -0.9990259408950806 -0.03923461213707924 0.02019156701862812 -1.9795989990234375
-0.0390898697078228 0.9992355108261108 0.000531995901837945 -0.021632475778460503 -0.020624378696084023 -0.0002744810772128403 -0.9997872114181519 -0.6700860857963562 -0.9990227818489075 -0.03909257426857948 0.02061939425766468 -1.9800750017166138
-0.039288390427827835 0.99922776222229 0.00043866809573955834 -0.021609582006931305 -0.020747166126966476 -0.0003767898306250572 -0.9997846484184265 -0.66997891664505 -0.9990124702453613 -0.03928908333182335 0.020746001973748207 -1.9801725149154663
-0.03933225944638252 0.9992260336875916 0.0004703823651652783 -0.021509958431124687 -0.020823389291763306 -0.000348970468621701 -0.9997830390930176 -0.6701034903526306 -0.9990091323852539 -0.03933357447385788 0.02082105353474617 -1.9802640676498413
-0.03931282460689545 0.9992266893386841 0.0006025931215845048 -0.021570716053247452 -0.021254505962133408 -0.00023324790527112782 -0.9997740387916565 -0.6702334880828857 -0.9990008473396301 -0.039316803216934204 0.021247295662760735 -1.9805546998977661
-0.039270851761102676 0.9992284178733826 0.00046236204798333347 -0.02162645384669304 -0.021149931475520134 -0.0003685514093376696 -0.9997761845588684 -0.6702870726585388 -0.9990046620368958 -0.039271894842386246 0.021148141473531723 -1.9805558919906616
-0.039560716599226 0.999216616153717 0.0010178429074585438 -0.02146098203957081 -0.02110200934112072 0.00018299926887266338 -0.9997772574424744 -0.6704633831977844 -0.9989942908287048 -0.03957343474030495 0.021078292280435562 -1.9799036979675293
-0.03899215906858444 0.999239444732666 3.662269591586664e-05 -0.021705152466893196 -0.02069336362183094 -0.0007707999902777374 -0.9997855424880981 -0.6707471013069153 -0.9990251660346985 -0.03898460417985916 0.020707735791802406 -1.9796838760375977
-0.03919017314910889 0.9992315173149109 0.0006666499539278448 -0.021655932068824768 -0.02055719494819641 -0.0001391877158312127 -0.9997886419296265 -0.6707561016082764 -0.9990202188491821 -0.03919564560055733 0.02054690569639206 -1.9793765544891357
-0.0389196053147316 0.9992421865463257 0.00040282533154822886 -0.021395117044448853 -0.02107652835547924 -0.0004178207600489259 -0.9997777342796326 -0.6708470582962036 -0.999019980430603 -0.03891949728131294 0.021076872944831848 -1.979833960533142
-0.03957191854715347 0.9992161393165588 0.001004780875518918 -0.021261760964989662 -0.020567746832966805 0.00019086286192759871 -0.9997884035110474 -0.670942485332489 -0.9990049600601196 -0.039584267884492874 0.020544126629829407 -1.9795469045639038
-0.03943738341331482 0.9992210865020752 0.0013658888638019562 -0.02147218957543373 -0.020895779132843018 0.0005419879453256726 -0.9997814893722534 -0.6706029176712036 -0.9990034699440002 -0.03945735841989517 0.02085818350315094 -1.9799679517745972
-0.04019825905561447 0.9991897344589233 0.0019718629773706198 -0.02136504277586937 -0.020337501540780067 0.0011549077462404966 -0.9997924566268921 -0.6706172823905945 -0.998984694480896 -0.040230073034763336 0.020274652168154716 -1.9797158241271973
-0.04026663675904274 0.9991869926452637 0.0019511518767103553 -0.02133728563785553 -0.020357342436909676 0.001131995115429163 -0.9997920989990234 -0.6706134080886841 -0.9989815354347229 -0.040298037230968475 0.020295264199376106 -1.9797395467758179
-0.04023786634206772 0.999187707901001 0.0021788000594824553 -0.021520551294088364 -0.02061159908771515 0.0013501151697710156 -0.9997866153717041 -0.6704056262969971 -0.9989774823188782 -0.0402742400765419 0.02054058387875557 -1.9800617694854736
-0.04067884013056755 0.9991681575775146 0.0028392267413437366 -0.021338041871786118 -0.020399296656250954 0.0020105328876525164 -0.999789834022522 -0.6704888343811035 -0.9989639520645142 -0.040728263556957245 0.020300596952438354 -1.979736566543579
-0.04070698842406273 0.9991670250892639 0.002834499580785632 -0.02134224958717823 -0.020354565232992172 0.002007055329158902 -0.9997907876968384 -0.6704829335212708 -0.9989637136459351 -0.0407562181353569 0.020255964249372482 -1.9797126054763794
-0.040634069591760635 0.9991704225540161 0.002690548775717616 -0.021299533545970917 -0.01979016326367855 0.0018874781671911478 -0.9998023509979248 -0.6709403991699219 -0.9989780187606812 -0.040679335594177246 0.019697103649377823 -1.9795945882797241
-0.04029654711484909 0.9991865754127502 0.0015089950757101178 -0.021413981914520264 -0.01965046115219593 0.0007174914353527129 -0.9998065829277039 -0.6710782051086426 -0.9989944696426392 -0.040318459272384644 0.019605619832873344 -1.9793933629989624
-0.040174756199121475 0.999190092086792 0.0022564902901649475 -0.021672016009688377 -0.019997647032141685 0.0014538639225065708 -0.9997988939285278 -0.6705670952796936 -0.9989925026893616 -0.04021185636520386 0.019923096522688866 -1.979244351387024
-0.04032238572835922 0.999183177947998 0.002651863032951951 -0.021401533856987953 -0.02020193822681904 0.0018382788402959704 -0.9997941851615906 -0.6701671481132507 -0.9989824295043945 -0.04036771506071091 0.020111365243792534 -1.9790679216384888
-0.040373630821704865 0.9991809725761414 0.002685817191377282 -0.021393857896327972 -0.020187778398394585 0.0018717944622039795 -0.9997944235801697 -0.6701215505599976 -0.9989806413650513 -0.04041960462927818 0.02009572833776474 -1.9790288209915161
-0.040224749594926834 0.999186635017395 0.0028218375518918037 -0.021486064419150352 -0.020571095868945122 0.0019954408053308725 -0.999786376953125 -0.6701352596282959 -0.998978853225708 -0.04027425870299339 0.020474152639508247 -1.979621171951294
-0.04075026139616966 0.9991675615310669 0.0018607454840093851 -0.02129606530070305 -0.019952887669205666 0.0010482112411409616 -0.9998003244400024 -0.6706526279449463 -0.998970091342926 -0.04077930748462677 0.019893618300557137 -1.978672742843628
-0.040633171796798706 0.9991728067398071 0.001601535826921463 -0.021422186866402626 -0.019769299775362015 0.0007986437412910163 -0.9998041987419128 -0.670547604560852 -0.9989784955978394 -0.040656931698322296 0.019720548763871193 -1.9787362813949585
-0.039917223155498505 0.9992024302482605 0.0009861680446192622 -0.021678276360034943 -0.019758885726332664 0.00019746342150028795 -0.999804675579071 -0.6705374717712402 -0.9990075826644897 -0.039928968995809555 0.019735299050807953 -1.979062795639038
-0.03992493823170662 0.9992021322250366 0.0009821552084758878 -0.021728133782744408 -0.01977689564228058 0.00019257573876529932 -0.9998043775558472 -0.6705435514450073 -0.9990068674087524 -0.0399366058409214 0.019753482192754745 -1.9790085554122925
-0.03934111446142197 0.9992257356643677 0.0002409347944194451 -0.021676501259207726 -0.020063485950231552 -0.0005488082533702254 -0.9997984766960144 -0.6703454852104187 -0.9990243315696716 -0.03933807462453842 0.02006959728896618 -1.979620337486267
-0.0395846925675869 0.9992157816886902 0.0008604041067883372 -0.02123662456870079 -0.020228995010256767 5.956647146376781e-05 -0.9997953176498413 -0.6708067059516907 -0.9990113973617554 -0.03959404677152634 0.02021082676947117 -1.9797186851501465
-0.03976918384432793 0.9992077350616455 0.0014670937089249492 -0.021403610706329346 -0.020357010886073112 0.0006577789899893105 -0.9997925162315369 -0.6705408692359924 -0.9990014433860779 -0.03979085013270378 0.0203147791326046 -1.979668378829956
-0.03992514684796333 0.9992000460624695 0.002260595792904496 -0.02152315340936184 -0.020424123853445053 0.0014458926161751151 -0.9997903108596802 -0.6703459024429321 -0.9989938735961914 -0.039962999522686005 0.02035011351108551 -1.9792509078979492
-0.03984219580888748 0.9992021918296814 0.002725779078900814 -0.021334804594516754 -0.020800042897462845 0.001898029469884932 -0.9997817873954773 -0.6704879999160767 -0.9989894032478333 -0.03989025205373764 0.020707881078124046 -1.9798134565353394
-0.0401916466653347 0.9991846680641174 0.003816172480583191 -0.021362826228141785 -0.021050842478871346 0.0029717148281633854 -0.9997739195823669 -0.6707046031951904 -0.9989701509475708 -0.04026294872164726 0.020914295688271523 -1.9801571369171143
-0.04017214477062225 0.9991859197616577 0.0036800021771341562 -0.02145395241677761 -0.02109934389591217 0.0028339193668216467 -0.9997733235359192 -0.6705110669136047 -0.9989699125289917 -0.040240734815597534 0.020968377590179443 -1.9797823429107666
-0.04069085046648979 0.9991646409034729 0.0037579406052827835 -0.02127039059996605 -0.020960019901394844 0.0029066961724311113 -0.9997760653495789 -0.6704756021499634 -0.9989518523216248 -0.04076055809855461 0.020824288949370384 -1.9791851043701172
-0.04070618748664856 0.9991639852523804 0.003775916062295437 -0.02128000557422638 -0.02094362862408161 0.0029250318184494972 -0.999776303768158 -0.6704921722412109 -0.9989515542984009 -0.04077621549367905 0.02080710604786873 -1.9791646003723145
-0.04101277142763138 0.9991509318351746 0.003910216968506575 -0.021343858912587166 -0.021068822592496872 0.003047877922654152 -0.9997733235359192 -0.6704005599021912 -0.9989364147186279 -0.04108591377735138 0.020925985649228096 -1.9787384271621704
-0.04110092669725418 0.9991478323936462 0.0037692314945161343 -0.021261822432279587 -0.02095920778810978 0.0029094740748405457 -0.9997760653495789 -0.6704183220863342 -0.9989351034164429 -0.04117077589035034 0.020821819081902504 -1.9778916835784912
-0.04114571958780289 0.9991459250450134 0.0037880653981119394 -0.02127782627940178 -0.02096872217953205 0.0029269929509609938 -0.999775767326355 -0.6704347133636475 -0.9989330768585205 -0.04121597856283188 0.020830433815717697 -1.9778097867965698
