# 3x4 first row second row third row Freq: 100 current Time: 2020-10-02-13:41:13
-0.033840470016002655 0.9990310668945312 0.028133507817983627 0.0076375859789550304 -0.02534581534564495 0.02728280983865261 -0.9993062615394592 -0.5747394561767578 -0.99910569190979 -0.0345301628112793 0.02439809963107109 -1.9823522567749023
-0.03407073765993118 0.9990150928497314 0.028421437367796898 0.007964340969920158 -0.025021374225616455 0.027576487511396408 -0.9993063807487488 -0.5754919052124023 -0.9991060495376587 -0.03475835546851158 0.024057283997535706 -1.9826116561889648
-0.03386249020695686 0.9990154504776001 0.028656544163823128 0.007832411676645279 -0.02532726526260376 0.02780609391629696 -0.9992923140525818 -0.5751004815101624 -0.9991054534912109 -0.03456442430615425 0.02436085231602192 -1.9833630323410034
-0.033366087824106216 0.9990587830543518 0.027713105082511902 0.00756277097389102 -0.0249196644872427 0.02688840962946415 -0.9993276596069336 -0.5750573873519897 -0.9991323947906494 -0.034034363925457 0.023999152705073357 -1.9827370643615723
-0.03336033970117569 0.9990590214729309 0.027712330222129822 0.007540889084339142 -0.024923933669924736 0.026887625455856323 -0.9993276000022888 -0.5750553011894226 -0.9991324543952942 -0.034028712660074234 0.02400360442698002 -1.9827512502670288
-0.03415662795305252 0.9990248084068298 0.027974849566817284 0.007707701064646244 -0.024650938808918 0.02714061178267002 -0.999327540397644 -0.5749409794807434 -0.9991123080253601 -0.03482337296009064 0.023699970915913582 -1.9821370840072632
-0.03407710790634155 0.9990195631980896 0.028256166726350784 0.007636488880962133 -0.025073183700442314 0.027409210801124573 -0.9993097186088562 -0.574685275554657 -0.9991045594215393 -0.03476216271519661 0.02411467954516411 -1.9826277494430542
-0.0349431112408638 0.9989898800849915 0.028248457238078117 0.007894255220890045 -0.024357223883271217 0.027406124398112297 -0.9993274807929993 -0.5750777721405029 -0.9990923404693604 -0.03560777008533478 0.023375069722533226 -1.9819589853286743
-0.03490911424160004 0.9989727735519409 0.028889043256640434 0.007630523759871721 -0.024674734100699425 0.028036411851644516 -0.9993022084236145 -0.5750041007995605 -0.9990857243537903 -0.03559769317507744 0.02367076463997364 -1.981878638267517
-0.03496125340461731 0.99897301197052 0.028817495331168175 0.0075810314156115055 -0.024761363863945007 0.027960512787103653 -0.9993022084236145 -0.5750423669815063 -0.9990817904472351 -0.03565052151679993 0.023758504539728165 -1.9818633794784546
-0.03501841053366661 0.9989739656448364 0.028713710606098175 0.007585831452161074 -0.024851707741618156 0.027852104976773262 -0.9993029832839966 -0.5749801993370056 -0.9990774989128113 -0.03570769354701042 0.023850977420806885 -1.9819575548171997
-0.03569315746426582 0.9989297389984131 0.02941400371491909 0.0078999362885952 -0.024538274854421616 0.02854795567691326 -0.9992911219596863 -0.575209379196167 -0.9990614056587219 -0.036389727145433426 0.023493150249123573 -1.9823821783065796
-0.03507990390062332 0.9989527463912964 0.0293691698461771 0.007784679066389799 -0.02456076443195343 0.028516734018921852 -0.9992914199829102 -0.5755139589309692 -0.9990825653076172 -0.03577648103237152 0.023534784093499184 -1.982253909111023
-0.03468725457787514 0.9989804029464722 0.028891077265143394 0.007436488755047321 -0.024212613701820374 0.02806006371974945 -0.9993128776550293 -0.5751841068267822 -0.9991047382354736 -0.035363052040338516 0.023214705288410187 -1.9821497201919556
-0.034856438636779785 0.9989804029464722 0.028687279671430588 0.007479097694158554 -0.02408202551305294 0.02785690873861313 -0.999321699142456 -0.5750359892845154 -0.9991020560264587 -0.03552374988794327 0.023086583241820335 -1.9817757606506348
-0.03533371537923813 0.9989492297172546 0.029184481129050255 0.007649351377040148 -0.0240128505975008 0.028345752507448196 -0.9993095993995667 -0.5749938488006592 -0.9990869164466858 -0.03601022809743881 0.022986162453889847 -1.9817630052566528
-0.03490939363837242 0.9989849925041199 0.028462018817663193 0.007528933696448803 -0.02390274591743946 0.027636729180812836 -0.9993321299552917 -0.574924111366272 -0.9991044998168945 -0.035566505044698715 0.02291380800306797 -1.981707215309143
-0.034589629620313644 0.9989941120147705 0.02853279374539852 0.007719803601503372 -0.02426144853234291 0.02770221047103405 -0.9993216395378113 -0.5751338005065918 -0.9991069436073303 -0.035258516669273376 0.023278940469026566 -1.9823005199432373
-0.03472958132624626 0.9989769458770752 0.028959956020116806 0.007799218874424696 -0.02451583929359913 0.028117235749959946 -0.9993038773536682 -0.5749390125274658 -0.9990959167480469 -0.03541548550128937 0.023514363914728165 -1.9824955463409424
-0.03483977168798447 0.9989747405052185 0.028904901817440987 0.007718939334154129 -0.024492807686328888 0.028060387820005417 -0.9993060231208801 -0.5749107003211975 -0.9990926384925842 -0.035523660480976105 0.02349018305540085 -1.982435703277588
-0.03465960547327995 0.9989734292030334 0.02916458249092102 0.007634502369910479 -0.024796660989522934 0.028313638642430305 -0.9992913603782654 -0.5747148990631104 -0.999091386795044 -0.03535833582282066 0.023789970204234123 -1.9827723503112793
-0.03507029265165329 0.9989656209945679 0.0289404708892107 0.007874012924730778 -0.024011071771383286 0.028107784688472748 -0.999316394329071 -0.5751094222068787 -0.9990962743759155 -0.03574131429195404 0.02300059236586094 -1.981991171836853
-0.03483966737985611 0.9989736676216125 0.028940675780177116 0.007945600897073746 -0.024301020428538322 0.028102995827794075 -0.9993094801902771 -0.5752770304679871 -0.9990972876548767 -0.03551900386810303 0.023297086358070374 -1.9823397397994995
-0.03546269237995148 0.9989348649978638 0.029518479481339455 0.008000532165169716 -0.023883383721113205 0.028681589290499687 -0.9993031620979309 -0.5752630233764648 -0.9990854859352112 -0.03614308685064316 0.022840922698378563 -1.9823787212371826
-0.03481367230415344 0.9989827275276184 0.02865750342607498 0.0076055098325014114 -0.02378498949110508 0.027838658541440964 -0.9993293285369873 -0.5750834345817566 -0.9991106390953064 -0.035472046583890915 0.022791733965277672 -1.9820085763931274
-0.0344766229391098 0.9989877939224243 0.028888175264000893 0.007517548277974129 -0.024188125506043434 0.028062919154763222 -0.9993133544921875 -0.5748728513717651 -0.9991126656532288 -0.035151805728673935 0.023196231573820114 -1.98235023021698
-0.034209102392196655 0.9990324378013611 0.027634596452116966 0.00755727244541049 -0.023931503295898438 0.026824109256267548 -0.9993535876274109 -0.5750136971473694 -0.9991280436515808 -0.03484843298792839 0.022990824654698372 -1.9817311763763428
-0.03389164060354233 0.9990612268447876 0.026976987719535828 0.007431528065353632 -0.024165548384189606 0.026165520772337914 -0.9993653893470764 -0.5747795104980469 -0.9991332292556763 -0.034522149711847305 0.023256175220012665 -1.981987476348877
-0.03387925773859024 0.9990618228912354 0.026970917358994484 0.007407000288367271 -0.024166351184248924 0.026159707456827164 -0.999365508556366 -0.5747416615486145 -0.9991335868835449 -0.03450965881347656 0.023257512599229813 -1.981971263885498
-0.03349480405449867 0.9990894198417664 0.026424841955304146 0.007444282062351704 -0.02437555231153965 0.025615286082029343 -0.9993745684623718 -0.5748059153556824 -0.9991415143013 -0.034118082374334335 0.02349548041820526 -1.9824161529541016
-0.03352643549442291 0.9990891814231873 0.026392679661512375 0.007471355609595776 -0.02438083104789257 0.025582188740372658 -0.9993752837181091 -0.5747251510620117 -0.9991403222084045 -0.03414906933903694 0.023501049727201462 -1.982349157333374
-0.03361400216817856 0.9990878105163574 0.026334021240472794 0.007579483557492495 -0.024392925202846527 0.025521039962768555 -0.9993765354156494 -0.5747986435890198 -0.9991370439529419 -0.03423551097512245 0.023512914776802063 -1.9824248552322388
-0.03317857161164284 0.9991315007209778 0.025204144418239594 0.007942784577608109 -0.023672422394156456 0.024425454437732697 -0.999421238899231 -0.5756346583366394 -0.9991689324378967 -0.03375611826777458 0.022841565310955048 -1.9818099737167358
-0.0330079011619091 0.9991475343704224 0.02478880248963833 0.007554762996733189 -0.02406523935496807 0.02400069497525692 -0.9994221329689026 -0.5752870440483093 -0.9991652369499207 -0.033585481345653534 0.023252615705132484 -1.9825857877731323
-0.033141620457172394 0.999130129814148 0.025307323783636093 0.00781391840428114 -0.024366874247789383 0.024506064131855965 -0.9994025826454163 -0.5753015279769897 -0.9991534948348999 -0.03373858332633972 0.023533610627055168 -1.98312509059906
-0.03372012451291084 0.9990891218185425 0.026147620752453804 0.007555399090051651 -0.024061016738414764 0.02534349076449871 -0.999389111995697 -0.5750740766525269 -0.9991415143013 -0.03432876989245415 0.02318461984395981 -1.9819785356521606
-0.0335552878677845 0.9990911483764648 0.026281531900167465 0.0077205840498209 -0.0243177842348814 0.02547248639166355 -0.9993796348571777 -0.5753108263015747 -0.9991408586502075 -0.03417368605732918 0.023441050201654434 -1.9824446439743042
-0.033371452242136 0.9990844130516052 0.026767730712890625 0.007758539170026779 -0.024962207302451134 0.02594120241701603 -0.9993516802787781 -0.5750337839126587 -0.9991311430931091 -0.034018103033304214 0.024073760956525803 -1.9833347797393799
-0.032837167382240295 0.9991229176521301 0.025979451835155487 0.007619336247444153 -0.024901820346713066 0.02516762912273407 -0.9993729591369629 -0.5752317905426025 -0.9991503357887268 -0.03346361592411995 0.024053649976849556 -1.9830249547958374
-0.03288472071290016 0.9991220235824585 0.02595379948616028 0.0075576407834887505 -0.025327036157250404 0.025126561522483826 -0.9993633031845093 -0.5748797655105591 -0.9991381168365479 -0.033521220088005066 0.024478623643517494 -1.9833122491836548
-0.032810911536216736 0.9991441965103149 0.025181058794260025 0.00743671553209424 -0.02534561976790428 0.024354824796319008 -0.999381959438324 -0.574721097946167 -0.9991400241851807 -0.033428966999053955 0.024524930864572525 -1.9833194017410278
-0.032761864364147186 0.9991481900215149 0.025085831061005592 0.007570779882371426 -0.02534649148583412 0.0242607481777668 -0.9993842244148254 -0.5747401714324951 -0.9991416335105896 -0.03337763249874115 0.02453017793595791 -1.9831013679504395
-0.03259260207414627 0.9991671442985535 0.024545282125473022 0.007404025178402662 -0.025108488276600838 0.0237321387976408 -0.9994028806686401 -0.574756383895874 -0.999153196811676 -0.03318954259157181 0.024314189329743385 -1.9829521179199219
-0.03332836925983429 0.9991254210472107 0.02524639293551445 0.007803657092154026 -0.02481909468770027 0.024425361305475235 -0.9993934035301208 -0.5750035643577576 -0.9991361498832703 -0.03393485024571419 0.023983435705304146 -1.9825215339660645
-0.033439476042985916 0.9991185069084167 0.025372792035341263 0.0077284881845116615 -0.02481132745742798 0.024549391120672226 -0.9993906021118164 -0.5750284790992737 -0.9991326332092285 -0.03404873609542847 0.023968642577528954 -1.9823826551437378
-0.03416205942630768 0.9991034865379333 0.02500000037252903 0.007851813919842243 -0.024247528985142708 0.024178767576813698 -0.9994134306907654 -0.5751720666885376 -0.9991220235824585 -0.03474831581115723 0.023399898782372475 -1.9815784692764282
-0.03421756997704506 0.9990975856781006 0.02515779249370098 0.007719216402620077 -0.02423871122300625 0.02433561533689499 -0.9994098544120789 -0.5751522779464722 -0.9991203546524048 -0.034807272255420685 0.02338423766195774 -1.9813668727874756
-0.034630656242370605 0.9990627765655518 0.025963690131902695 0.0077026220969855785 -0.02429880015552044 0.02512998878955841 -0.9993887543678284 -0.5748384594917297 -0.9991046190261841 -0.035240478813648224 0.023405862972140312 -1.981655478477478
-0.034368548542261124 0.9990542531013489 0.026631657034158707 0.007578604854643345 -0.02507312037050724 0.02577718161046505 -0.9993531107902527 -0.5746883749961853 -0.999094545841217 -0.035014159977436066 0.024163587018847466 -1.9827784299850464
-0.03383035957813263 0.9990879893302917 0.026046685874462128 0.007257355377078056 -0.02509024180471897 0.025204477831721306 -0.9993672966957092 -0.5746926069259644 -0.9991124868392944 -0.0344625785946846 0.024214789271354675 -1.9828317165374756
-0.033919379115104675 0.9990872144699097 0.02596074901521206 0.007323455531150103 -0.025045262649655342 0.025117916986346245 -0.9993706345558167 -0.5746793150901794 -0.9991105794906616 -0.034548331052064896 0.0241705235093832 -1.982889175415039
-0.034066978842020035 0.9990751147270203 0.026232365518808365 0.0075800176709890366 -0.02509218081831932 0.025384411215782166 -0.9993627071380615 -0.5748147964477539 -0.999104380607605 -0.03470360115170479 0.024204308167099953 -1.9828943014144897
-0.03412894904613495 0.9990727305412292 0.02624192088842392 0.0075852409936487675 -0.02511809766292572 0.02539156563580036 -0.9993618726730347 -0.5748165249824524 -0.9991016387939453 -0.03476642072200775 0.024228323251008987 -1.982925534248352
-0.034868258982896805 0.9990286231040955 0.026940016075968742 0.007789037190377712 -0.02463388442993164 0.02608916535973549 -0.9993559718132019 -0.5749853849411011 -0.9990881681442261 -0.035509541630744934 0.023700376972556114 -1.9826823472976685
-0.03479583188891411 0.9990332126617432 0.02686360292136669 0.007700232323259115 -0.02468361146748066 0.026012683287262917 -0.999356746673584 -0.5749413371086121 -0.9990894794464111 -0.03543664515018463 0.023754719644784927 -1.982529878616333
-0.034853991121053696 0.9990254640579224 0.02707577869296074 0.007665712386369705 -0.024850202724337578 0.02621762454509735 -0.9993472099304199 -0.5749950408935547 -0.9990832805633545 -0.035504184663295746 0.023912301287055016 -1.9823360443115234
-0.035076502710580826 0.9989861845970154 0.028214000165462494 0.007366594392806292 -0.024992797523736954 0.027345793321728706 -0.999313473701477 -0.5747455358505249 -0.9990719556808472 -0.03575767204165459 0.02400836907327175 -1.9826271533966064
-0.034700848162174225 0.9989970922470093 0.028291361406445503 0.007665280718356371 -0.025342946872115135 0.027419807389378548 -0.9993026256561279 -0.5749422311782837 -0.999076247215271 -0.03539373725652695 0.024366145953536034 -1.9832789897918701
-0.03425746411085129 0.9990090727806091 0.028409218415617943 0.007707522250711918 -0.02581729181110859 0.02753192000091076 -0.9992873668670654 -0.575046718120575 -0.9990794062614441 -0.0349666066467762 0.024848639965057373 -1.9839777946472168
-0.034055110067129135 0.9990261197090149 0.028049934655427933 0.007732512429356575 -0.025282206013798714 0.027196181938052177 -0.9993102550506592 -0.575365424156189 -0.9991000294685364 -0.03474089130759239 0.02433152124285698 -1.983214020729065
-0.0336742103099823 0.9990545511245728 0.027491645887494087 0.007931556552648544 -0.02490990422666073 0.02665982022881508 -0.9993340373039246 -0.5756640434265137 -0.9991222620010376 -0.03433670476078987 0.023988710716366768 -1.982507348060608
-0.03312981501221657 0.9990823268890381 0.027141481637954712 0.00771882850676775 -0.02537914551794529 0.026306772604584694 -0.9993315935134888 -0.575243353843689 -0.9991286993026733 -0.033796604722738266 0.02448442205786705 -1.9832749366760254
-0.03314086049795151 0.9990820288658142 0.027139702811837196 0.007699094712734222 -0.025384780019521713 0.02630453370511532 -0.999331533908844 -0.5751152038574219 -0.9991281628608704 -0.033807747066020966 0.02448982745409012 -1.9832204580307007
-0.03272039443254471 0.9991235136985779 0.02610277384519577 0.0074598174542188644 -0.025113224983215332 0.025286735966801643 -0.9993646740913391 -0.5748236775398254 -0.9991489052772522 -0.0333552360534668 0.024263927713036537 -1.9832550287246704
-0.03368976712226868 0.9990808963775635 0.02649851329624653 0.0076667750254273415 -0.02381254732608795 0.02570372261106968 -0.9993858337402344 -0.5751222968101501 -0.9991484880447388 -0.03430018201470375 0.022924814373254776 -1.9819823503494263
-0.03373103588819504 0.9990807771682739 0.026450052857398987 0.007608380634337664 -0.023794395849108696 0.025654925033450127 -0.9993875622749329 -0.5750483870506287 -0.9991475343704224 -0.034339845180511475 0.022907260805368423 -1.9816945791244507
-0.033557742834091187 0.9990874528884888 0.0264178104698658 0.007576501462608576 -0.024161379784345627 0.025614095851778984 -0.9993797540664673 -0.5747117400169373 -0.9991445541381836 -0.0341753251850605 0.023279884830117226 -1.9821385145187378
-0.03362654149532318 0.9990825057029724 0.02651803568005562 0.00754825072363019 -0.02442804165184498 0.025703607127070427 -0.9993709921836853 -0.5744869709014893 -0.9991357922554016 -0.034253280609846115 0.023541411384940147 -1.9826622009277344
-0.03357270732522011 0.9990954995155334 0.026092389598488808 0.007421808782964945 -0.024380799382925034 0.025280723348259926 -0.9993829131126404 -0.5744996666908264 -0.9991387724876404 -0.034188248217105865 0.02351010963320732 -1.9828966856002808
-0.033431652933359146 0.999097466468811 0.02619875594973564 0.007488580886274576 -0.024612678214907646 0.02538253925740719 -0.9993746876716614 -0.5744747519493103 -0.999137818813324 -0.0340556725859642 0.023741990327835083 -1.9829705953598022
-0.033429984003305435 0.9990976452827454 0.026193970814347267 0.007488170638680458 -0.024630334228277206 0.025377191603183746 -0.9993743896484375 -0.5744398832321167 -0.9991374015808105 -0.03405434265732765 0.023759854957461357 -1.9829792976379395
-0.033855803310871124 0.9990754723548889 0.026490190997719765 0.007740342989563942 -0.024265458807349205 0.02567596361041069 -0.9993757009506226 -0.5746458768844604 -0.999131977558136 -0.03447756916284561 0.02337384968996048 -1.9825831651687622
-0.03379112854599953 0.9990605115890503 0.02713027223944664 0.007782431319355965 -0.02425488643348217 0.026318112388253212 -0.9993592500686646 -0.5747784972190857 -0.9991344213485718 -0.03442762419581413 0.023342885076999664 -1.9823191165924072
-0.034173931926488876 0.9990321397781372 0.0276896134018898 0.00792700331658125 -0.024460554122924805 0.026861514896154404 -0.999339759349823 -0.5752080082893372 -0.9991164207458496 -0.03482877463102341 0.023519020527601242 -1.9830026626586914
-0.0340559296309948 0.9990186095237732 0.028316881507635117 0.007848509587347507 -0.02472999319434166 0.02748238667845726 -0.9993162155151367 -0.5752519369125366 -0.9991137981414795 -0.03473302349448204 0.023769889026880264 -1.9832066297531128
-0.03392094373703003 0.9990296959877014 0.02808602713048458 0.007564134895801544 -0.02501634880900383 0.02724476158618927 -0.999315619468689 -0.5748418569564819 -0.9991112947463989 -0.03460044041275978 0.024068012833595276 -1.9830573797225952
-0.033918723464012146 0.9990282654762268 0.028139228001236916 0.0075395237654447556 -0.025033093988895416 0.027297452092170715 -0.9993137717247009 -0.5748225450515747 -0.9991109371185303 -0.03459996357560158 0.024082979187369347 -1.9830741882324219
-0.03469717502593994 0.9989902973175049 0.0285351499915123 0.007867801003158092 -0.024627774953842163 0.027689089998602867 -0.9993130564689636 -0.5749348402023315 -0.9990942478179932 -0.03537620231509209 0.02364227920770645 -1.9826186895370483
-0.03460942953824997 0.9989888668060303 0.028691459447145462 0.007591224741190672 -0.025020785629749298 0.027833640575408936 -0.9992992877960205 -0.5746300220489502 -0.9990875720977783 -0.03530316427350044 0.024032285436987877 -1.982961654663086
-0.034003354609012604 0.9990313053131104 0.02792876586318016 0.007340432144701481 -0.025143874809145927 0.027081042528152466 -0.9993168711662292 -0.5747700929641724 -0.9991052746772766 -0.034682467579841614 0.024198777973651886 -1.9826489686965942
-0.0338195376098156 0.9990655779838562 0.026907114312052727 0.00739456620067358 -0.025099903345108032 0.026065077632665634 -0.9993450045585632 -0.5748294591903687 -0.999112606048584 -0.03447285667061806 0.024195047095417976 -1.9826065301895142
-0.035095736384391785 0.9989879131317139 0.0281284898519516 0.007799895014613867 -0.02414880506694317 0.02729000337421894 -0.9993357062339783 -0.5750790238380432 -0.9990920424461365 -0.03575179725885391 0.023166706785559654 -1.9818731546401978
-0.03511689975857735 0.9989867210388184 0.028144197538495064 0.00784318521618843 -0.02410375326871872 0.02730683982372284 -0.9993363618850708 -0.5751066207885742 -0.9990924000740051 -0.03577207773923874 0.02312050200998783 -1.9817851781845093
-0.03489897772669792 0.9989882111549377 0.028362246230244637 0.007569197099655867 -0.024584602564573288 0.027512889355421066 -0.9993190169334412 -0.5746888518333435 -0.9990882873535156 -0.035572588443756104 0.023599661886692047 -1.9822216033935547
-0.034600820392370224 0.9990100860595703 0.02795320376753807 0.007438124157488346 -0.023895740509033203 0.02713507041335106 -0.9993460178375244 -0.5750902891159058 -0.9991154074668884 -0.03524626046419144 0.022933294996619225 -1.9816235303878784
-0.0341348834335804 0.9990379214286804 0.027529029175639153 0.00732809491455555 -0.024076178669929504 0.02671518176794052 -0.9993529915809631 -0.5747965574264526 -0.9991270899772644 -0.03477569669485092 0.023141201585531235 -1.9821436405181885
-0.03410341590642929 0.9990389943122864 0.027528591454029083 0.007397959008812904 -0.024037543684244156 0.026716817170381546 -0.9993538856506348 -0.5748606324195862 -0.9991291165351868 -0.03474320471286774 0.023103414103388786 -1.982237696647644
-0.034172460436820984 0.9990520477294922 0.02696429193019867 0.007982366718351841 -0.023839803412556648 0.026157628744840622 -0.9993734359741211 -0.5754472613334656 -0.9991315007209778 -0.034793976694345474 0.022923437878489494 -1.9819703102111816
-0.03407217934727669 0.9990554451942444 0.026963839307427406 0.007768276613205671 -0.023875050246715546 0.026158252730965614 -0.9993725419044495 -0.5753160715103149 -0.9991340637207031 -0.03469466790556908 0.022961335256695747 -1.9820873737335205
-0.03346879407763481 0.9990938901901245 0.026286492124199867 0.00765304546803236 -0.024105234071612358 0.02548673003911972 -0.9993844032287598 -0.5751913189888 -0.9991489052772522 -0.03408193960785866 0.02323048748075962 -1.982748031616211
-0.03330333158373833 0.9990960955619812 0.0264134518802166 0.007589929737150669 -0.024456027895212173 0.025605663657188416 -0.9993728399276733 -0.5749087929725647 -0.9991459250450134 -0.0339285172522068 0.02358127199113369 -1.9833985567092896
-0.03324655443429947 0.9991111755371094 0.025909829884767532 0.007466163020581007 -0.024611853063106537 0.025097962468862534 -0.9993818998336792 -0.5748599767684937 -0.9991440176963806 -0.033863797783851624 0.023755662143230438 -1.9838979244232178
-0.03279677778482437 0.9991431832313538 0.025240294635295868 0.007559017278254032 -0.024549471214413643 0.024441039189696312 -0.999399721622467 -0.5748815536499023 -0.9991604089736938 -0.033396828919649124 0.02372695505619049 -1.9841430187225342
-0.032815005630254745 0.9991453289985657 0.025132356211543083 0.007586603984236717 -0.024740496650338173 0.024326253682374954 -0.9993978142738342 -0.5746442675590515 -0.9991551041603088 -0.03341713547706604 0.023921189829707146 -1.9842300415039062
-0.03297502174973488 0.9991233348846436 0.0257877204567194 0.00785025767982006 -0.024665119126439095 0.024980487301945686 -0.9993835091590881 -0.5749412775039673 -0.9991516470909119 -0.033590853214263916 0.02381986938416958 -1.9838212728500366
-0.03315235301852226 0.9991168975830078 0.025810187682509422 0.007738146930932999 -0.024745648726820946 0.024996012449264526 -0.9993811249732971 -0.5746909379959106 -0.9991438388824463 -0.03377063199877739 0.023895224556326866 -1.983787178993225
-0.03288499265909195 0.9991361498832703 0.025402171537280083 0.007523662410676479 -0.02472209930419922 0.024595078080892563 -0.9993916749954224 -0.5747249126434326 -0.9991532564163208 -0.03349308669567108 0.02389203943312168 -1.983432650566101
-0.03296034038066864 0.999130129814148 0.025542067363858223 0.007578193675726652 -0.024983806535601616 0.024724412709474564 -0.999381959438324 -0.5746660232543945 -0.9991442561149597 -0.033578213304281235 0.02414725348353386 -1.983454942703247
-0.033059123903512955 0.9991282820701599 0.025487368926405907 0.007536621298640966 -0.02498186007142067 0.02466737851500511 -0.9993834495544434 -0.5746456384658813 -0.9991410374641418 -0.03367556631565094 0.02414470538496971 -1.9834121465682983
-0.03310543671250343 0.9991207718849182 0.025719255208969116 0.007606338709592819 -0.02539568953216076 0.024884233251214027 -0.9993675947189331 -0.5745801329612732 -0.999129056930542 -0.03373776376247406 0.024549663066864014 -1.9836652278900146
-0.033124227076768875 0.9991117715835571 0.026042001321911812 0.00762921804562211 -0.025581112131476402 0.025200331583619118 -0.9993549585342407 -0.5745334625244141 -0.9991236925125122 -0.0337691493332386 0.024723753333091736 -1.9838770627975464
-0.03389124572277069 0.9990789890289307 0.026312662288546562 0.007842299528419971 -0.025136051699519157 0.02546747215092182 -0.9993594884872437 -0.5748489499092102 -0.9991092681884766 -0.034531038254499435 0.024249881505966187 -1.9828449487686157
-0.03425942361354828 0.9990509748458862 0.026892144232988358 0.007851324044167995 -0.024867216125130653 0.02604757994413376 -0.9993512630462646 -0.5749362111091614 -0.9991034269332886 -0.03490603715181351 0.023951346054673195 -1.9827115535736084
-0.03428170830011368 0.9990254044532776 0.0278001856058836 0.007825287990272045 -0.025216853246092796 0.026943128556013107 -0.9993187785148621 -0.5749853253364563 -0.9990939497947693 -0.03495949134230614 0.024268725886940956 -1.9832251071929932
-0.03432634100317955 0.9990200996398926 0.02793382853269577 0.007521715015172958 -0.025286518037319183 0.027073286473751068 -0.999313473701477 -0.5748435854911804 -0.9990906119346619 -0.0350092314183712 0.024332519620656967 -1.983243465423584
-0.03469131514430046 0.999001145362854 0.028159765526652336 0.007593051064759493 -0.024960309267044067 0.027301952242851257 -0.9993154406547546 -0.5748315453529358 -0.9990862011909485 -0.03537055104970932 0.02398834191262722 -1.9828144311904907
-0.034715957939624786 0.9989997744560242 0.028178008273243904 0.0075798253528773785 -0.02499018795788288 0.027318550273776054 -0.9993142485618591 -0.5748275518417358 -0.9990846514701843 -0.035396430641412735 0.024016907438635826 -1.9827930927276611
-0.03459212929010391 0.9990047812461853 0.02815399318933487 0.00754839600995183 -0.025340551510453224 0.02728513441979885 -0.999306321144104 -0.5746273398399353 -0.9990801215171814 -0.035281676799058914 0.024371584877371788 -1.9830517768859863
-0.03490776941180229 0.9989840984344482 0.028495492413640022 0.007691592443734407 -0.025280559435486794 0.027621177956461906 -0.999298632144928 -0.5748624205589294 -0.9990706443786621 -0.03560377657413483 0.024290787056088448 -1.9825448989868164
-0.03426164388656616 0.9990293979644775 0.027681101113557816 0.007653797976672649 -0.0253556240350008 0.02681964449584484 -0.999318540096283 -0.5750733613967896 -0.9990910887718201 -0.03494027629494667 0.024412233382463455 -1.9829074144363403
-0.03458221256732941 0.999004065990448 0.028190581128001213 0.00770605867728591 -0.02514500916004181 0.02732887864112854 -0.9993100762367249 -0.5749636292457581 -0.9990853667259216 -0.035267312079668045 0.024174978956580162 -1.982640027999878
-0.03436308726668358 0.9990039467811584 0.028461629524827003 0.007494473364204168 -0.025277404114603996 0.027600666508078575 -0.9992992877960205 -0.5747183561325073 -0.9990895986557007 -0.03505854681134224 0.02430388703942299 -1.9829567670822144
-0.034444309771060944 0.9990009665489197 0.02846771664917469 0.007489664014428854 -0.025229178369045258 0.027606474235653877 -0.9993003606796265 -0.5747190117835999 -0.9990879893302917 -0.035138532519340515 0.02425319328904152 -1.9829998016357422
-0.03400905057787895 0.9990360736846924 0.027750665321946144 0.007346310652792454 -0.025205660611391068 0.026900609955191612 -0.9993202090263367 -0.5747122764587402 -0.9991035461425781 -0.03468551114201546 0.024266604334115982 -1.9831194877624512
-0.03390348702669144 0.9990652799606323 0.02681247889995575 0.007361524738371372 -0.025113435462117195 0.02596791461110115 -0.9993471503257751 -0.5746458172798157 -0.9991094470024109 -0.03455481305718422 0.02420966513454914 -1.983086109161377
-0.03377611190080643 0.9990642070770264 0.027012500911951065 0.007663516793400049 -0.0254440288990736 0.026159685105085373 -0.9993337988853455 -0.5746304392814636 -0.9991053938865662 -0.0344410203397274 0.024536751210689545 -1.9842162132263184
-0.03368331119418144 0.9990697503089905 0.0269236471503973 0.007855362258851528 -0.025557206943631172 0.026069195941090584 -0.9993332624435425 -0.5746451020240784 -0.9991056323051453 -0.03434905409812927 0.02465544082224369 -1.9845114946365356
-0.03337598219513893 0.9991001486778259 0.026168055832386017 0.007561531383544207 -0.025286493822932243 0.02533021755516529 -0.9993591904640198 -0.574649453163147 -0.9991228580474854 -0.03401639685034752 0.02441842295229435 -1.9842036962509155
-0.03337736427783966 0.9990996718406677 0.026183802634477615 0.007560965605080128 -0.0252668596804142 0.025346605107188225 -0.9993592500686646 -0.5746280550956726 -0.9991232752799988 -0.034017667174339294 0.024398213252425194 -1.9842689037322998
-0.034133393317461014 0.9990583062171936 0.02678154967725277 0.00788815040141344 -0.024750513955950737 0.02594403736293316 -0.9993568658828735 -0.5751197934150696 -0.9991106390953064 -0.03477440029382706 0.023841753602027893 -1.9836444854736328
-0.034132011234760284 0.999061107635498 0.026678485795855522 0.007818433456122875 -0.02480759285390377 0.02583898976445198 -0.9993581771850586 -0.5750797390937805 -0.9991092681884766 -0.03477203845977783 0.023902468383312225 -1.983474612236023
-0.03460875153541565 0.9990203380584717 0.0275745689868927 0.007824864238500595 -0.02485562674701214 0.026722252368927002 -0.9993337392807007 -0.5748355388641357 -0.9990916848182678 -0.03527117893099785 0.023906558752059937 -1.9834678173065186
-0.03464546799659729 0.999015212059021 0.027713876217603683 0.007730711251497269 -0.024837207049131393 0.02686137519776821 -0.999330461025238 -0.5747870802879333 -0.9990909099578857 -0.035310711711645126 0.023882227018475533 -1.9833098649978638
-0.035094406455755234 0.9989956617355347 0.027854755520820618 0.007732900325208902 -0.024452436715364456 0.02700534090399742 -0.9993360638618469 -0.5749192237854004 -0.9990847110748291 -0.03575232997536659 0.0234802458435297 -1.9825830459594727
-0.03539556264877319 0.9989894032478333 0.02769651636481285 0.00773868290707469 -0.02383478917181492 0.0268622487783432 -0.9993548393249512 -0.5750687718391418 -0.9990890026092529 -0.03603297472000122 0.022860001772642136 -1.982284665107727
-0.03583701699972153 0.9989601373672485 0.028180941939353943 0.007658692542463541 -0.023441635072231293 0.02735111303627491 -0.999350905418396 -0.5749716758728027 -0.9990825653076172 -0.03647446632385254 0.02243718132376671 -1.9819504022598267
-0.036307547241449356 0.9989625811576843 0.02748199552297592 0.007700552232563496 -0.022544726729393005 0.026674453169107437 -0.9993898272514343 -0.5752378702163696 -0.9990862011909485 -0.03690507262945175 0.021552959457039833 -1.9814167022705078
-0.035963378846645355 0.9990009665489197 0.02652457356452942 0.007681577000766993 -0.022530389949679375 0.025724587962031364 -0.9994150400161743 -0.5752024054527283 -0.9990990161895752 -0.03654005751013756 0.021582841873168945 -1.9813196659088135
-0.0366707369685173 0.9989672303199768 0.026823826134204865 0.007860901765525341 -0.021623600274324417 0.02604249306023121 -0.9994268417358398 -0.5753698945045471 -0.9990932941436768 -0.03722985088825226 0.02064637653529644 -1.98167884349823
-0.03600405529141426 0.9989913105964661 0.026830531656742096 0.007595882285386324 -0.021561764180660248 0.02606525458395481 -0.9994275569915771 -0.5755453109741211 -0.9991189241409302 -0.03656206279993057 0.02060166373848915 -1.980828881263733
-0.03592700883746147 0.9989885687828064 0.02703402005136013 0.007507036905735731 -0.02207913249731064 0.026251520961523056 -0.999411404132843 -0.5747365951538086 -0.9991104006767273 -0.03650285676121712 0.021113768219947815 -1.9817618131637573
-0.03564979135990143 0.9989954233169556 0.027147900313138962 0.007496447302401066 -0.022730013355612755 0.026347702369093895 -0.9993942975997925 -0.5744332075119019 -0.99910569190979 -0.036245375871658325 0.02176799438893795 -1.982523798942566
-0.03563713654875755 0.9989970922470093 0.02710244618356228 0.0074943965300917625 -0.022732550278306007 0.026302414014935493 -0.9993954300880432 -0.5744576454162598 -0.9991061091423035 -0.03623180463910103 0.021772515028715134 -1.9827414751052856
-0.03561198711395264 0.9989947080612183 0.027224380522966385 0.007474708836525679 -0.022996922954916954 0.02641536295413971 -0.9993863701820374 -0.5742105841636658 -0.9991009831428528 -0.036216314882040024 0.02203320525586605 -1.9831360578536987
-0.035575982183218 0.9989992380142212 0.02710479497909546 0.0075316899456083775 -0.022488098591566086 0.02631494589149952 -0.9994006156921387 -0.574835479259491 -0.9991137981414795 -0.0361642986536026 0.02152951806783676 -1.9824687242507935
-0.0353737398982048 0.9990044236183167 0.0271783247590065 0.007446654140949249 -0.022756073623895645 0.02638321928679943 -0.9993927478790283 -0.5746538639068604 -0.9991149306297302 -0.035970836877822876 0.021800249814987183 -1.9828695058822632
-0.03541185334324837 0.9990069270133972 0.02703631855547428 0.007597879972308874 -0.023037077859044075 0.02623019739985466 -0.9993903636932373 -0.5745945572853088 -0.9991071224212646 -0.03601320832967758 0.02208544686436653 -1.9831798076629639
-0.03562898933887482 0.9989773631095886 0.027831239625811577 0.007872123271226883 -0.022940104827284813 0.027024148032069206 -0.9993714094161987 -0.5751455426216125 -0.9991016387939453 -0.03624514862895012 0.02195390686392784 -1.9830982685089111
-0.03558502346277237 0.9989796280860901 0.02780728042125702 0.007898767478764057 -0.02269841358065605 0.02700990065932274 -0.9993773102760315 -0.5754887461662292 -0.9991087317466736 -0.036194153130054474 0.021714208647608757 -1.9831044673919678
-0.035643868148326874 0.9989743232727051 0.027922075241804123 0.007741771172732115 -0.022609809413552284 0.027126679196953773 -0.9993761777877808 -0.5753478407859802 -0.9991086721420288 -0.036253053694963455 0.021619824692606926 -1.9828068017959595
-0.03601060062646866 0.9989617466926575 0.027900932356715202 0.007721035275608301 -0.022459305822849274 0.027103105559945107 -0.9993802309036255 -0.5751584768295288 -0.9990988969802856 -0.03661502152681351 0.021460093557834625 -1.9822852611541748
-0.035948045551776886 0.9989465475082397 0.02851933240890503 0.007602098863571882 -0.022746622562408447 0.027712590992450714 -0.9993569850921631 -0.5749586224555969 -0.9990946650505066 -0.036573752760887146 0.02172655053436756 -1.9823603630065918
-0.035865940153598785 0.9989500045776367 0.028501363471150398 0.007540157530456781 -0.022836856544017792 0.02769310399889946 -0.9993554949760437 -0.5749017596244812 -0.9990955591201782 -0.03649381175637245 0.021819744259119034 -1.9822851419448853
-0.03613164648413658 0.9989299178123474 0.028867211192846298 0.00764263654127717 -0.02276604436337948 0.028055908158421516 -0.9993469715118408 -0.574873149394989 -0.9990875720977783 -0.03676534816622734 0.02172808162868023 -1.9821460247039795
-0.035848818719387054 0.9989286065101624 0.029263406991958618 0.0075929309241473675 -0.022990290075540543 0.02845022641122341 -0.9993306994438171 -0.5748182535171509 -0.9990926384925842 -0.036497704684734344 0.021945854648947716 -1.9820808172225952
-0.035859037190675735 0.9989219903945923 0.029474133625626564 0.0075330911204218864 -0.023377805948257446 0.028646649792790413 -0.9993160963058472 -0.5746192932128906 -0.9990832805633545 -0.03652365878224373 0.02232546918094158 -1.982656717300415
-0.03611086308956146 0.998906672000885 0.029686877503991127 0.007639380171895027 -0.023061370477080345 0.028865499421954155 -0.9993171691894531 -0.5747671723365784 -0.999081552028656 -0.036770932376384735 0.021993903443217278 -1.9823224544525146
-0.03607502207159996 0.9988980889320374 0.030016250908374786 0.007619678508490324 -0.023047151044011116 0.029196318238973618 -0.9993078708648682 -0.5749157071113586 -0.9990831613540649 -0.0367419496178627 0.021968601271510124 -1.9820183515548706
-0.03578600287437439 0.9989064335823059 0.030084384605288506 0.007590794935822487 -0.023370539769530296 0.029259037226438522 -0.9992985129356384 -0.5747311115264893 -0.9990860819816589 -0.03646409511566162 0.022298024967312813 -1.9823681116104126
-0.035447750240564346 0.998930037021637 0.02969825081527233 0.0075564906001091 -0.02335922233760357 0.02888071909546852 -0.999309778213501 -0.5749179720878601 -0.9990983605384827 -0.03611711785197258 0.02231057733297348 -1.982103943824768
-0.03523900732398033 0.9989471435546875 0.0293696578592062 0.007560333702713251 -0.023276682943105698 0.02855963632464409 -0.999320924282074 -0.5749087929725647 -0.9991077184677124 -0.03589881211519241 0.022245867177844048 -1.9820290803909302
-0.034932684153318405 0.9989445805549622 0.029820652678608894 0.0074628181755542755 -0.023715149611234665 0.0290019903331995 -0.9992979168891907 -0.5747742652893066 -0.9991081357002258 -0.0356154628098011 0.022677106782794 -1.9822684526443481
-0.03490348532795906 0.9989452958106995 0.029830003157258034 0.007486753165721893 -0.023734739050269127 0.029011309146881104 -0.9992971420288086 -0.5748082399368286 -0.9991086721420288 -0.035587068647146225 0.022697215899825096 -1.9823743104934692
-0.03477843478322029 0.9989424347877502 0.030071483924984932 0.007794477511197329 -0.024064313620328903 0.029244014993309975 -0.9992824792861938 -0.5749732255935669 -0.9991051554679871 -0.03547723591327667 0.02302190661430359 -1.9827333688735962
-0.034272175282239914 0.9989812970161438 0.029351742938160896 0.007667879108339548 -0.024172751232981682 0.02853192202746868 -0.999300479888916 -0.5751235485076904 -0.9991200566291809 -0.03495781868696213 0.023170381784439087 -1.9825947284698486
-0.03395909443497658 0.998987078666687 0.029519349336624146 0.007720401510596275 -0.024717243388295174 0.02868795581161976 -0.9992826581001282 -0.5750187635421753 -0.9991174340248108 -0.03466447442770004 0.0237180944532156 -1.9833898544311523
-0.03385374695062637 0.9989941120147705 0.02940201573073864 0.007603864651173353 -0.0248318649828434 0.02856912650167942 -0.9992832541465759 -0.5748149752616882 -0.9991181492805481 -0.034559693187475204 0.02383982017636299 -1.9833972454071045
-0.033886294811964035 0.999023973941803 0.02832988277077675 0.007572459522634745 -0.023930244147777557 0.027527088299393654 -0.999334454536438 -0.5751761794090271 -0.9991390705108643 -0.034541789442300797 0.022974200546741486 -1.982118844985962
-0.03447640687227249 0.9989995360374451 0.028480326756834984 0.007846532389521599 -0.023375067859888077 0.027683531865477562 -0.9993432760238647 -0.5755823850631714 -0.9991320371627808 -0.03511960059404373 0.02239735797047615 -1.9814776182174683
-0.03456897288560867 0.998984694480896 0.028885360807180405 0.007614047732204199 -0.02370632067322731 0.028074951842427254 -0.9993245601654053 -0.5750219821929932 -0.9991210103034973 -0.035230495035648346 0.02271183393895626 -1.9818930625915527
-0.034270063042640686 0.9990202784538269 0.02799752727150917 0.0075418162159621716 -0.023585882037878036 0.027197832241654396 -0.9993516802787781 -0.574967086315155 -0.9991341829299927 -0.034908294677734375 0.022630808874964714 -1.9817249774932861
-0.03443495184183121 0.9989942312240601 0.028714193031191826 0.007559982594102621 -0.023541996255517006 0.027912545949220657 -0.9993330240249634 -0.5750105381011963 -0.9991295337677002 -0.03508807718753815 0.022557256743311882 -1.9813156127929688
