# 3x4 first row second row third row Freq: 100 current Time: 2020-10-02-13:21:43
-0.040967755019664764 0.9991602301597595 0.00056399533059448 -0.021112997084856033 -0.01575343683362007 -8.147549669956788e-05 -0.9998758435249329 -0.670778214931488 -0.9990361928939819 -0.040971606969833374 0.015743600204586983 -1.9791942834854126
-0.04156886413693428 0.9991344809532166 0.0014786033425480127 -0.021207155659794807 -0.015294699929654598 0.0008434269693680108 -0.9998826384544373 -0.6706733703613281 -0.9990184903144836 -0.041586656123399734 0.015246456488966942 -1.979173183441162
-0.042204082012176514 0.9991064071655273 0.0022596700582653284 -0.021141130477190018 -0.015148693695664406 0.001621570554561913 -0.9998838901519775 -0.6704961061477661 -0.9989941120147705 -0.04223346337676048 0.015066773630678654 -1.9792226552963257
-0.04168340936303139 0.9991300702095032 0.0012024540919810534 -0.021236270666122437 -0.01511341705918312 0.0005728866090066731 -0.9998855590820312 -0.6709578037261963 -0.999016523361206 -0.04169686511158943 0.01507644448429346 -1.979141354560852
-0.0412917323410511 0.9991456270217896 0.0016958514461293817 -0.021585144102573395 -0.015619431622326374 0.0010516392067074776 -0.999877393245697 -0.670678973197937 -0.9990249872207642 -0.04131321236491203 0.015562716871500015 -1.979891300201416
-0.04138210043311119 0.9991400241851807 0.0025694887153804302 -0.02145088091492653 -0.016068290919065475 0.0019059019396081567 -0.9998690485954285 -0.6707399487495422 -0.999014139175415 -0.04141802340745926 0.01597565785050392 -1.9811278581619263
-0.04143047705292702 0.9991384148597717 0.0024146917276084423 -0.021456221118569374 -0.016044162213802338 0.0017512192716822028 -0.999869704246521 -0.670714795589447 -0.9990125298500061 -0.04146387428045273 0.01595783792436123 -1.9812195301055908
-0.04099031165242195 0.9991559982299805 0.0026481144595891237 -0.0216926708817482 -0.016422701999545097 0.0019762988667935133 -0.9998631477355957 -0.6705338358879089 -0.999024510383606 -0.04102824255824089 0.016327885910868645 -1.9818229675292969
-0.04114691540598869 0.9991498589515686 0.0025301899295300245 -0.021398082375526428 -0.01601751521229744 0.0018724317196756601 -0.9998698830604553 -0.6710790395736694 -0.9990246295928955 -0.04118214547634125 0.01592690870165825 -1.9813024997711182
-0.04076182842254639 0.9991677403450012 0.0014945908915251493 -0.021474052220582962 -0.01589139550924301 0.0008473949856124818 -0.9998733401298523 -0.6712181568145752 -0.9990424513816833 -0.04078046977519989 0.01584368199110031 -1.9812628030776978
-0.040462709963321686 0.9991795420646667 0.001698034000582993 -0.02145419269800186 -0.01624011993408203 0.0010415947763249278 -0.9998674988746643 -0.6710723042488098 -0.9990490078926086 -0.04048497974872589 0.01618470437824726 -1.9815906286239624
-0.03997434675693512 0.9991984367370605 0.002102314028888941 -0.02158881351351738 -0.01679307036101818 0.0014319214969873428 -0.9998579025268555 -0.6709011793136597 -0.9990594983100891 -0.040004026144742966 0.01672242395579815 -1.982086181640625
-0.039671480655670166 0.9992116093635559 0.0014813670422881842 -0.021708032116293907 -0.01698257587850094 0.000808116456028074 -0.9998553991317749 -0.6707932949066162 -0.9990683794021606 -0.039690956473350525 0.01693718135356903 -1.9816539287567139
-0.03991832956671715 0.9992021322250366 0.0012460832949727774 -0.02147696539759636 -0.016492202877998352 0.0005880920798517764 -0.9998637437820435 -0.670900821685791 -0.9990667700767517 -0.039933495223522186 0.016455622389912605 -1.9806182384490967
-0.03952158987522125 0.9992185831069946 0.0003775049408432096 -0.021623579785227776 -0.01673775166273117 -0.0002842221292667091 -0.9998598098754883 -0.6707597374916077 -0.9990784525871277 -0.03952242434024811 0.01673595979809761 -1.9804216623306274
-0.03970673307776451 0.9992112517356873 0.000371633970644325 -0.021541276946663857 -0.017075730487704277 -0.0003066331846639514 -0.9998540878295898 -0.6706182360649109 -0.9990653991699219 -0.03970734030008316 0.01707449182868004 -1.9805967807769775
-0.03978050500154495 0.999208390712738 0.0001428757095709443 -0.02152453549206257 -0.017227791249752045 -0.0005428550648503006 -0.999851405620575 -0.6705641746520996 -0.9990598559379578 -0.039777107536792755 0.017235802486538887 -1.9804643392562866
-0.040511537343263626 0.9991787075996399 0.0007742164889350533 -0.021244443953037262 -0.016868745908141136 9.085247438633814e-05 -0.9998576641082764 -0.6706790328025818 -0.9990366101264954 -0.04051888361573219 0.016851266846060753 -1.9800992012023926
-0.040192216634750366 0.99919193983078 1.4659400221717078e-05 -0.021626155823469162 -0.01718289591372013 -0.0006764576537534595 -0.9998520612716675 -0.6707125306129456 -0.9990441799163818 -0.040186576545238495 0.017196252942085266 -1.9799636602401733
-0.040697235614061356 0.9991710782051086 0.0008792317239567637 -0.021532230079174042 -0.016972040757536888 0.00018859663396142423 -0.9998558759689331 -0.6708065271377563 -0.9990273118019104 -0.04070634767413139 0.016950352117419243 -1.9796644449234009
-0.04069611430168152 0.9991713762283325 0.0005763398366980255 -0.021330295130610466 -0.017045995220541954 -0.00011749663099180907 -0.9998546242713928 -0.6706857681274414 -0.9990261197090149 -0.04070007801055908 0.01703670620918274 -1.9798696041107178
-0.04130914434790611 0.9991455674171448 0.0012462142622098327 -0.02116895094513893 -0.016673438251018524 0.0005578023847192526 -0.9998607635498047 -0.6707599759101868 -0.9990072250366211 -0.041324224323034286 0.016636203974485397 -1.9797406196594238
-0.042013656347990036 0.999114990234375 0.0020000357180833817 -0.021171849220991135 -0.01631050929427147 0.001315718749538064 -0.9998660683631897 -0.6707159876823425 -0.9989838600158691 -0.04204070195555687 0.01624085009098053 -1.9797345399856567
-0.042629461735486984 0.9990882873535156 0.002281090011820197 -0.02103884331882 -0.015685807913541794 0.0016136503545567393 -0.9998756051063538 -0.6709365844726562 -0.9989677667617798 -0.04265999421477318 0.015602772124111652 -1.9791513681411743
-0.042209625244140625 0.999108076095581 0.0011327145621180534 -0.021155159920454025 -0.01543295569717884 0.00048164030886255205 -0.9998807311058044 -0.6711245775222778 -0.9989895224571228 -0.04222212731838226 0.01539891492575407 -1.9788939952850342
-0.04234306514263153 0.9991011023521423 0.00199424521997571 -0.021435674279928207 -0.015507488511502743 0.0013386228820309043 -0.9998788237571716 -0.6707368493080139 -0.9989827275276184 -0.04236891493201256 0.015436921268701553 -1.9789832830429077
-0.04225156456232071 0.9991040825843811 0.00238739768974483 -0.021616177633404732 -0.016070911660790443 0.0017096467781811953 -0.9998693466186523 -0.6703726053237915 -0.9989776611328125 -0.042284466326236725 0.01598433405160904 -1.9798871278762817
-0.04168171435594559 0.9991293549537659 0.00174589897505939 -0.02174227125942707 -0.01563691534101963 0.0010949147399514914 -0.9998770952224731 -0.6705653667449951 -0.9990085363388062 -0.04170394316315651 0.015577717684209347 -1.9796829223632812
-0.04145985469222069 0.9991395473480225 0.001079540466889739 -0.0217610951513052 -0.01556792389601469 0.00043438991997390985 -0.9998786449432373 -0.6705352663993835 -0.9990188479423523 -0.041471682488918304 0.01553657278418541 -1.979714035987854
-0.041743889451026917 0.999127209186554 0.0014495436334982514 -0.021409552544355392 -0.015442564152181149 0.0008054911158978939 -0.9998803734779358 -0.6709077954292297 -0.9990089535713196 -0.041761334985494614 0.015395516529679298 -1.9789842367172241
-0.041990943253040314 0.9991157650947571 0.002090293914079666 -0.02131611481308937 -0.015550847165286541 0.0014383665984496474 -0.9998779892921448 -0.6706870198249817 -0.998996913433075 -0.042018380016088486 0.015476752072572708 -1.9792853593826294
-0.041401203721761703 0.9991399049758911 0.002287877956405282 -0.02164173498749733 -0.016569001600146294 0.0016030134866014123 -0.9998613595962524 -0.6702655553817749 -0.999005138874054 -0.0414334237575531 0.016488438472151756 -1.9803434610366821
-0.041467249393463135 0.9991378784179688 0.0019757726695388556 -0.021684076637029648 -0.016720222309231758 0.0012833101209253073 -0.9998593330383301 -0.6701909303665161 -0.9989998936653137 -0.04149450361728668 0.01665264554321766 -1.9803615808486938
-0.041324518620967865 0.9991434216499329 0.002139519900083542 -0.021620523184537888 -0.017318738624453545 0.001424779067747295 -0.9998489618301392 -0.6703280210494995 -0.9989956021308899 -0.04135538265109062 0.017245080322027206 -1.980822205543518
-0.041319139301776886 0.9991437196731567 0.002121738390997052 -0.0216229148209095 -0.017285827547311783 0.0014084400609135628 -0.9998495578765869 -0.6703048348426819 -0.9989964365959167 -0.04134965315461159 0.01721288450062275 -1.9808948040008545
-0.03947038948535919 0.9992206692695618 -8.983484804048203e-06 -0.02170873060822487 -0.017001811414957047 -0.0006805301527492702 -0.9998551607131958 -0.6707317233085632 -0.9990760087966919 -0.039464570581912994 0.017015477642416954 -1.9810668230056763
-0.03925713524222374 0.9992290735244751 5.3389056120067835e-05 -0.02158411592245102 -0.017386017367243767 -0.0006295791827142239 -0.9998486042022705 -0.670598030090332 -0.9990777969360352 -0.03925217315554619 0.017397383227944374 -1.9810762405395508
-0.03935977444052696 0.9992250204086304 2.8512111384770833e-05 -0.021605482324957848 -0.017309337854385376 -0.0006532396073453128 -0.9998499155044556 -0.6705198287963867 -0.9990751147270203 -0.039354413747787476 0.017321690917015076 -1.980947732925415
-0.03990468010306358 0.9992027282714844 0.0012038940330967307 -0.02143070660531521 -0.01736520230770111 0.0005112173967063427 -0.9998490214347839 -0.6705763339996338 -0.9990525245666504 -0.039919618517160416 0.017331011593341827 -1.9799977540969849
-0.03982425481081009 0.9992055296897888 0.0015078819124028087 -0.021537484601140022 -0.017749495804309845 0.000801470538135618 -0.99984210729599 -0.6704589128494263 -0.9990490078926086 -0.03984478488564491 0.017703531309962273 -1.9802253246307373
-0.040310028940439224 0.99918532371521 0.0019068134715780616 -0.02146776020526886 -0.017480507493019104 0.0012029112549498677 -0.9998464584350586 -0.6704576015472412 -0.9990342259407043 -0.040337223559617996 0.01741783134639263 -1.9798626899719238
-0.04034058004617691 0.9991847276687622 0.0015672212466597557 -0.02148350514471531 -0.01755547896027565 0.0008595319814048707 -0.9998454451560974 -0.670447826385498 -0.9990317225456238 -0.0403619147837162 0.017506547272205353 -1.9797658920288086
-0.040462713688611984 0.9991779327392578 0.0024703440722078085 -0.021528517827391624 -0.017746035009622574 0.0017533903010189533 -0.9998409152030945 -0.6703760623931885 -0.9990233778953552 -0.04050017148256302 0.017660554498434067 -1.9797964096069336
-0.04067305102944374 0.9991680383682251 0.002961240243166685 -0.02138359099626541 -0.01790667325258255 0.0022343480959534645 -0.9998371005058289 -0.6703686118125916 -0.9990119934082031 -0.04071950539946556 0.0178009532392025 -1.9798754453659058
-0.041275136172771454 0.9991433620452881 0.0029621447902172804 -0.02105141244828701 -0.017345737665891647 0.0022477195598185062 -0.9998469948768616 -0.6705898642539978 -0.9989972114562988 -0.041320253163576126 0.017238158732652664 -1.9793801307678223
-0.04124642536044121 0.9991467595100403 0.0020947095472365618 -0.021262558177113533 -0.01694764755666256 0.0013966187834739685 -0.9998553395271301 -0.6707389950752258 -0.9990051984786987 -0.04127601534128189 0.01687563583254814 -1.9788408279418945
-0.04121209308505058 0.9991483688354492 0.0020117145031690598 -0.021292688325047493 -0.016959473490715027 0.001313657034188509 -0.9998552799224854 -0.6707519292831421 -0.999006450176239 -0.04124029725790024 0.01689094677567482 -1.9785842895507812
-0.04181371256709099 0.9991235136985779 0.0019415713613852859 -0.021114567294716835 -0.01634351909160614 0.0012590812984853983 -0.9998655915260315 -0.6708142757415771 -0.9989916682243347 -0.041839879006147385 0.01627660170197487 -1.978197693824768
-0.041426822543144226 0.9991394281387329 0.0020344206131994724 -0.021446557715535164 -0.0164417065680027 0.0013542318483814597 -0.999863862991333 -0.6706259846687317 -0.9990062117576599 -0.04145468771457672 0.016371510922908783 -1.9780770540237427
-0.04073609039187431 0.9991691708564758 0.0012028509518131614 -0.021619223058223724 -0.01700596511363983 0.0005103946896269917 -0.9998552203178406 -0.6702817678451538 -0.9990251660346985 -0.04075070098042488 0.016971100121736526 -1.9783748388290405
-0.04006382077932358 0.9991969466209412 0.0004842117486987263 -0.02178003080189228 -0.017431087791919708 -0.00021433948131743819 -0.9998480081558228 -0.670133650302887 -0.9990450143814087 -0.040066223591566086 0.01742573082447052 -1.9787940979003906
-0.03988076373934746 0.9992042183876038 0.0005816274788230658 -0.021639494225382805 -0.017743702977895737 -0.0001261464785784483 -0.9998425245285034 -0.6704056859016418 -0.9990468621253967 -0.03988485783338547 0.017734667286276817 -1.9793998003005981
-0.03956471011042595 0.999215841293335 0.00149815424811095 -0.02147132344543934 -0.01814533770084381 0.0007806546054780483 -0.9998350143432617 -0.670375645160675 -0.9990521669387817 -0.0395854189991951 0.018100276589393616 -1.9801925420761108
-0.039684370160102844 0.9992111325263977 0.0014825948746874928 -0.021480241790413857 -0.01804049126803875 0.0007670831400901079 -0.9998369216918945 -0.6702969670295715 -0.9990493655204773 -0.03970469534397125 0.017995871603488922 -1.9801419973373413
-0.0399172306060791 0.9992020130157471 0.0013795614941045642 -0.021384216845035553 -0.01768544688820839 0.0006739795790053904 -0.9998432993888855 -0.6705150604248047 -0.9990463852882385 -0.03993542864918709 0.01764448545873165 -1.9792518615722656
-0.03973246365785599 0.9992089867591858 0.0016223356360569596 -0.02157067134976387 -0.017801515758037567 0.0009155544103123248 -0.9998410940170288 -0.6703469157218933 -0.9990516901016235 -0.03975508362054825 0.017751110717654228 -1.9796041250228882
-0.03982432186603546 0.9992053508758545 0.0016232350608333945 -0.021580159664154053 -0.017765481024980545 0.0009162584319710732 -0.9998416900634766 -0.6702907681465149 -0.9990487098693848 -0.039846912026405334 0.017714928835630417 -1.9795351028442383
-0.03963183984160423 0.9992135167121887 0.0012328012380748987 -0.02179214358329773 -0.01765936054289341 0.0005332055152393878 -0.9998438954353333 -0.6702042818069458 -0.9990582466125488 -0.03964747488498688 0.017624394968152046 -1.9796777963638306
-0.03929728642106056 0.9992274641990662 0.00021380360703915358 -0.021643279120326042 -0.017758753150701523 -0.0004844247305300087 -0.99984210729599 -0.6703687310218811 -0.9990696907043457 -0.039294932037591934 0.017764125019311905 -1.9797581434249878
-0.03983211889863014 0.9992063045501709 0.00027558917645365 -0.021256815642118454 -0.017508873715996742 -0.00042215330176986754 -0.9998465776443481 -0.6705912947654724 -0.9990529417991638 -0.03983088582754135 0.017511846497654915 -1.9793107509613037
-0.03963184729218483 0.9992138743400574 0.0009388420730829239 -0.02145438827574253 -0.018127501010894775 0.00022048514802008867 -0.9998356103897095 -0.6702388525009155 -0.9990498423576355 -0.03964240103960037 0.018104566261172295 -1.9798285961151123
-0.039685916155576706 0.999211847782135 0.0008038292871788144 -0.02150212787091732 -0.018199576064944267 8.154389070114121e-05 -0.9998342990875244 -0.6702994704246521 -0.9990463852882385 -0.03969402611255646 0.018182048574090004 -1.9799433946609497
-0.04027653485536575 0.9991878867149353 0.0011395699111744761 -0.02144167199730873 -0.01749168336391449 0.0004352949617896229 -0.999846875667572 -0.6704795956611633 -0.9990354180335999 -0.04029035568237305 0.01745999976992607 -1.9792901277542114
-0.04036624729633331 0.999184250831604 0.0011470665922388434 -0.021459480747580528 -0.017504429444670677 0.00044071252341382205 -0.9998466372489929 -0.6704554557800293 -0.9990315437316895 -0.040380191057920456 0.017472414299845695 -1.9791849851608276
-0.040719930082559586 0.9991684556007385 0.0020583777222782373 -0.02154684066772461 -0.01771526411175728 0.0013378513976931572 -0.99984210729599 -0.6700855493545532 -0.9990134835243225 -0.04075001925230026 0.01764610968530178 -1.979538083076477
-0.04140673950314522 0.999138593673706 0.002727590734139085 -0.021236948668956757 -0.017405612394213676 0.0020082425326108932 -0.9998464584350586 -0.6702525615692139 -0.9989907145500183 -0.04144791141152382 0.017307518050074577 -1.9793498516082764
-0.041416119784116745 0.9991382956504822 0.0027010925114154816 -0.021266700699925423 -0.017424974590539932 0.001980759436264634 -0.9998461604118347 -0.6703095436096191 -0.998989999294281 -0.04145686700940132 0.01732797734439373 -1.9794316291809082
-0.04159246385097504 0.9991292953491211 0.0032551188487559557 -0.02127092517912388 -0.017455974593758583 0.002530829282477498 -0.9998443722724915 -0.6703044176101685 -0.9989821314811707 -0.041642867028713226 0.017335567623376846 -1.9794676303863525
-0.04091835767030716 0.9991569519042969 0.003315029200166464 -0.02145571820437908 -0.018199168145656586 0.0025720077101141214 -0.9998310208320618 -0.6705109477043152 -0.9989966750144958 -0.04097182676196098 0.018078638240695 -1.9807056188583374
-0.04068129509687424 0.999165415763855 0.0036594602279365063 -0.02153288573026657 -0.018541796132922173 0.002906987676396966 -0.999823808670044 -0.6704956293106079 -0.999000072479248 -0.04074203222990036 0.018408115953207016 -1.981041669845581
-0.04104936495423317 0.9991488456726074 0.004056365694850683 -0.021306686103343964 -0.01803663559257984 0.003318165661767125 -0.9998317956924438 -0.6706151962280273 -0.9989942312240601 -0.04111567512154579 0.017885129898786545 -1.980418086051941
-0.041182223707437515 0.9991398453712463 0.0048512304201722145 -0.02121344767510891 -0.018198570236563683 0.004104509484022856 -0.9998258948326111 -0.6707689762115479 -0.9989858269691467 -0.0412633940577507 0.018013937398791313 -1.980415940284729
-0.0411025770008564 0.9991454482078552 0.00433817645534873 -0.021263673901557922 -0.018023185431957245 0.0035997708328068256 -0.9998310208320618 -0.6711139678955078 -0.9989923238754272 -0.04117387533187866 0.01785987801849842 -1.9797497987747192
-0.04069892317056656 0.9991613030433655 0.00449748057872057 -0.021510019898414612 -0.01863321289420128 0.003741504857316613 -0.9998193383216858 -0.6707419753074646 -0.9989976286888123 -0.04077542573213577 0.01846536435186863 -1.9804574251174927
-0.03984009474515915 0.9992005228996277 0.0033123476896435022 -0.021494463086128235 -0.018686696887016296 0.0025693830102682114 -0.9998220205307007 -0.6708081364631653 -0.9990312457084656 -0.0398949533700943 0.018569447100162506 -1.9804770946502686
-0.04005350172519684 0.9991932511329651 0.0029158336110413074 -0.0215458981692791 -0.018478725105524063 0.0021769979503005743 -0.9998268485069275 -0.6709330677986145 -0.9990265965461731 -0.040100499987602234 0.018376674503087997 -1.980186939239502
-0.04005741328001022 0.9991931319236755 0.002892020158469677 -0.02152334153652191 -0.018529195338487625 0.0021510713268071413 -0.9998259544372559 -0.6708520650863647 -0.9990255236625671 -0.040104079991579056 0.0184281338006258 -1.9800602197647095
-0.040180739015340805 0.9991867542266846 0.0033447956666350365 -0.02138746902346611 -0.018614578992128372 0.0025984204839915037 -0.9998233318328857 -0.6703231930732727 -0.9990189671516418 -0.04023595154285431 0.018495090305805206 -1.9798450469970703
-0.040548305958509445 0.9991703033447266 0.0037976461462676525 -0.02137126214802265 -0.018505707383155823 0.0030491831712424755 -0.999824047088623 -0.6702691912651062 -0.9990061521530151 -0.04061150550842285 0.018366767093539238 -1.9795053005218506
-0.04109733924269676 0.9991457462310791 0.004318504128605127 -0.021286744624376297 -0.018436843529343605 0.003563131205737591 -0.9998236298561096 -0.6703119277954102 -0.9989849925041199 -0.04116976261138916 0.018274713307619095 -1.979361891746521
-0.04107733815908432 0.9991467595100403 0.004275457467883825 -0.021320298314094543 -0.018413154408335686 0.003521397477015853 -0.9998242259025574 -0.6703055500984192 -0.9989862442016602 -0.041148893535137177 0.018252849578857422 -1.9792824983596802
-0.04054044187068939 0.9991726279258728 0.0032304830383509398 -0.021547487005591393 -0.01834697835147381 0.0024882436264306307 -0.9998285174369812 -0.6703501343727112 -0.999009370803833 -0.04059281200170517 0.018230978399515152 -1.9792234897613525
-0.04107646644115448 0.9991533756256104 0.002263456815853715 -0.021364547312259674 -0.017492379993200302 0.0015459418063983321 -0.9998457431793213 -0.6707360744476318 -0.9990028142929077 -0.041109777987003326 0.017414124682545662 -1.9783521890640259
-0.041544362902641296 0.999132513999939 0.0028502577915787697 -0.02137674391269684 -0.017557106912136078 0.0021223044022917747 -0.9998435378074646 -0.6705266237258911 -0.998982310295105 -0.041587959975004196 0.017453761771321297 -1.9786030054092407
-0.04109557718038559 0.9991512894630432 0.0027727677952498198 -0.021520541980862617 -0.01692383736371994 0.0020786842796951532 -0.999854564666748 -0.6704500317573547 -0.9990118145942688 -0.04113658145070076 0.016824103891849518 -1.9781930446624756
-0.041065603494644165 0.9991530179977417 0.002604519249871373 -0.02147827483713627 -0.01687759906053543 0.0019127249252051115 -0.9998556971549988 -0.6704961061477661 -0.9990138411521912 -0.04110369086265564 0.01678481139242649 -1.978172779083252
-0.04096857085824013 0.999158501625061 0.001941829570569098 -0.02166786603629589 -0.016716521233320236 0.0012578136520460248 -0.9998594522476196 -0.6703116297721863 -0.999020516872406 -0.04099532589316368 0.016650976613163948 -1.9783143997192383
-0.04077283665537834 0.9991678595542908 0.0010304759489372373 -0.021590543910861015 -0.01676815189421177 0.0003469850344117731 -0.9998592734336853 -0.6701839566230774 -0.999027669429779 -0.040784429758787155 0.0167401060461998 -1.9784183502197266
-0.040440671145915985 0.9991815686225891 0.0008109775371849537 -0.021777840331196785 -0.016866225749254227 0.00012893664825242013 -0.9998577237129211 -0.670138418674469 -0.9990395307540894 -0.04044864699244499 0.016847260296344757 -1.9791685342788696
-0.039917510002851486 0.9992029070854187 -0.00017656970885582268 -0.021620215848088264 -0.016967004165053368 -0.0008544554584659636 -0.999855637550354 -0.6701688170433044 -0.9990588426589966 -0.03990880399942398 0.016987642273306847 -1.9792662858963013
-0.040047794580459595 0.9991976618766785 -0.0002837607462424785 -0.021419009193778038 -0.016811534762382507 -0.0009577033342793584 -0.9998581409454346 -0.6704705357551575 -0.9990562796592712 -0.04003739729523659 0.01683645509183407 -1.97879159450531
-0.04004715383052826 0.9991976618766785 -0.0003217635676264763 -0.021396920084953308 -0.016823574900627136 -0.0009962029289454222 -0.9998579025268555 -0.6704866290092468 -0.9990561008453369 -0.04003610461950302 0.016850026324391365 -1.9787839651107788
-0.04006538912653923 0.9991970062255859 -0.00014419540821108967 -0.021399645134806633 -0.01695769466459751 -0.000824202608782798 -0.9998558163642883 -0.6702697277069092 -0.9990531206130981 -0.0400572195649147 0.016977153718471527 -1.9787720441818237
-0.04013131931424141 0.999194324016571 0.0001912800216814503 -0.021392976865172386 -0.01738387532532215 -0.00050674460362643 -0.9998487234115601 -0.6701388359069824 -0.9990431070327759 -0.04012862592935562 0.017390260472893715 -1.9789291620254517
-0.04004285857081413 0.9991973638534546 0.0010302797891199589 -0.021314656361937523 -0.01767619699239731 0.0003226226253900677 -0.9998436570167542 -0.6702921390533447 -0.9990415573120117 -0.040054865181446075 0.017649143934249878 -1.9794539213180542
-0.040058523416519165 0.9991962313652039 0.0014614121755585074 -0.02145717479288578 -0.01788250170648098 0.000745481054764241 -0.9998397827148438 -0.6701990962028503 -0.9990372657775879 -0.040078289806842804 0.01783831976354122 -1.9792625904083252
-0.04019303247332573 0.9991906881332397 0.0015255312900990248 -0.02139955945312977 -0.01798943802714348 0.0008029339369386435 -0.9998378157615662 -0.6702234148979187 -0.9990299344062805 -0.04021401330828667 0.01794266141951084 -1.9788892269134521
-0.04020975902676582 0.9991899728775024 0.0015529567608609796 -0.021397266536951065 -0.01792091317474842 0.0008328362018801272 -0.9998390078544617 -0.6701245903968811 -0.9990304708480835 -0.04023117199540138 0.017872963100671768 -1.9787497520446777
-0.04007596895098686 0.999195396900177 0.0015422189608216286 -0.021323291584849358 -0.01827232725918293 0.0008103820728138089 -0.9998326897621155 -0.6701982021331787 -0.9990295171737671 -0.040097493678331375 0.018225204199552536 -1.979543685913086
-0.040851444005966187 0.9991623759269714 0.002377038123086095 -0.021311599761247635 -0.01796906627714634 0.0016440162435173988 -0.9998371601104736 -0.6702732443809509 -0.9990035891532898 -0.040887556970119476 0.01788690686225891 -1.9790233373641968
-0.04065000265836716 0.9991704821586609 0.002415725728496909 -0.021210988983511925 -0.01817549578845501 0.001677931402809918 -0.999833345413208 -0.6704656481742859 -0.999008059501648 -0.040687188506126404 0.018092265352606773 -1.9793859720230103
-0.040667831897735596 0.9991689324378967 0.0027213795110583305 -0.021448373794555664 -0.018451854586601257 0.0019722033757716417 -0.9998277425765991 -0.6701685786247253 -0.9990022778511047 -0.040711093693971634 0.01835636980831623 -1.979631781578064
-0.040646448731422424 0.9991698265075684 0.002718370407819748 -0.02147054299712181 -0.018471213057637215 0.001968796830624342 -0.9998273849487305 -0.6701586246490479 -0.9990028142929077 -0.04068969935178757 0.018375908955931664 -1.9796957969665527
-0.04079684615135193 0.9991647601127625 0.002294156001880765 -0.02127826400101185 -0.018116217106580734 0.0015560421161353588 -0.9998345971107483 -0.6705906391143799 -0.9990031719207764 -0.040831711143255234 0.01803765818476677 -1.9790866374969482
-0.03997292369604111 0.9991990327835083 0.0018439705017954111 -0.02165471576154232 -0.018586913123726845 0.0011016101343557239 -0.9998266100883484 -0.6703100800514221 -0.9990278482437134 -0.040000319480895996 0.0185280442237854 -1.980098843574524
-0.04003171995282173 0.9991967082023621 0.0018187557579949498 -0.02173168957233429 -0.018554309383034706 0.0010765958577394485 -0.9998272061347961 -0.6699157953262329 -0.9990260601043701 -0.04005860164761543 0.018496360629796982 -1.9801515340805054
-0.03980948030948639 0.9992055892944336 0.0018151598051190376 -0.021594993770122528 -0.018809493631124496 0.0010669393232092261 -0.9998224377632141 -0.6700978875160217 -0.9990301728248596 -0.03983660787343979 0.01875213161110878 -1.9805914163589478
-0.04058029130101204 0.999173104763031 0.0024930087383836508 -0.021347273141145706 -0.01834043115377426 0.001749822637066245 -0.9998302459716797 -0.6702057719230652 -0.9990078806877136 -0.04061917960643768 0.018254311755299568 -1.9798381328582764
-0.040487051010131836 0.9991774559020996 0.0022693860810250044 -0.021599017083644867 -0.0180395245552063 0.0015399641124531627 -0.9998360276222229 -0.6702562570571899 -0.9990171790122986 -0.04052140563726425 0.017962390556931496 -1.9790643453598022
-0.040492694824934006 0.9991772174835205 0.0022671895567327738 -0.021619591861963272 -0.018024198710918427 0.001538286218419671 -0.9998363256454468 -0.6702572107315063 -0.9990171790122986 -0.04052698612213135 0.017947133630514145 -1.9790312051773071
-0.040045950561761856 0.9991954565048218 0.0021653680596500635 -0.021579783409833908 -0.018557598814368248 0.0014230315573513508 -0.9998267292976379 -0.6703465580940247 -0.9990254640579224 -0.04007924720644951 0.01848573610186577 -1.9797887802124023
-0.03916594013571739 0.9992312788963318 0.0016822550678625703 -0.02156708762049675 -0.01872176304459572 0.000949484296143055 -0.9998242259025574 -0.6705650687217712 -0.9990572929382324 -0.03919060155749321 0.018670236691832542 -1.9799232482910156
-0.038944557309150696 0.9992408752441406 0.0009169041295535862 -0.021647965535521507 -0.018577201291918755 0.00019346218323335052 -0.9998273849487305 -0.6705077290534973 -0.9990686178207397 -0.03895491734147072 0.018555618822574615 -1.9798110723495483
-0.03889230266213417 0.9992428421974182 0.0010324378963559866 -0.021441636607050896 -0.01919206604361534 0.0002860909153241664 -0.9998157024383545 -0.6704283356666565 -0.9990590214729309 -0.038905005902051926 0.019166462123394012 -1.9805115461349487
-0.03892744705080986 0.9992414712905884 0.0010116561315953732 -0.021421223878860474 -0.019192438572645187 0.0002646080974955112 -0.9998157024383545 -0.6704255938529968 -0.9990576505661011 -0.038939740508794785 0.01916763372719288 -1.9805465936660767
-0.03872089087963104 0.9992489814758301 0.001434281817637384 -0.02150742895901203 -0.019535522907972336 0.0006781345000490546 -0.9998089075088501 -0.6704899668693542 -0.9990590214729309 -0.03874156251549721 0.019494647160172462 -1.9811382293701172
-0.03877934068441391 0.9992468357086182 0.001337059191428125 -0.0215087179094553 -0.019569069147109985 0.0005784132517874241 -0.9998083114624023 -0.6705148816108704 -0.9990561008453369 -0.038798123598098755 0.01953195407986641 -1.9812675714492798
-0.03940120339393616 0.999221682548523 0.0018565463833510876 -0.02122739516198635 -0.01907583326101303 0.0011055073700845242 -0.9998173713684082 -0.670882523059845 -0.9990413188934326 -0.039429474622011185 0.019017482176423073 -1.9802988767623901
-0.03968917950987816 0.9992084503173828 0.0026602321304380894 -0.021328656002879143 -0.01955660618841648 0.001885075238533318 -0.9998069405555725 -0.6707726120948792 -0.9990206360816956 -0.03973359242081642 0.01946636289358139 -1.9806828498840332
-0.039649005979299545 0.9992101192474365 0.0026326002553105354 -0.02131735160946846 -0.01952257752418518 0.0018595620058476925 -0.9998076558113098 -0.6707000136375427 -0.999022901058197 -0.03969283029437065 0.019433481618762016 -1.9805598258972168
-0.03995315730571747 0.9991947412490845 0.0036738349590450525 -0.021483225747942924 -0.019822536036372185 0.0028834971599280834 -0.9997993111610413 -0.67038893699646 -0.9990048408508301 -0.04001801460981369 0.01969142258167267 -1.9806028604507446
-0.040007419884204865 0.9991928935050964 0.003581008408218622 -0.021538138389587402 -0.01970931515097618 0.002794085070490837 -0.9998018145561218 -0.6702587604522705 -0.9990049004554749 -0.040070123970508575 0.01958167739212513 -1.9804515838623047
-0.04004855826497078 0.9991900324821472 0.003916303161531687 -0.021566085517406464 -0.020013580098748207 0.0031165590044111013 -0.9997947812080383 -0.6701922416687012 -0.9989972114562988 -0.04011877253651619 0.01987260952591896 -1.9807082414627075
-0.04012157768011093 0.9991870522499084 0.0039196740835905075 -0.021597549319267273 -0.019912011921405792 0.00312256533652544 -0.9997968077659607 -0.6701818704605103 -0.9989963173866272 -0.04019152745604515 0.01977059803903103 -1.9807699918746948
-0.04016485810279846 0.9991897344589233 0.0025706624146550894 -0.021537497639656067 -0.01943358965218067 0.0017911270260810852 -0.9998095035552979 -0.6704972386360168 -0.9990040063858032 -0.04020721837878227 0.019345955923199654 -1.9792184829711914
-0.040317684412002563 0.9991837739944458 0.0024873651564121246 -0.021160542964935303 -0.01928742229938507 0.0017107212916016579 -0.9998124837875366 -0.6706169247627258 -0.9990006685256958 -0.040358152240514755 0.019202761352062225 -1.9786826372146606
-0.0400344654917717 0.9991962313652039 0.002005544491112232 -0.021526945754885674 -0.019076677039265633 0.0012425023596733809 -0.9998171925544739 -0.6705673933029175 -0.9990161061286926 -0.0400654599070549 0.01901165582239628 -1.9785985946655273
-0.04013257473707199 0.9991925954818726 0.0018660817295312881 -0.021537352353334427 -0.01898324303328991 0.0011048403102904558 -0.9998191595077515 -0.6705620884895325 -0.9990139603614807 -0.04016079381108284 0.018923629075288773 -1.9783477783203125
-0.04003903269767761 0.9991961121559143 0.001984905218705535 -0.021630248054862022 -0.019412556663155556 0.0012082912726327777 -0.9998107552528381 -0.6701840162277222 -0.9990094900131226 -0.04007004201412201 0.01934862695634365 -1.979325294494629
-0.03986000642180443 0.9992029070854187 0.0021460244897753 -0.021579544991254807 -0.01995275728404522 0.0013514056336134672 -0.9997999668121338 -0.6700870394706726 -0.9990059733390808 -0.03989490494132042 0.019883040338754654 -1.9798184633255005
-0.03988660126924515 0.9992020130157471 0.00207014218904078 -0.02154783345758915 -0.019775787368416786 0.0012820198899134994 -0.9998035430908203 -0.67007976770401 -0.9990084171295166 -0.03991976007819176 0.019708925858139992 -1.9799304008483887
-0.04018636792898178 0.9991898536682129 0.0021410470362752676 -0.021266931667923927 -0.019722893834114075 0.0013491804711520672 -0.9998044967651367 -0.6702503561973572 -0.9989974498748779 -0.04022079333662987 0.019652750343084335 -1.979530692100525
-0.04024868085980415 0.9991875290870667 0.002064999658614397 -0.021281324326992035 -0.019660724326968193 0.0012743662809953094 -0.9998058676719666 -0.6702901124954224 -0.9989961981773376 -0.040281519293785095 0.019593512639403343 -1.979594349861145
-0.040913283824920654 0.9991594552993774 0.0025155148468911648 -0.02126407064497471 -0.019194606691598892 0.0017312385607510805 -0.9998142123222351 -0.6705192923545837 -0.9989782571792603 -0.040954019874334335 0.019107695668935776 -1.979200005531311
-0.04092741385102272 0.9991574287414551 0.0030518758576363325 -0.02141650952398777 -0.019318168982863426 0.0022626123391091824 -0.9998107552528381 -0.6703670620918274 -0.9989752769470215 -0.040978677570819855 0.019209343940019608 -1.9795668125152588
-0.041501548141241074 0.9991318583488464 0.003619366092607379 -0.021353833377361298 -0.018676718696951866 0.0028461285401135683 -0.9998214840888977 -0.6705687642097473 -0.9989638328552246 -0.0415617898106575 0.018542438745498657 -1.9791353940963745
-0.04150974005460739 0.9991319179534912 0.003507083747535944 -0.021366827189922333 -0.018593624234199524 0.002737073926255107 -0.9998233318328857 -0.6705888509750366 -0.9989650249481201 -0.041567668318748474 0.018463922664523125 -1.979015827178955
-0.040966618806123734 0.9991552829742432 0.003209671936929226 -0.021503733471035957 -0.019016247242689133 0.002432155190035701 -0.9998161792755127 -0.6703773140907288 -0.9989795088768005 -0.04102017730474472 0.01890060119330883 -1.979261040687561
-0.04126207157969475 0.9991419911384583 0.00354398088529706 -0.021410224959254265 -0.018875032663345337 0.0027669372502714396 -0.999817967414856 -0.6702718734741211 -0.9989700317382812 -0.04132150858640671 0.01874472200870514 -1.9792063236236572
-0.04065202549099922 0.9991698265075684 0.0026386927347630262 -0.02160310186445713 -0.018863270059227943 0.0018729936564341187 -0.9998202919960022 -0.6702674031257629 -0.9989952445030212 -0.040694545954465866 0.018771523609757423 -1.9794747829437256
-0.04066944867372513 0.9991691708564758 0.002622526604682207 -0.021632488816976547 -0.01885848492383957 0.0018566843355074525 -0.9998204112052917 -0.6702495813369751 -0.9989945888519287 -0.0407116524875164 0.018767360597848892 -1.979486107826233
-0.04044086113572121 0.999178409576416 0.002629342023283243 -0.021471206098794937 -0.019238704815506935 0.0018523931503295898 -0.9998131394386292 -0.6701678037643433 -0.9989966750144958 -0.04048394411802292 0.01914804056286812 -1.9800738096237183
-0.04047012701630592 0.9991772174835205 0.002625040477141738 -0.021458789706230164 -0.019189365208148956 0.0018495284020900726 -0.9998140931129456 -0.6701325178146362 -0.9989964365959167 -0.04051302745938301 0.019098781049251556 -1.980196237564087
-0.04036960378289223 0.9991810917854309 0.002703118370845914 -0.021545285359025 -0.01967473141849041 0.0019099434139207006 -0.9998045563697815 -0.6702637076377869 -0.9989910125732422 -0.040414951741695404 0.019581569358706474 -1.9812535047531128
-0.04039521515369415 0.9991803169250488 0.0026160406414419413 -0.021557185798883438 -0.01953047700226307 0.0018281482625752687 -0.9998075366020203 -0.6701477766036987 -0.9989928603172302 -0.040438584983348846 0.019440675154328346 -1.9812558889389038
-0.04025615379214287 0.9991861581802368 0.0025306784082204103 -0.021583501249551773 -0.019668009132146835 0.0017398929921910167 -0.9998049736022949 -0.670326828956604 -0.9989957213401794 -0.04029813036322594 0.01958201453089714 -1.9811530113220215
-0.040081482380628586 0.9991939663887024 0.002198824193328619 -0.021467626094818115 -0.018958477303385735 0.0014397535705938935 -0.9998191595077515 -0.6708566546440125 -0.9990164637565613 -0.040115974843502045 0.018885543569922447 -1.9799954891204834
-0.04007185623049736 0.9991924166679382 0.0029418736230582 -0.021477431058883667 -0.019075963646173477 0.002178731607273221 -0.9998155832290649 -0.6708534955978394 -0.9990146160125732 -0.04012063890695572 0.018973305821418762 -1.9802055358886719
-0.04067850112915039 0.9991684556007385 0.0027524821925908327 -0.021107450127601624 -0.018515078350901604 0.0020005530677735806 -0.9998265504837036 -0.6710807085037231 -0.9990006685256958 -0.04072245955467224 0.018418356776237488 -1.9798275232315063
-0.04044930636882782 0.9991773962974548 0.002877499209716916 -0.02111797407269478 -0.018632786348462105 0.0021251083817332983 -0.9998241066932678 -0.6711761951446533 -0.9990077614784241 -0.0404958613216877 0.01853155344724655 -1.9798318147659302
-0.040372807532548904 0.9991785883903503 0.0034706091973930597 -0.02135496586561203 -0.01893555372953415 0.0027077673003077507 -0.9998170137405396 -0.6708738207817078 -0.9990051984786987 -0.0404311902821064 0.018810734152793884 -1.9801487922668457
-0.04030406475067139 0.9991797804832458 0.0038989444728940725 -0.021512476727366447 -0.019422249868512154 0.003118002088740468 -0.9998064637184143 -0.6703900694847107 -0.9989986419677734 -0.04037204384803772 0.019280707463622093 -1.9805347919464111
-0.04003392159938812 0.9991917014122009 0.003627392929047346 -0.02163868397474289 -0.019446684047579765 0.0028505194932222366 -0.9998067617416382 -0.670028567314148 -0.9990090131759644 -0.04009678214788437 0.0193169005215168 -1.9802659749984741
-0.04003240168094635 0.9991915225982666 0.003680667607113719 -0.0216604582965374 -0.01946919970214367 0.0029029527213424444 -0.9998061656951904 -0.669981062412262 -0.9990086555480957 -0.040096353739500046 0.019337302073836327 -1.980281949043274
-0.04006052762269974 0.999191164970398 0.0034760229755192995 -0.02162361703813076 -0.0196087583899498 0.0026920323725789785 -0.9998040795326233 -0.6701483130455017 -0.9990047812461853 -0.040120892226696014 0.01948510855436325 -1.9802981615066528
-0.04011906683444977 0.9991893768310547 0.0033043911680579185 -0.021592164412140846 -0.01952037401497364 0.002522706985473633 -0.9998062252998352 -0.6701409220695496 -0.9990041851997375 -0.040175847709178925 0.019403396174311638 -1.9803622961044312
-0.04097769781947136 0.9991516470909119 0.004087715409696102 -0.021324383094906807 -0.0194549597799778 0.0032925433479249477 -0.9998052716255188 -0.670402467250824 -0.9989705681800842 -0.0410492978990078 0.019303590059280396 -1.979835033416748
-0.040696289390325546 0.999162495136261 0.004242209251970053 -0.02119811624288559 -0.019661204889416695 0.003444160334765911 -0.9998007416725159 -0.6705927848815918 -0.9989780783653259 -0.04077163711190224 0.019504627212882042 -1.9801958799362183
-0.040750034153461456 0.9991605281829834 0.004197273403406143 -0.021192749962210655 -0.01969529129564762 0.0033967529889196157 -0.9998002052307129 -0.6706591248512268 -0.9989751577377319 -0.040824614465236664 0.019540393725037575 -1.9800127744674683
-0.040791142731904984 0.9991590976715088 0.004126360639929771 -0.021281834691762924 -0.01961672492325306 0.0033282036893069744 -0.9998019933700562 -0.670551598072052 -0.9989750385284424 -0.040864065289497375 0.01946452260017395 -1.9797561168670654
