# 3x4 first row second row third row Freq: 100 current Time: 2020-10-02-13:23:56
-0.040461551398038864 0.9991759061813354 0.003199278376996517 -0.02148246206343174 -0.019304370507597923 0.0024196321610361338 -0.9998106956481934 -0.6702789664268494 -0.9989945292472839 -0.040515705943107605 0.01919061504304409 -1.9794875383377075
-0.04009610414505005 0.9991899728775024 0.0033981625456362963 -0.02151256799697876 -0.019278306514024734 0.002626711968332529 -0.9998106360435486 -0.6701822876930237 -0.9990097880363464 -0.04015407711267471 0.019157424569129944 -1.9796801805496216
-0.040205635130405426 0.9991859793663025 0.0032811721321195364 -0.021432161331176758 -0.019502170383930206 0.0024985247291624546 -0.9998066425323486 -0.6700766682624817 -0.9990010261535645 -0.04026190564036369 0.019385894760489464 -1.9798409938812256
-0.04039151221513748 0.9991762638092041 0.003895730944350362 -0.021320020779967308 -0.019465221092104912 0.0031113571021705866 -0.9998056292533875 -0.6701674461364746 -0.9989942312240601 -0.04045954719185829 0.019323568791151047 -1.9797083139419556
-0.04125189036130905 0.9991365075111389 0.004942751955240965 -0.021198421716690063 -0.018914295360445976 0.004165221005678177 -0.9998123645782471 -0.6703272461891174 -0.9989696741104126 -0.041337691247463226 0.01872619427740574 -1.9792497158050537
-0.0412791408598423 0.9991368651390076 0.004631537012755871 -0.02120770886540413 -0.018931398168206215 0.0038525762502104044 -0.9998133182525635 -0.6703757047653198 -0.998968243598938 -0.04135916754603386 0.01875608041882515 -1.9793922901153564
-0.04168550670146942 0.999117374420166 0.005165985319763422 -0.021373867988586426 -0.018879229202866554 0.004381942562758923 -0.999812126159668 -0.6704025864601135 -0.998952329158783 -0.041775260120630264 0.01867995597422123 -1.979539394378662
-0.04135555773973465 0.9991351962089539 0.004292197525501251 -0.02127223275601864 -0.01872841641306877 0.0035199883859604597 -0.9998183846473694 -0.6707937121391296 -0.9989688992500305 -0.04142848774790764 0.01856670342385769 -1.9793510437011719
-0.041498810052871704 0.9991295337677002 0.00423274002969265 -0.02121789939701557 -0.018188832327723503 0.0034802788868546486 -0.9998284578323364 -0.6707046627998352 -0.9989729523658752 -0.041568733751773834 0.01802862621843815 -1.978870153427124
-0.041847169399261475 0.9991151690483093 0.004196717403829098 -0.021441016346216202 -0.017378030344843864 0.003471959149464965 -0.9998428821563721 -0.6707124710083008 -0.9989728331565857 -0.041913580149412155 0.017217416316270828 -1.978316068649292
-0.041890986263751984 0.9991157054901123 0.0035839963238686323 -0.021312136203050613 -0.017462870106101036 0.0028544729575514793 -0.9998433589935303 -0.67060387134552 -0.9989694952964783 -0.04194706678390503 0.01732790470123291 -1.9784752130508423
-0.04142799228429794 0.9991352558135986 0.003515368327498436 -0.02148793824017048 -0.017798496410250664 0.0027798961382359266 -0.9998376965522766 -0.670384407043457 -0.9989829063415527 -0.041483890265226364 0.017667993903160095 -1.9785438776016235
-0.0408339761197567 0.9991610050201416 0.0031278368551284075 -0.021763304248452187 -0.017843274399638176 0.00240078242495656 -0.9998378753662109 -0.670281708240509 -0.9990065693855286 -0.04088322073221207 0.01773032546043396 -1.979051113128662
-0.04085936024785042 0.9991602301597595 0.003035767702385783 -0.021768836304545403 -0.017838187515735626 0.0023084082640707493 -0.9998381733894348 -0.6702107191085815 -0.9990056157112122 -0.04090695455670357 0.01772894151508808 -1.9789389371871948
-0.04098738729953766 0.9991558790206909 0.0027223227079957724 -0.021435409784317017 -0.018289251253008842 0.0019739498384296894 -0.9998307228088379 -0.6698552370071411 -0.9989922046661377 -0.041030291467905045 0.0181929599493742 -1.9800058603286743
-0.04167953506112099 0.999125063419342 0.003441148903220892 -0.02120204083621502 -0.01780402846634388 0.0027009407058358192 -0.9998378157615662 -0.6704002022743225 -0.9989723563194275 -0.04173409566283226 0.01767593063414097 -1.9794654846191406
-0.040632642805576324 0.9991703629493713 0.0027340317610651255 -0.02161397412419319 -0.018099769949913025 0.001999846426770091 -0.9998341202735901 -0.6706295013427734 -0.9990101456642151 -0.04067544266581535 0.018003549426794052 -1.9798521995544434
-0.04055434837937355 0.9991742372512817 0.002473081462085247 -0.02141762152314186 -0.018404444679617882 0.0017277556471526623 -0.9998290538787842 -0.6705254912376404 -0.9990077614784241 -0.0405929870903492 0.018319234251976013 -1.980689287185669
-0.04042898491024971 0.9991785287857056 0.002769971266388893 -0.021529795601963997 -0.01855880580842495 0.0020208852365612984 -0.999825656414032 -0.6702806949615479 -0.9990099668502808 -0.04047339782118797 0.018461911007761955 -1.9808413982391357
-0.03994416072964668 0.9992001056671143 0.0018796100048348308 -0.021752161905169487 -0.01834133267402649 0.0011476316722109914 -0.9998310804367065 -0.6703621745109558 -0.999033510684967 -0.03997194394469261 0.0182808730751276 -1.9805362224578857
-0.03964569792151451 0.9992130994796753 0.0011499574175104499 -0.021900493651628494 -0.018172523006796837 0.0004296935221645981 -0.9998347163200378 -0.6704390048980713 -0.9990484714508057 -0.039660096168518066 0.018141241744160652 -1.9804891347885132
-0.040139514952898026 0.9991927742958069 0.00157631142064929 -0.0214059017598629 -0.01748998463153839 0.0008747866959311068 -0.9998465776443481 -0.6708575487136841 -0.999040961265564 -0.04016098007559776 0.017440807074308395 -1.9792577028274536
-0.039696093648672104 0.9992112517356873 0.001016392488963902 -0.02166673354804516 -0.01693611778318882 0.00034427092759869993 -0.9998564720153809 -0.6705203652381897 -0.9990682005882263 -0.03970766440033913 0.016909146681427956 -1.979003667831421
-0.03911175578832626 0.9992347955703735 -0.00018292329332325608 -0.021632494404911995 -0.01737947203218937 -0.0008632473764009774 -0.9998485445976257 -0.670437216758728 -0.9990836381912231 -0.0391027070581913 0.017399989068508148 -1.9790334701538086
-0.039291754364967346 0.9992277026176453 -0.00012429890921339393 -0.021599210798740387 -0.017545124515891075 -0.0008142368169501424 -0.9998456835746765 -0.6702737212181091 -0.9990736842155457 -0.03928356245160103 0.017563622444868088 -1.979603886604309
-0.03908240422606468 0.9992353916168213 -0.001059149857610464 -0.02160055749118328 -0.017532261088490486 -0.001745472545735538 -0.9998447299003601 -0.6702306270599365 -0.999082088470459 -0.03905781731009483 0.017587127164006233 -1.9796215295791626
-0.039104703813791275 0.9992347955703735 -0.0007065713289193809 -0.021646488457918167 -0.017666669562458992 -0.0013983298558741808 -0.9998428821563721 -0.6702441573143005 -0.9990788698196411 -0.03908613324165344 0.017707886174321175 -1.9800180196762085
-0.0390445701777935 0.9992371797561646 -0.0007224974688142538 -0.02139144577085972 -0.01827438734471798 -0.0014369373675435781 -0.9998319149017334 -0.6704419255256653 -0.9990702867507935 -0.03902485966682434 0.01831660605967045 -1.9807226657867432
-0.03955623134970665 0.9992172718048096 9.583560313330963e-05 -0.02114788442850113 -0.018121063709259033 -0.0006214171298779547 -0.9998355507850647 -0.6708493828773499 -0.9990529417991638 -0.0395515151321888 0.018131515011191368 -1.9807323217391968
-0.039311669766902924 0.9992268681526184 0.00045774737372994423 -0.021424787119030952 -0.01857890747487545 -0.000272860168479383 -0.9998273253440857 -0.6705912947654724 -0.9990541934967041 -0.03931343927979469 0.01857532560825348 -1.980205774307251
-0.039131708443164825 0.9992337822914124 0.0006661376100964844 -0.0214402973651886 -0.018812384456396103 -7.014446600805968e-05 -0.9998229742050171 -0.6706512570381165 -0.999056875705719 -0.03913736715912819 0.0188007690012455 -1.9807491302490234
-0.03909391164779663 0.9992349147796631 0.0010507343104109168 -0.02153448387980461 -0.0193182285875082 0.0002955894742626697 -0.9998133182525635 -0.6704790592193604 -0.9990487098693848 -0.03910696506500244 0.019291946664452553 -1.980960726737976
-0.039725273847579956 0.9992098212242126 0.001226887572556734 -0.021344847977161407 -0.018572261556982994 0.000489324564114213 -0.9998273253440857 -0.6706079840660095 -0.9990379810333252 -0.03974125534296036 0.018538201227784157 -1.9798598289489746
-0.039617300033569336 0.9992138147354126 0.0014637407148256898 -0.021531082689762115 -0.018844248726963997 0.0007175366044975817 -0.9998221397399902 -0.6704329252243042 -0.9990371465682983 -0.039637889713048935 0.01880105957388878 -1.9800565242767334
-0.03930297866463661 0.9992269277572632 0.0008365636458620429 -0.021744968369603157 -0.018870757892727852 9.486130147706717e-05 -0.9998219013214111 -0.6703623533248901 -0.9990490674972534 -0.039311815053224564 0.01885249651968479 -1.980095624923706
-0.03883085399866104 0.9992457032203674 0.00033057742984965444 -0.02168501913547516 -0.01924446038901806 -0.00041702689486555755 -0.9998146891593933 -0.6704776287078857 -0.9990603923797607 -0.038830071687698364 0.019246192649006844 -1.980139136314392
-0.03890122473239899 0.999242901802063 0.0004475096066016704 -0.021613461896777153 -0.019547563046216965 -0.0003131869016215205 -0.9998088479042053 -0.670355498790741 -0.9990518093109131 -0.038902588188648224 0.019545001909136772 -1.9806278944015503
-0.03889555484056473 0.9992431402206421 0.00043022786849178374 -0.021601753309369087 -0.019535169005393982 -0.000329884875100106 -0.9998090863227844 -0.6703333258628845 -0.9990522265434265 -0.0388965867459774 0.019533269107341766 -1.9806443452835083
-0.03918273374438286 0.9992319941520691 0.0002200776361860335 -0.021472234278917313 -0.018816912546753883 -0.0005176066188141704 -0.999822735786438 -0.6707165837287903 -0.9990547895431519 -0.03917998448014259 0.018822796642780304 -1.979901671409607
-0.039311494678258896 0.9992268681526184 -0.0003656953340396285 -0.02127024531364441 -0.01846100017428398 -0.0010921562789008021 -0.9998289346694946 -0.6709882616996765 -0.9990563988685608 -0.03929807245731354 0.018489716574549675 -1.9791131019592285
-0.03921502083539963 0.9992307424545288 -1.151033393398393e-05 -0.021611612290143967 -0.01828129030764103 -0.0007289198692888021 -0.9998325705528259 -0.6708766222000122 -0.9990634918212891 -0.039208296686410904 0.01829586550593376 -1.9787951707839966
-0.039249639958143234 0.999229371547699 -0.0001563521655043587 -0.02141253836452961 -0.018363190814852715 -0.0008777003968134522 -0.999830961227417 -0.670742392539978 -0.9990606307983398 -0.039240188896656036 0.01838354393839836 -1.9790449142456055
-0.039055466651916504 0.9992370009422302 -0.0001425069640390575 -0.02171173132956028 -0.018838243559002876 -0.0008788381819613278 -0.9998220801353455 -0.6703745126724243 -0.9990593791007996 -0.03904588893055916 0.018858248367905617 -1.9798699617385864
-0.038983892649412155 0.9992398023605347 -7.247967005241662e-05 -0.0216072965413332 -0.019306452944874763 -0.0008256841683760285 -0.9998131990432739 -0.6702343821525574 -0.9990532398223877 -0.03897526487708092 0.01932401955127716 -1.9802933931350708
-0.039725832641124725 0.9992104172706604 0.000537714222446084 -0.02127867192029953 -0.018829939886927605 -0.0002105320309055969 -0.9998226165771484 -0.670579731464386 -0.9990331530570984 -0.03972896561026573 0.018823489546775818 -1.9800211191177368
-0.04002045467495918 0.9991980791091919 0.001197342062368989 -0.021294111385941505 -0.01869073323905468 0.0004495318862609565 -0.9998251795768738 -0.6705805659294128 -0.999023973941803 -0.04003589227795601 0.018657809123396873 -1.9798457622528076
-0.0400053933262825 0.9991989731788635 0.0009107662481255829 -0.021435724571347237 -0.018414918333292007 0.00017410556029062718 -0.9998303651809692 -0.670759379863739 -0.9990296959877014 -0.04001542925834656 0.01839325577020645 -1.9798176288604736
-0.0397951677441597 0.9992073774337769 0.0008940110565163195 -0.021411335095763206 -0.019043199717998505 0.00013617982040159404 -0.9998186230659485 -0.6707855463027954 -0.9990262985229492 -0.03980502858757973 0.019022740423679352 -1.9805654287338257
-0.04004637151956558 0.9991973638534546 0.0008884326089173555 -0.021119801327586174 -0.01878739707171917 0.00013606825086753815 -0.9998234510421753 -0.6709859371185303 -0.9990211129188538 -0.04005604609847069 0.018766922876238823 -1.9804145097732544
-0.0400170274078846 0.9991984963417053 0.0009610243141651154 -0.021139832213521004 -0.01883946917951107 0.00020717056759167463 -0.9998224377632141 -0.6710246205329895 -0.9990213513374329 -0.040028080344200134 0.018816132098436356 -1.9804643392562866
-0.04005172476172447 0.9991961121559143 0.0016889855032786727 -0.021351555362343788 -0.01884702406823635 0.0009346305741928518 -0.9998219013214111 -0.6709526777267456 -0.9990198016166687 -0.04007647559046745 0.01879449374973774 -1.9806439876556396
-0.04081834852695465 0.9991632103919983 0.002573340432718396 -0.021415656432509422 -0.018766965717077255 0.0018084098119288683 -0.999822199344635 -0.670494556427002 -0.9989902973175049 -0.040859438478946686 0.018677499145269394 -1.9805529117584229
-0.040559686720371246 0.999173641204834 0.0026136948727071285 -0.021351834759116173 -0.018889006227254868 0.0018486697226762772 -0.999819815158844 -0.6705601811408997 -0.9989985227584839 -0.04060180112719536 0.018798470497131348 -1.9807995557785034
-0.03952241316437721 0.9992180466651917 0.0010899630142375827 -0.021725356578826904 -0.01916065625846386 0.00033279802300967276 -0.9998162984848022 -0.6707648634910583 -0.9990348815917969 -0.039536092430353165 0.019132575020194054 -1.98088800907135
-0.03907082974910736 0.9992362260818481 0.000542958325240761 -0.021731918677687645 -0.01943776197731495 -0.00021670896967407316 -0.9998109936714172 -0.670462965965271 -0.9990473389625549 -0.03907405212521553 0.01943143829703331 -1.9808590412139893
-0.039679862558841705 0.9992121458053589 0.0006934886914677918 -0.021282540634274483 -0.01892033778131008 -5.7386758271604776e-05 -0.9998209476470947 -0.6708453893661499 -0.9990332722663879 -0.0396859310567379 0.018907763063907623 -1.9800310134887695
-0.03974204137921333 0.9992096424102783 0.0007098031928762794 -0.021303819492459297 -0.018847325816750526 -3.9334936445811763e-05 -0.9998223185539246 -0.6707931160926819 -0.9990321397781372 -0.0397484116256237 0.018834048882126808 -1.9797947406768799
-0.03902572765946388 0.999238133430481 0.0002147356135537848 -0.021680131554603577 -0.01911008171737194 -0.000531442987266928 -0.9998171925544739 -0.6705882549285889 -0.9990553855895996 -0.03902275115251541 0.019116315990686417 -1.979915738105774
-0.03895442932844162 0.9992408156394958 0.00042925140587612987 -0.021560121327638626 -0.019538514316082 -0.0003321441472508013 -0.9998090267181396 -0.6704297065734863 -0.9990499019622803 -0.038955431431531906 0.01953667588531971 -1.980395793914795
-0.03905774652957916 0.9992368221282959 0.00036872850614599884 -0.021383443847298622 -0.01924322172999382 -0.0003831787616945803 -0.9998146891593933 -0.6708642244338989 -0.999051570892334 -0.0390576608479023 0.019243555143475533 -1.9804872274398804
-0.03901320695877075 0.9992384910583496 0.0005170972435735166 -0.021399255841970444 -0.01931622624397278 -0.00023671716917306185 -0.9998133182525635 -0.6709597110748291 -0.9990519285202026 -0.03901596739888191 0.019310805946588516 -1.9806119203567505
-0.039123207330703735 0.9992343187332153 -3.509472298901528e-05 -0.021302364766597748 -0.018673155456781387 -0.0007661785348318517 -0.9998252987861633 -0.6711939573287964 -0.9990598559379578 -0.03911576792597771 0.018688887357711792 -1.9801549911499023
-0.03877928480505943 0.9992477297782898 -8.720161713426933e-05 -0.021549535915255547 -0.019112003967165947 -0.0008289086981676519 -0.9998169541358948 -0.6710333228111267 -0.9990649819374084 -0.03877057135105133 0.01912982575595379 -1.980802297592163
-0.03896239399909973 0.9992406368255615 3.153179932269268e-05 -0.021556932479143143 -0.019342241808772087 -0.0007225925801321864 -0.9998126029968262 -0.6704716682434082 -0.999053418636322 -0.03895575553178787 0.019355762749910355 -1.9809455871582031
-0.038762349635362625 0.9992483854293823 1.8404236470814794e-05 -0.021470488980412483 -0.01965634897351265 -0.0007440344779752195 -0.9998064637184143 -0.6706516146659851 -0.999055027961731 -0.03875526413321495 0.01967046968638897 -1.9813637733459473
-0.03869255259633064 0.9992510676383972 0.00035875881440006196 -0.021489223465323448 -0.020139949396252632 -0.0004208449099678546 -0.9997970461845398 -0.6706503629684448 -0.999048113822937 -0.03869197517633438 0.020141202956438065 -1.9816882610321045
-0.038904763758182526 0.9992421269416809 0.0012400090927258134 -0.021401045843958855 -0.02020231820642948 0.0004541838716249913 -0.9997957348823547 -0.6708581447601318 -0.9990386366844177 -0.03892192244529724 0.020169392228126526 -1.981710433959961
-0.039066556841135025 0.999234676361084 0.0019393458496779203 -0.021452562883496284 -0.02011696994304657 0.0011539846891537309 -0.9997969269752502 -0.6710501909255981 -0.99903404712677 -0.03909768909215927 0.020056545734405518 -1.9814420938491821
-0.039204083383083344 0.9992291331291199 0.002018072409555316 -0.021514195948839188 -0.019994135946035385 0.0012348177842795849 -0.9997993111610413 -0.6708758473396301 -0.999031126499176 -0.03923662006855011 0.019930368289351463 -1.9811261892318726
-0.03950905054807663 0.9992157816886902 0.002600365784019232 -0.021424325183033943 -0.020008213818073273 0.0018108057556673884 -0.9997981190681458 -0.6709222197532654 -0.9990188479423523 -0.03955315425992012 0.019921032711863518 -1.981199860572815
-0.03977695107460022 0.9992039799690247 0.0030110699590295553 -0.021299190819263458 -0.019924484193325043 0.002219746820628643 -0.9997989535331726 -0.6710596084594727 -0.9990098476409912 -0.03982900083065033 0.019820384681224823 -1.9809556007385254
-0.04016469791531563 0.9991865754127502 0.0035851893480867147 -0.021395349875092506 -0.01956767961382866 0.0028008874505758286 -0.9998045563697815 -0.6707587242126465 -0.9990013837814331 -0.04022705554962158 0.019439321011304855 -1.9806057214736938
-0.04062896966934204 0.9991653561592102 0.004217322915792465 -0.021245405077934265 -0.019585924223065376 0.0034236409701406956 -0.99980229139328 -0.6707062721252441 -0.9989822506904602 -0.04070359095931053 0.019430533051490784 -1.9805461168289185
-0.040285155177116394 0.9991788268089294 0.004315340891480446 -0.0215469803661108 -0.0199343953281641 0.00351433246396482 -0.9997950792312622 -0.6706711649894714 -0.9989892840385437 -0.04036297649145126 0.01977650448679924 -1.9810818433761597
-0.040226273238658905 0.9991815686225891 0.0042286040261387825 -0.021596604958176613 -0.01991211250424385 0.0034296074882149696 -0.9997957944869995 -0.6704728007316589 -0.9989921450614929 -0.04030231386423111 0.019757909700274467 -1.980865716934204
-0.04006600007414818 0.9991879463195801 0.004244609735906124 -0.02171965129673481 -0.02000490389764309 0.0034450660459697247 -0.9997938871383667 -0.670470118522644 -0.9989966750144958 -0.04014270752668381 0.019850684329867363 -1.980845332145691
-0.04014961048960686 0.9991846680641174 0.00422564335167408 -0.021752631291747093 -0.019868211820721626 0.0034299297258257866 -0.9997966885566711 -0.670400083065033 -0.9989960789680481 -0.04022545367479324 0.01971435733139515 -1.980831265449524
-0.04009164497256279 0.99918532371521 0.004608407150954008 -0.021407481282949448 -0.020125195384025574 0.003803737461566925 -0.9997901916503906 -0.6705529689788818 -0.9989932775497437 -0.04017603024840355 0.019956355914473534 -1.9805610179901123
-0.04004756733775139 0.999186098575592 0.0048176078125834465 -0.02148497849702835 -0.020166795700788498 0.004012273624539375 -0.9997885227203369 -0.6703921556472778 -0.9989941716194153 -0.04013630747795105 0.019989755004644394 -1.9809356927871704
-0.04005269706249237 0.999187171459198 0.0045459154061973095 -0.021579407155513763 -0.020188143476843834 0.0037394571118056774 -0.9997891783714294 -0.6704039573669434 -0.9989935755729675 -0.040136076509952545 0.020022012293338776 -1.9807851314544678
-0.04038786515593529 0.9991719722747803 0.004908109083771706 -0.021439721807837486 -0.019993899390101433 0.0041030230931937695 -0.9997916221618652 -0.670587420463562 -0.9989839792251587 -0.040477633476257324 0.019811686128377914 -1.980480432510376
-0.040726277977228165 0.9991568922996521 0.005174972582608461 -0.02127695642411709 -0.019905775785446167 0.004366941284388304 -0.9997922778129578 -0.6706644296646118 -0.9989719986915588 -0.040820881724357605 0.019711198285222054 -1.9803613424301147
-0.040692467242479324 0.9991568326950073 0.0054427143186330795 -0.021210653707385063 -0.019979551434516907 0.004632508382201195 -0.9997895956039429 -0.6709247827529907 -0.9989718794822693 -0.04079269990324974 0.01977425068616867 -1.9804900884628296
-0.04059019684791565 0.9991593956947327 0.0057303523644804955 -0.021315323188900948 -0.02054988406598568 0.0048991176299750805 -0.9997767806053162 -0.6708396077156067 -0.9989644885063171 -0.04069894552230835 0.020333807915449142 -1.9812908172607422
-0.04059524089097977 0.9991620779037476 0.005206972826272249 -0.021412668749690056 -0.020001200959086418 0.004397662356495857 -0.9997902512550354 -0.6711119413375854 -0.998975396156311 -0.04069092497229576 0.019805971533060074 -1.980940818786621
-0.040688011795282364 0.9991584420204163 0.005171728320419788 -0.021477658301591873 -0.019984854385256767 0.004361222498118877 -0.9997907280921936 -0.6709755063056946 -0.9989719390869141 -0.040782906115055084 0.019790640100836754 -1.9806708097457886
-0.04071417823433876 0.9991597533226013 0.004695676267147064 -0.021445440128445625 -0.01957504078745842 0.003901086747646332 -0.9998007416725159 -0.6710799336433411 -0.9989790320396423 -0.040798038244247437 0.019399816170334816 -1.980544090270996
-0.04086383804678917 0.9991535544395447 0.0047118086367845535 -0.02158079668879509 -0.019725829362869263 0.003908140584826469 -0.9997977614402771 -0.670579195022583 -0.9989699125289917 -0.040948569774627686 0.01954948529601097 -1.9805958271026611
-0.040615275502204895 0.999165415763855 0.004333265591412783 -0.021583888679742813 -0.019451074302196503 0.003545416984707117 -0.9998044967651367 -0.6706926822662354 -0.9989854693412781 -0.04069167375564575 0.019290896132588387 -1.9804636240005493
-0.040334541350603104 0.9991764426231384 0.004409691784530878 -0.021565383300185204 -0.01971033401787281 0.003616828005760908 -0.9997991323471069 -0.6705767512321472 -0.9989917278289795 -0.04041340947151184 0.01954827271401882 -1.980754017829895
-0.040364183485507965 0.9991756081581116 0.0043311468325555325 -0.021571947261691093 -0.019517451524734497 0.003545461455360055 -0.9998031854629517 -0.6704996824264526 -0.9989943504333496 -0.04044082388281822 0.019358305260539055 -1.9807026386260986
-0.04136420413851738 0.9991322159767151 0.004869771655648947 -0.021195223554968834 -0.01909598708152771 0.004082545638084412 -0.9998092651367188 -0.6707085371017456 -0.9989615678787231 -0.04144936054944992 0.018910599872469902 -1.98029363155365
-0.04135802015662193 0.9991323351860046 0.0048928651958703995 -0.02118801325559616 -0.019120963290333748 0.004104735795408487 -0.9998087286949158 -0.6707127690315247 -0.998961329460144 -0.04144371673464775 0.018934663385152817 -1.980284571647644
-0.04200555384159088 0.9991053938865662 0.004879484884440899 -0.021047161892056465 -0.018466763198375702 0.004106629174202681 -0.9998210072517395 -0.6708974242210388 -0.9989466667175293 -0.04208819568157196 0.018277795985341072 -1.9797557592391968
-0.04149439185857773 0.9991259574890137 0.005046420730650425 -0.02160472236573696 -0.01910429820418358 0.004256503190845251 -0.9998083710670471 -0.6702591776847839 -0.998956024646759 -0.04158290475606918 0.018911032006144524 -1.9806050062179565
-0.04070982709527016 0.9991616010665894 0.004327703267335892 -0.0216786228120327 -0.019184332340955734 0.003548914333805442 -0.9998096227645874 -0.6708936095237732 -0.9989867806434631 -0.04078515246510506 0.019023826345801353 -1.9808722734451294
-0.040540728718042374 0.9991683959960938 0.0043399943970143795 -0.021543538197875023 -0.019365036860108376 0.003557088552042842 -0.9998061060905457 -0.6710554957389832 -0.9989901781082153 -0.0406169667840004 0.01920478045940399 -1.9811139106750488
-0.0400829017162323 0.9991880059242249 0.004072161857038736 -0.021613536402583122 -0.01916610077023506 0.0033058931585401297 -0.9998108148574829 -0.6712967753410339 -0.9990124702453613 -0.040153417736291885 0.019018083810806274 -1.980755090713501
-0.040220439434051514 0.9991827607154846 0.004003759007900953 -0.02165311388671398 -0.019068384543061256 0.0032387683168053627 -0.99981290102005 -0.6710940599441528 -0.99900883436203 -0.04028931260108948 0.0189225897192955 -1.9803053140640259
-0.04001636430621147 0.9991896152496338 0.004323143046349287 -0.02160799317061901 -0.019729170948266983 0.00353570026345551 -0.9997990727424622 -0.6710476875305176 -0.9990041851997375 -0.040093667805194855 0.019571751356124878 -1.9814066886901855
-0.03995293006300926 0.9991927742958069 0.004171760752797127 -0.02146238088607788 -0.02002860978245735 0.0033734715543687344 -0.9997936487197876 -0.670670211315155 -0.9990007281303406 -0.040028296411037445 0.019877716898918152 -1.9817700386047363
-0.03993256390094757 0.9991963505744934 0.003449865151196718 -0.021249491721391678 -0.019700035452842712 0.0026647020131349564 -0.9998023509979248 -0.6709439158439636 -0.9990081191062927 -0.03999268636107445 0.01957784965634346 -1.98053777217865
-0.040255360305309296 0.9991809129714966 0.0041183410212397575 -0.021268311887979507 -0.01961335726082325 0.003330761566758156 -0.9998020529747009 -0.6708760261535645 -0.9989968538284302 -0.040328219532966614 0.01946326531469822 -1.9805943965911865
-0.04027080908417702 0.999180018901825 0.00417395681142807 -0.021256882697343826 -0.019745390862226486 0.0033807787112891674 -0.9997992515563965 -0.671040415763855 -0.9989936351776123 -0.040345195680856705 0.01959310844540596 -1.980825662612915
-0.040664512664079666 0.9991646409034729 0.004032471217215061 -0.02138543128967285 -0.019122332334518433 0.0032568832393735647 -0.9998117685317993 -0.6708301901817322 -0.9989898204803467 -0.04073402285575867 0.018973972648382187 -1.9793579578399658
-0.04073008522391319 0.9991617798805237 0.004087555222213268 -0.021449027583003044 -0.019005928188562393 0.0033155104611068964 -0.9998137950897217 -0.6709902286529541 -0.9989893436431885 -0.040800243616104126 0.018855011090636253 -1.97952401638031
-0.0406922847032547 0.9991645216941833 0.0037807857152074575 -0.021402696147561073 -0.01885329745709896 0.00301548233255744 -0.9998176693916321 -0.6707565784454346 -0.9989938139915466 -0.04075619950890541 0.018714891746640205 -1.979897379875183
-0.040661007165908813 0.9991667866706848 0.003515285672619939 -0.021370965987443924 -0.018983550369739532 0.0027450863271951675 -0.9998160004615784 -0.6707531213760376 -0.9989926218986511 -0.04072031378746033 0.018856167793273926 -1.9804415702819824
-0.04061568155884743 0.9991689920425415 0.0033970733638852835 -0.02136043645441532 -0.018967851996421814 0.002628292655572295 -0.9998165965080261 -0.6708124876022339 -0.9989947080612183 -0.04067271947860718 0.018845394253730774 -1.9806828498840332
-0.04118753597140312 0.9991434216499329 0.003983324859291315 -0.02111857943236828 -0.018746888265013695 0.003213268704712391 -0.9998190402984619 -0.670993447303772 -0.9989755153656006 -0.041254810988903046 0.018598537892103195 -1.9809064865112305
-0.04146511107683182 0.9991264343261719 0.005192487966269255 -0.021287163719534874 -0.018783926963806152 0.004416551906615496 -0.9998137354850769 -0.6708789467811584 -0.9989632964134216 -0.04155497997999191 0.018584439530968666 -1.9809662103652954
-0.04107220470905304 0.9991404414176941 0.0055961040779948235 -0.021423108875751495 -0.019087795168161392 0.0048152306117117405 -0.9998061656951904 -0.6706476211547852 -0.9989737868309021 -0.0411711148917675 0.0188736692070961 -1.9813743829727173
-0.040519095957279205 0.9991692900657654 0.004333160817623138 -0.02173919603228569 -0.019042903557419777 0.003563756588846445 -0.9998122453689575 -0.6704397201538086 -0.9989972114562988 -0.040594059973955154 0.018882738426327705 -1.9814907312393188
-0.040214959532022476 0.999181866645813 0.0042762127704918385 -0.02154024876654148 -0.019422372803092003 0.0034972212743014097 -0.999805212020874 -0.6706413626670837 -0.99900221824646 -0.0402902327477932 0.01926589570939541 -1.9815727472305298
-0.03973822295665741 0.9992039799690247 0.0034929602406919003 -0.02159481681883335 -0.019498562440276146 0.0027196600567549467 -0.9998061060905457 -0.6708093285560608 -0.9990198016166687 -0.03979868069291115 0.019375020638108253 -1.981582522392273
-0.03943995386362076 0.9992163777351379 0.003326601581647992 -0.021509742364287376 -0.019808195531368256 0.0025467497762292624 -0.9998005032539368 -0.6707441210746765 -0.9990255236625671 -0.03949803486466408 0.019692283123731613 -1.9820774793624878
-0.039539992809295654 0.9992119669914246 0.0034501515328884125 -0.0212129857391119 -0.019618751481175423 0.0026759086176753044 -0.999803900718689 -0.6710962653160095 -0.9990253448486328 -0.03959997743368149 0.019497539848089218 -1.9812893867492676
-0.03934938833117485 0.9992188811302185 0.0036263440269976854 -0.02143724076449871 -0.020029349252581596 0.002839727560058236 -0.9997953176498413 -0.6709157228469849 -0.9990246891975403 -0.039414022117853165 0.01990201696753502 -1.9816617965698242
-0.03939957544207573 0.9992170333862305 0.0035973419435322285 -0.02146141231060028 -0.02003108337521553 0.002809639787301421 -0.9997953772544861 -0.6708728075027466 -0.9990226626396179 -0.039463624358177185 0.01990475505590439 -1.9816502332687378
-0.038979362696409225 0.9992371201515198 0.002389963250607252 -0.02165963687002659 -0.01993894763290882 0.0016135586192831397 -0.9997998476028442 -0.6708207726478577 -0.9990410208702087 -0.03901926800608635 0.019860895350575447 -1.9811079502105713
-0.03902130201458931 0.9992340803146362 0.0029044942930340767 -0.02130487561225891 -0.020196838304400444 0.002117460360750556 -0.9997937083244324 -0.670939564704895 -0.9990341663360596 -0.03907196968793869 0.020098797976970673 -1.9807764291763306
-0.03849353268742561 0.9992571473121643 0.0018244871171191335 -0.02154926396906376 -0.020282801240682602 0.0010441800113767385 -0.9997937083244324 -0.6710284352302551 -0.9990529417991638 -0.03852264955639839 0.020227594301104546 -1.9807597398757935
-0.03848816826939583 0.9992573261260986 0.0018369945464655757 -0.02155308984220028 -0.020306803286075592 0.001055877422913909 -0.9997931718826294 -0.6710492372512817 -0.9990526437759399 -0.03851756453514099 0.020251136273145676 -1.9807400703430176
-0.03887521103024483 0.9992408752441406 0.0025061536580324173 -0.021513601765036583 -0.020174402743577957 0.0017227136995643377 -0.9997949600219727 -0.6707713007926941 -0.9990403652191162 -0.03891785442829132 0.020092172548174858 -1.980517864227295
-0.03902870789170265 0.9992347359657288 0.0025674577336758375 -0.02162380889058113 -0.02003624103963375 0.0017863668035715818 -0.9997975826263428 -0.670673131942749 -0.9990371465682983 -0.03907230496406555 0.019951242953538895 -1.9803457260131836
-0.03907010704278946 0.9992337226867676 0.002310778945684433 -0.02145947515964508 -0.020204097032546997 0.001522145001217723 -0.9997946619987488 -0.6707549095153809 -0.9990321397781372 -0.039108823984861374 0.02012919820845127 -1.9804883003234863
-0.03921877220273018 0.9992260932922363 0.0029991024639457464 -0.02146437205374241 -0.02014995366334915 0.0022099902853369713 -0.9997944831848145 -0.6707020401954651 -0.9990274310112 -0.03927119821310043 0.020047741010785103 -1.9804309606552124
-0.03935592994093895 0.9992210268974304 0.002887880429625511 -0.02153412066400051 -0.020022038370370865 0.0021009959746152163 -0.9997972846031189 -0.670573890209198 -0.9990245699882507 -0.03940582647919655 0.01992380991578102 -1.980164885520935
-0.03943164274096489 0.9992191195487976 0.002480733208358288 -0.021413445472717285 -0.01960679329931736 0.0017085089348256588 -0.99980628490448 -0.6708006262779236 -0.999029815196991 -0.03947269544005394 0.019524168223142624 -1.979303240776062
-0.0394342839717865 0.9992190003395081 0.0024905416648834944 -0.02138775959610939 -0.019650278612971306 0.0017165531171485782 -0.9998053908348083 -0.6709423661231995 -0.9990288615226746 -0.03947560489177704 0.019567295908927917 -1.9794131517410278
-0.03902263566851616 0.999234676361084 0.002671480644494295 -0.021503549069166183 -0.019840355962514877 0.001898229937069118 -0.9998012781143188 -0.6707662343978882 -0.9990412592887878 -0.039067938923835754 0.019751152023673058 -1.9797954559326172
-0.03913645073771477 0.9992293119430542 0.003006460377946496 -0.021593652665615082 -0.020166203379631042 0.002218367764726281 -0.9997941255569458 -0.6704598069190979 -0.9990302920341492 -0.03918907791376114 0.020063895732164383 -1.9802675247192383
-0.03904462605714798 0.9992336630821228 0.002730307402089238 -0.021409647539258003 -0.020404651761054993 0.0019345744512975216 -0.9997898936271667 -0.6705828309059143 -0.9990290403366089 -0.03909218683838844 0.020313534885644913 -1.9808915853500366
-0.03858352452516556 0.9992531538009644 0.0020893060136586428 -0.0216683316975832 -0.02078838460147381 0.0012877756962552667 -0.9997830390930176 -0.670627236366272 -0.9990390539169312 -0.03861863911151886 0.02072322554886341 -1.9812254905700684
-0.03870803117752075 0.9992485642433167 0.0019809119403362274 -0.021699722856283188 -0.02062811329960823 0.0011829545255750418 -0.9997864961624146 -0.6704979538917542 -0.9990375638008118 -0.03874067962169647 0.020566876977682114 -1.981082558631897
-0.03904128819704056 0.999235987663269 0.0017593511147424579 -0.021486029028892517 -0.020104724913835526 0.0009748753509484231 -0.9997973442077637 -0.6707756519317627 -0.9990352988243103 -0.0390687994658947 0.02005135826766491 -1.9800450801849365
-0.0390397384762764 0.9992365837097168 0.0014245531056076288 -0.021436825394630432 -0.02023249864578247 0.0006349247414618731 -0.9997950196266174 -0.6706715226173401 -0.999032735824585 -0.03906061127781868 0.02019231952726841 -1.9802619218826294
-0.0390324741601944 0.9992367029190063 0.0015233958838507533 -0.02158968709409237 -0.020539099350571632 0.0007219835533760488 -0.999788761138916 -0.6704348921775818 -0.9990267753601074 -0.03905556723475456 0.020495295524597168 -1.9804986715316772
-0.03863450512290001 0.9992533326148987 0.00029423731029964983 -0.021464506164193153 -0.019581271335482597 -0.00046262703835964203 -0.999808132648468 -0.670937716960907 -0.9990614652633667 -0.03863290697336197 0.01958457939326763 -1.9795886278152466
-0.038537975400686264 0.9992567300796509 -0.0008432230679318309 -0.021506348624825478 -0.01945197768509388 -0.001593836466781795 -0.9998094439506531 -0.6709718108177185 -0.9990677237510681 -0.038514282554388046 0.019498996436595917 -1.979324460029602
-0.0386006198823452 0.999254584312439 -0.0003816386160906404 -0.02177671529352665 -0.019576959311962128 -0.0011380460346117616 -0.9998076558113098 -0.6706385612487793 -0.9990628957748413 -0.03858577832579613 0.019606349989771843 -1.9796584844589233
-0.03899333253502846 0.9992393851280212 0.0001584078127052635 -0.021502267569303513 -0.0195012204349041 -0.0006024478352628648 -0.9998096227645874 -0.6704946160316467 -0.9990491271018982 -0.038989052176475525 0.0195099338889122 -1.9797443151474
-0.03890082612633705 0.9992429614067078 -0.00030954074463807046 -0.021603010594844818 -0.0192569512873888 -0.0010593461338430643 -0.999813973903656 -0.6705369353294373 -0.9990574717521667 -0.03888767957687378 0.019283637404441833 -1.9797203540802002
-0.03872305527329445 0.9992499351501465 -5.705252260668203e-05 -0.02150781825184822 -0.01968030445277691 -0.0008196874987334013 -0.9998059272766113 -0.6702429056167603 -0.9990561008453369 -0.03871447220444679 0.019697338342666626 -1.9803378582000732
-0.03851205110549927 0.9992579221725464 -0.0006138186436146498 -0.02176366001367569 -0.019689468666911125 -0.0013729494530707598 -0.9998051524162292 -0.6703789234161377 -0.9990640878677368 -0.03849251568317413 0.019727787002921104 -1.980592966079712
-0.038488633930683136 0.9992587566375732 -0.0006705530686303973 -0.021545568481087685 -0.0197374876588583 -0.0014311011182144284 -0.9998041391372681 -0.6709255576133728 -0.999064028263092 -0.03846791386604309 0.019777994602918625 -1.9806221723556519
-0.03934144228696823 0.9992257952690125 8.15809762571007e-05 -0.021236127242445946 -0.019283007830381393 -0.0006775297806598246 -0.9998137950897217 -0.6709085702896118 -0.9990397095680237 -0.039335742592811584 0.01929478719830513 -1.9803690910339355
-0.03937598690390587 0.9992244243621826 0.00014596401888411492 -0.021318869665265083 -0.019238034263253212 -0.0006120039615780115 -0.9998146891593933 -0.6708167195320129 -0.9990391731262207 -0.0393715538084507 0.0192472655326128 -1.9801182746887207
-0.03933202847838402 0.9992259740829468 0.0005541021819226444 -0.021436600014567375 -0.019680103287100792 -0.0002201836759923026 -0.9998062252998352 -0.6705079078674316 -0.9990323185920715 -0.03933536633849144 0.019673585891723633 -1.9807049036026
-0.03992277756333351 0.999201774597168 0.0013631196925416589 -0.021280989050865173 -0.019333433359861374 0.0005915427464060485 -0.9998128414154053 -0.6706311702728271 -0.9990156292915344 -0.03994171321392059 0.019294438883662224 -1.98039972782135
-0.039528101682662964 0.9992179274559021 0.000984041835181415 -0.021880054846405983 -0.019484028220176697 0.00021390593610703945 -0.9998100996017456 -0.6706395149230957 -0.9990284442901611 -0.039539821445941925 0.019460389390587807 -1.9809986352920532
-0.03952069208025932 0.999218225479126 0.0009972669649869204 -0.021941758692264557 -0.019503703340888023 0.00022650466416962445 -0.9998096823692322 -0.6706392765045166 -0.9990283250808716 -0.039532676339149475 0.01947955973446369 -1.9810649156570435
-0.03878285363316536 0.9992475509643555 0.00032231342629529536 -0.021753495559096336 -0.019789548590779305 -0.0004455298185348511 -0.9998040199279785 -0.6708412766456604 -0.9990516304969788 -0.03878168389201164 0.019791990518569946 -1.9812211990356445
-0.03902479633688927 0.9992377161979675 0.000953597598709166 -0.021449601277709007 -0.019644945859909058 0.00018696632469072938 -0.9998069405555725 -0.670853853225708 -0.9990450739860535 -0.03903605043888092 0.01962273009121418 -1.9809958934783936
-0.03939016908407211 0.9992225766181946 0.0016077036270871758 -0.021339090541005135 -0.019641537219285965 0.0008344083908014 -0.9998067021369934 -0.670617938041687 -0.9990307688713074 -0.0394141860306263 0.019593454897403717 -1.9804259538650513
-0.03928462043404579 0.999226987361908 0.0014211722882464528 -0.021364755928516388 -0.0198139026761055 0.0006430586217902601 -0.9998034238815308 -0.6706269979476929 -0.9990315437316895 -0.03930511325597763 0.01977337896823883 -1.9803781509399414
-0.03933252766728401 0.9992251396179199 0.001397860236465931 -0.021403146907687187 -0.01975894346833229 0.0006209491984918714 -0.9998045563697815 -0.6705744862556458 -0.9990307688713074 -0.03935251012444496 0.019719265401363373 -1.9802778959274292
-0.03908735141158104 0.9992343187332153 0.001673693535849452 -0.02158590964972973 -0.01993616670370102 0.0008948436006903648 -0.9998008012771606 -0.6704938411712646 -0.9990368485450745 -0.039112985134124756 0.01988597959280014 -1.9803844690322876
-0.03922053053975105 0.9992296099662781 0.0013331976952031255 -0.021470453590154648 -0.019812673330307007 0.0005563510931096971 -0.9998034834861755 -0.670473575592041 -0.9990341067314148 -0.03923929110169411 0.019775643944740295 -1.9805030822753906
-0.03933347761631012 0.9992257952690125 0.0007604107959195971 -0.021432926878333092 -0.01940649189054966 -3.0092451197560877e-06 -0.9998116493225098 -0.6707485914230347 -0.9990376234054565 -0.03934087976813316 0.019391639158129692 -1.979844570159912
