# 3x4 first row second row third row Freq: 100 current Time: 2020-10-02-13:36:43
-0.04048754647374153 0.9988446235656738 0.025887103751301765 -0.008097906596958637 -0.016490869224071503 0.02523682825267315 -0.9995454549789429 -0.6635512709617615 -0.9990439414978027 -0.04089605063199997 0.015450047329068184 -1.9828017950057983
-0.04073101654648781 0.9988402128219604 0.02567572332918644 -0.007987751625478268 -0.01608867198228836 0.025038089603185654 -0.9995570182800293 -0.663658857345581 -0.9990406036376953 -0.0411260686814785 0.015050194226205349 -1.9822697639465332
-0.040984295308589935 0.9988505244255066 0.024858564138412476 -0.007933851331472397 -0.01557557750493288 0.02423776127398014 -0.9995848536491394 -0.6636244654655457 -0.9990383982658386 -0.041354477405548096 0.014564314857125282 -1.9816347360610962
-0.04090988263487816 0.9988428354263306 0.025285016745328903 -0.00807562842965126 -0.015864135697484016 0.024653684347867966 -0.9995701909065247 -0.6633970141410828 -0.9990369081497192 -0.0412934310734272 0.014837207272648811 -1.9819669723510742
-0.04095228761434555 0.9988418221473694 0.025256427004933357 -0.008111309260129929 -0.015755336731672287 0.02462894655764103 -0.9995725154876709 -0.663422167301178 -0.9990368485450745 -0.04133271425962448 0.01472848653793335 -1.98183274269104
-0.0413944274187088 0.9988093972206116 0.02581152692437172 -0.008033438585698605 -0.01566101610660553 0.025181885808706284 -0.9995601773262024 -0.6633163094520569 -0.9990200996398926 -0.041780468076467514 0.014599989168345928 -1.982017159461975
-0.04129236191511154 0.9988152980804443 0.025747578591108322 -0.008073349483311176 -0.015924576669931412 0.02510838583111763 -0.9995578527450562 -0.6631596684455872 -0.9990201592445374 -0.04168413579463959 0.014868934638798237 -1.9822325706481934
-0.04136950895190239 0.9988136291503906 0.025687454268336296 -0.00811248179525137 -0.01596039906144142 0.025045571848750114 -0.9995588660240173 -0.6631999015808105 -0.9990164041519165 -0.04176125302910805 0.014905351214110851 -1.9823095798492432
-0.04159238561987877 0.9987895488739014 0.026257332414388657 -0.00801826361566782 -0.01603052020072937 0.025609605014324188 -0.9995434880256653 -0.6632620096206665 -0.9990060329437256 -0.04199432581663132 0.014945960603654385 -1.982317328453064
-0.041479140520095825 0.9987823367118835 0.026708392426371574 -0.008145580068230629 -0.01645696721971035 0.0260448157787323 -0.9995253086090088 -0.6630332469940186 -0.9990038275718689 -0.041898999363183975 0.015356619842350483 -1.982755422592163
-0.0415053591132164 0.9987832307815552 0.026634428650140762 -0.008136579766869545 -0.016514696180820465 0.025967970490455627 -0.99952632188797 -0.6630607843399048 -0.9990018010139465 -0.041925568133592606 0.015416800044476986 -1.9830104112625122
-0.041380252689123154 0.9987661242485046 0.027457913383841515 -0.008100825361907482 -0.016705095767974854 0.02678602747619152 -0.9995015859603882 -0.663133442401886 -0.9990038275718689 -0.041818324476480484 0.015576079487800598 -1.982877254486084
-0.041144683957099915 0.9987763166427612 0.027439698576927185 -0.00803991500288248 -0.016956733539700508 0.026761000975966454 -0.9994980096817017 -0.6633905172348022 -0.9990093111991882 -0.04158932715654373 0.01583492010831833 -1.9834727048873901
-0.041057039052248 0.9987744688987732 0.027638860046863556 -0.008206344209611416 -0.0173137616366148 0.026946861296892166 -0.9994869232177734 -0.6632798910140991 -0.9990067481994629 -0.04151451587677002 0.016186194494366646 -1.9837448596954346
-0.04112882912158966 0.9987573027610779 0.028147805482149124 -0.0079728402197361 -0.017500033602118492 0.027447251603007317 -0.999470055103302 -0.6636494398117065 -0.9990005493164062 -0.04159962758421898 0.016349421814084053 -1.9840079545974731
-0.041224874556064606 0.9987772107124329 0.027286140248179436 -0.007923532277345657 -0.01647859811782837 0.026625998318195343 -0.9995096325874329 -0.6640942692756653 -0.9990139603614807 -0.041654303669929504 0.01536080427467823 -1.9833457469940186
-0.041219472885131836 0.9987761974334717 0.02733241207897663 -0.008038259111344814 -0.01650358736515045 0.02667134441435337 -0.9995080232620239 -0.6639324426651001 -0.9990137815475464 -0.041650284081697464 0.01538402121514082 -1.9832864999771118
-0.04078871011734009 0.9988168478012085 0.02647908590734005 -0.008335191756486893 -0.01650228165090084 0.025824103504419327 -0.9995302557945251 -0.6635816097259521 -0.9990314841270447 -0.04120652377605438 0.015429435297846794 -1.982812762260437
-0.04041856899857521 0.9988279938697815 0.026625987142324448 -0.008391372859477997 -0.016929686069488525 0.025959355756640434 -0.9995196461677551 -0.6633132100105286 -0.9990394115447998 -0.04084993153810501 0.01586061343550682 -1.9833186864852905
-0.040810227394104004 0.9988185167312622 0.02638273686170578 -0.008127554319798946 -0.015939483419060707 0.025750573724508286 -0.9995412826538086 -0.663422703742981 -0.9990397691726685 -0.0412120446562767 0.01486977282911539 -1.9826451539993286
-0.04116871580481529 0.9987938404083252 0.02675742655992508 -0.008014129474759102 -0.015656551346182823 0.026131976395845413 -0.999535858631134 -0.6633140444755554 -0.9990295171737671 -0.04156854748725891 0.014561856165528297 -1.9823429584503174
-0.04134697839617729 0.9987713098526001 0.02731904946267605 -0.007970226928591728 -0.015753325074911118 0.026687374338507652 -0.9995197057723999 -0.6631760597229004 -0.9990206360816956 -0.0417574904859066 0.014630536548793316 -1.9822032451629639
-0.04142696410417557 0.9987678527832031 0.027323948219418526 -0.008040348999202251 -0.01570899784564972 0.026692962273955345 -0.9995202422142029 -0.6631982922554016 -0.9990180134773254 -0.04183632880449295 0.01458384282886982 -1.982178807258606
-0.04103349521756172 0.9988128542900085 0.02625175565481186 -0.008241748437285423 -0.015802305191755295 0.02562185935676098 -0.9995467662811279 -0.6633051633834839 -0.9990327954292297 -0.04142974317073822 0.014732199721038342 -1.9819543361663818
-0.04065217077732086 0.9988505840301514 0.025394724681973457 -0.008361673913896084 -0.01539967767894268 0.02478637732565403 -0.9995741248130798 -0.6633864641189575 -0.9990546703338623 -0.04102593660354614 0.014374366030097008 -1.9819049835205078
-0.04067028686404228 0.9988470077514648 0.025505298748612404 -0.008046064525842667 -0.014945941977202892 0.024915410205721855 -0.9995778203010559 -0.6639495491981506 -0.9990608096122742 -0.04103432595729828 0.013915401883423328 -1.9817675352096558
-0.040795132517814636 0.998845100402832 0.025381136685609818 -0.00809875875711441 -0.01481403037905693 0.02479485049843788 -0.9995827674865723 -0.663858950138092 -0.9990577101707458 -0.04115412011742592 0.013785420916974545 -1.9814475774765015
-0.04081444442272186 0.9988387227058411 0.02559957280755043 -0.008210648782551289 -0.015357096679508686 0.02499079518020153 -0.9995697140693665 -0.6632547974586487 -0.9990487098693848 -0.04119002819061279 0.014319286681711674 -1.9824858903884888
-0.04121807590126991 0.99880450963974 0.026279006153345108 -0.008051710203289986 -0.015290357172489166 0.02566772885620594 -0.9995535612106323 -0.6633410453796387 -0.9990331530570984 -0.041601501405239105 0.014214112423360348 -1.9827511310577393
-0.04068451002240181 0.9988393783569336 0.025780826807022095 -0.008313893340528011 -0.015407311730086803 0.025171980261802673 -0.9995644092559814 -0.6632505655288696 -0.9990532398223877 -0.04106400907039642 0.014365329407155514 -1.983005166053772
-0.041156236082315445 0.9988151788711548 0.02596985176205635 -0.008092866279184818 -0.015204602852463722 0.025362789630889893 -0.999562680721283 -0.6632480621337891 -0.9990370273590088 -0.041533105075359344 0.014142760075628757 -1.982771873474121
-0.04051629453897476 0.9988469481468201 0.025752507150173187 -0.008383601903915405 -0.015654919669032097 0.02513592503964901 -0.9995614290237427 -0.6632755994796753 -0.9990562200546265 -0.04090168699622154 0.014618462882936 -1.9831253290176392
-0.04066939279437065 0.9988412261009216 0.025731857866048813 -0.008381991647183895 -0.01563664712011814 0.025113770738244057 -0.9995622634887695 -0.6632843017578125 -0.9990502595901489 -0.04105395823717117 0.014597175642848015 -1.9831852912902832
-0.04057971388101578 0.9988399147987366 0.02592422254383564 -0.008330054581165314 -0.01601884327828884 0.025291910395026207 -0.9995517730712891 -0.6631561517715454 -0.9990478754043579 -0.040976811200380325 0.014973931945860386 -1.9835929870605469
-0.039888761937618256 0.9988577961921692 0.02630457654595375 -0.008214129135012627 -0.01682954840362072 0.02565019018948078 -0.9995293021202087 -0.6635919213294983 -0.9990623593330383 -0.040312688797712326 0.01578718051314354 -1.9846370220184326
-0.04002564027905464 0.9988704919815063 0.02560674026608467 -0.00824841670691967 -0.015884170308709145 0.024987971410155296 -0.9995615482330322 -0.6635974049568176 -0.9990723729133606 -0.04041483998298645 0.014866078272461891 -1.9828702211380005
-0.03983496129512787 0.9988790154457092 0.02557026781141758 -0.00824375543743372 -0.016694404184818268 0.024921685457229614 -0.9995499849319458 -0.6631683111190796 -0.9990667700767517 -0.04024392366409302 0.015682945027947426 -1.9836866855621338
-0.03964906930923462 0.998883843421936 0.025670357048511505 -0.008128487505018711 -0.016974125057458878 0.025013543665409088 -0.9995430111885071 -0.6635013818740845 -0.9990694522857666 -0.040066689252853394 0.015963423997163773 -1.984309196472168
-0.04035266488790512 0.9988416433334351 0.026211556047201157 -0.007861465215682983 -0.01651756465435028 0.025562506169080734 -0.9995367527008057 -0.6638368368148804 -0.9990489482879639 -0.04076693207025528 0.01546692568808794 -1.9838528633117676
-0.04045272246003151 0.9988368153572083 0.02624102495610714 -0.007953070104122162 -0.016356585547327995 0.02559703029692173 -0.9995385408401489 -0.6637305021286011 -0.999047577381134 -0.0408632792532444 0.015302100218832493 -1.983568787574768
-0.04064669460058212 0.9988189935684204 0.026615554466843605 -0.008183843456208706 -0.016463179141283035 0.02596447244286537 -0.9995272755622864 -0.6636146903038025 -0.9990379214286804 -0.04106566309928894 0.015388375148177147 -1.983243465423584
-0.04108785092830658 0.9987995624542236 0.026668671518564224 -0.007980402559041977 -0.015812983736395836 0.02603783831000328 -0.999535858631134 -0.6636508703231812 -0.9990304112434387 -0.041490502655506134 0.014724171720445156 -1.982872486114502
-0.04110192507505417 0.998798131942749 0.0267002135515213 -0.007988453842699528 -0.01582752726972103 0.026068590581417084 -0.9995348453521729 -0.663587212562561 -0.9990295767784119 -0.04150541126728058 0.014737044461071491 -1.9826723337173462
-0.04135141149163246 0.9987963438034058 0.026379702612757683 -0.00809943862259388 -0.015865720808506012 0.025742562487721443 -0.9995427131652832 -0.6635326147079468 -0.999018669128418 -0.04175104200839996 0.014782141894102097 -1.9829427003860474
-0.04107675701379776 0.9988110661506653 0.02625158242881298 -0.008199748583137989 -0.01610395312309265 0.025608524680137634 -0.9995422959327698 -0.6633803248405457 -0.9990261793136597 -0.04148072004318237 0.015032901428639889 -1.983068585395813
-0.041146066039800644 0.9987958073616028 0.026718849316239357 -0.008044564165174961 -0.016296979039907455 0.026067061349749565 -0.9995273351669312 -0.6633556485176086 -0.9990202188491821 -0.04156206175684929 0.015204806812107563 -1.9830131530761719
-0.04115231707692146 0.9987969398498535 0.02666613832116127 -0.008055032230913639 -0.016292011365294456 0.0260144229978323 -0.9995287656784058 -0.6633723378181458 -0.9990200400352478 -0.04156738147139549 0.015201867558062077 -1.9830437898635864
-0.04138801991939545 0.9987850189208984 0.026749469339847565 -0.007768478710204363 -0.016176987439393997 0.02609904110431671 -0.9995284676551819 -0.6635223031044006 -0.9990121722221375 -0.04180124029517174 0.015077154152095318 -1.9825915098190308
-0.04067576676607132 0.9988267421722412 0.02627999521791935 -0.008310701698064804 -0.015937838703393936 0.02564982883632183 -0.9995439052581787 -0.6635448336601257 -0.9990452527999878 -0.04107607156038284 0.014875821769237518 -1.982459545135498
-0.04053972661495209 0.998826265335083 0.026506945490837097 -0.008343652822077274 -0.01646357774734497 0.02585741877555847 -0.9995300769805908 -0.6632662415504456 -0.999042272567749 -0.04095708206295967 0.015396010130643845 -1.9830551147460938
-0.040422432124614716 0.9988284707069397 0.026601485908031464 -0.00833313912153244 -0.016502512618899345 0.02595224231481552 -0.9995269775390625 -0.6632802486419678 -0.9990463852882385 -0.04084230959415436 0.015434135682880878 -1.9836740493774414
-0.04112793132662773 0.9987663626670837 0.02782442606985569 -0.008232965134084225 -0.016594629734754562 0.027161339297890663 -0.9994933009147644 -0.6633359789848328 -0.9990160465240479 -0.04156883805990219 0.015457076951861382 -1.983825922012329
-0.041415173560380936 0.9987439513206482 0.028201689943671227 -0.008024731650948524 -0.016686856746673584 0.027530571445822716 -0.9994816780090332 -0.6634020805358887 -0.9990026354789734 -0.041864313185214996 0.01552572287619114 -1.9835587739944458
-0.041298795491456985 0.998745858669281 0.028302790597081184 -0.008130491711199284 -0.01640421897172928 0.02764536626636982 -0.9994831681251526 -0.6638408303260803 -0.9990121722221375 -0.041741743683815 0.015241935849189758 -1.9833565950393677
-0.041942331939935684 0.9987061619758606 0.028755420818924904 -0.007977612316608429 -0.01599056087434292 0.028106076642870903 -0.9994770288467407 -0.6635110378265381 -0.9989920258522034 -0.04238022491335869 0.01479104720056057 -1.9828709363937378
-0.04139474406838417 0.9987538456916809 0.027879072353243828 -0.00833286251872778 -0.015890303999185562 0.027241384610533714 -0.9995025992393494 -0.6634669899940491 -0.999016523361206 -0.04181716963648796 0.014742860570549965 -1.9829238653182983
-0.041087839752435684 0.9987703561782837 0.027741026133298874 -0.008265738375484943 -0.016398701816797256 0.027086645364761353 -0.9994985461235046 -0.6631821990013123 -0.9990209341049194 -0.04152216389775276 0.015265614725649357 -1.9836658239364624
-0.041210148483514786 0.9987770915031433 0.027313727885484695 -0.008103552274405956 -0.01555699948221445 0.026692232117056847 -0.9995226263999939 -0.6634647250175476 -0.9990293979644775 -0.041615404188632965 0.014437992125749588 -1.9830020666122437
-0.041224703192710876 0.9987730979919434 0.027438046410679817 -0.008179067634046078 -0.015796050429344177 0.02680647186934948 -0.9995158314704895 -0.6632432341575623 -0.9990250468254089 -0.04163816198706627 0.014671589247882366 -1.983522891998291
-0.040097106248140335 0.9988587498664856 0.025949610397219658 -0.008280497044324875 -0.016078127548098564 0.02532215416431427 -0.9995500445365906 -0.6637076735496521 -0.9990664124488831 -0.04049629345536232 0.015044442377984524 -1.9843517541885376
-0.04043542966246605 0.998863697052002 0.025225024670362473 -0.008206665515899658 -0.015361928381025791 0.02462122030556202 -0.9995788335800171 -0.6639269590377808 -0.999064028263092 -0.040805913507938385 0.014348912052810192 -1.983393907546997
-0.04134787246584892 0.9988304972648621 0.025058988481760025 -0.007766227703541517 -0.014687487855553627 0.02447010949254036 -0.999592661857605 -0.6640489101409912 -0.9990368485450745 -0.04169909283518791 0.013658532872796059 -1.9831167459487915
-0.04060792177915573 0.9988365769386292 0.026010099798440933 -0.008378596045076847 -0.015460947528481483 0.025400321930646896 -0.9995577931404114 -0.6633418202400208 -0.9990555047988892 -0.04099211096763611 0.01441151462495327 -1.9833287000656128
-0.04073609411716461 0.9988322854042053 0.02597326971590519 -0.008389541879296303 -0.01544561143964529 0.025362245738506317 -0.9995589852333069 -0.6633379459381104 -0.9990505576133728 -0.04111931100487709 0.01439442578703165 -1.9833987951278687
-0.0406595878303051 0.9988490343093872 0.02544325403869152 -0.007994494400918484 -0.01544930599629879 0.024832798168063164 -0.999572217464447 -0.6636302471160889 -0.9990535974502563 -0.041035283356904984 0.014421842060983181 -1.9827831983566284
-0.04088307172060013 0.9988176822662354 0.026302220299839973 -0.008051961660385132 -0.01557917520403862 0.025683801621198654 -0.9995487332344055 -0.6634616255760193 -0.9990424513816833 -0.04127439856529236 0.014510732144117355 -1.982740044593811
-0.04019822180271149 0.998874306678772 0.02518283762037754 -0.008106674998998642 -0.015532824210822582 0.024575473740696907 -0.9995772838592529 -0.6639835238456726 -0.9990710020065308 -0.0405724011361599 0.014527457766234875 -1.983140230178833
-0.041225917637348175 0.9988198280334473 0.025678018108010292 -0.007837378419935703 -0.015308927744626999 0.025065407156944275 -0.9995685815811157 -0.6637086272239685 -0.9990325570106506 -0.04160124436020851 0.014257525093853474 -1.98308527469635
-0.04129236564040184 0.998836874961853 0.02489713951945305 -0.00807778351008892 -0.0146721713244915 0.024309536442160606 -0.9995967745780945 -0.6637285351753235 -0.999039351940155 -0.04164101928472519 0.013651316054165363 -1.982306957244873
-0.04126543179154396 0.9988388419151306 0.024862095713615417 -0.007998000830411911 -0.014826941303908825 0.024268388748168945 -0.9995955228805542 -0.6639928817749023 -0.9990382194519043 -0.04161737859249115 0.013808288611471653 -1.9825232028961182
-0.04090017080307007 0.9988572001457214 0.02472732961177826 -0.008440569043159485 -0.015442335046827793 0.024113161489367485 -0.9995899796485901 -0.6631476879119873 -0.999043881893158 -0.04126525670289993 0.014438464306294918 -1.9835113286972046
-0.04129574075341225 0.9988240003585815 0.025401093065738678 -0.008107372559607029 -0.015388217754662037 0.024783968925476074 -0.9995743632316589 -0.6633455753326416 -0.9990284442901611 -0.041669052094221115 0.014346658252179623 -1.9831788539886475
-0.041484616696834564 0.9988183379173279 0.025317369028925896 -0.008258474059402943 -0.014887230470776558 0.024718454107642174 -0.9995836019515991 -0.6636916399002075 -0.999028205871582 -0.04184425622224808 0.013844211585819721 -1.982595682144165
-0.041519973427057266 0.9988162517547607 0.025342220440506935 -0.008233752101659775 -0.01481584645807743 0.024745825678110123 -0.9995839595794678 -0.6636533737182617 -0.9990277886390686 -0.04187817499041557 0.013770870864391327 -1.9824368953704834
-0.04164152219891548 0.9988079071044922 0.025469090789556503 -0.008154855109751225 -0.014875072054564953 0.02486862801015377 -0.9995800256729126 -0.6632561683654785 -0.9990218877792358 -0.04200289770960808 0.013821781612932682 -1.9830529689788818
-0.041803959757089615 0.998790979385376 0.025865912437438965 -0.008066740818321705 -0.014817283488810062 0.025265948846936226 -0.9995709657669067 -0.6633284091949463 -0.9990159273147583 -0.04216929152607918 0.013743161223828793 -1.9829602241516113
-0.041188087314367294 0.9988328218460083 0.025229400023818016 -0.008381571620702744 -0.014911950565874577 0.02463350258767605 -0.9995853304862976 -0.663409948348999 -0.9990401268005371 -0.04154723510146141 0.013879948295652866 -1.9830206632614136
-0.041195306926965714 0.9988341331481934 0.025165917351841927 -0.008324997499585152 -0.01482988428324461 0.02457328699529171 -0.9995880126953125 -0.6633639335632324 -0.9990410208702087 -0.04155155271291733 0.013800299726426601 -1.9829777479171753
-0.041369568556547165 0.9988186955451965 0.02548947185277939 -0.008043373003602028 -0.014771031215786934 0.02489713579416275 -0.9995808601379395 -0.6634007692337036 -0.9990347027778625 -0.04172874242067337 0.01372360810637474 -1.9829206466674805
-0.041093610227108 0.9988261461257935 0.025643575936555862 -0.008124358020722866 -0.015200315043330193 0.025037337094545364 -0.9995709657669067 -0.6635002493858337 -0.9990396499633789 -0.04146577790379524 0.014153607189655304 -1.9836541414260864
-0.04102562367916107 0.9988245964050293 0.025812780484557152 -0.008236706256866455 -0.015309344045817852 0.02520311065018177 -0.9995651245117188 -0.6634163856506348 -0.9990407824516296 -0.041402969509363174 0.014257385395467281 -1.9837565422058105
-0.04098385572433472 0.9988364577293396 0.02541627176105976 -0.008176489733159542 -0.0149966049939394 0.02481985092163086 -0.9995794296264648 -0.6637142896652222 -0.9990472793579102 -0.04134778678417206 0.013961952179670334 -1.9834545850753784
-0.04133870080113411 0.99881911277771 0.025524504482746124 -0.007803896442055702 -0.01490346435457468 0.02492709271609783 -0.9995781779289246 -0.6639487147331238 -0.99903404712677 -0.041701674461364746 0.013855420053005219 -1.9836188554763794
-0.041550617665052414 0.99879390001297 0.02615787275135517 -0.007925844751298428 -0.015071575529873371 0.025550952181220055 -0.9995598793029785 -0.6638262867927551 -0.9990227222442627 -0.04192657768726349 0.013991749845445156 -1.9838042259216309
-0.04237125813961029 0.9987572431564331 0.026242369785904884 -0.007828420028090477 -0.014400161802768707 0.025652747601270676 -0.9995672106742859 -0.663824737071991 -0.9989981651306152 -0.042730823159217834 0.01329533476382494 -1.983032464981079
-0.04224914312362671 0.9987600445747375 0.026332885026931763 -0.007850044406950474 -0.014497566036880016 0.025740807875990868 -0.9995635151863098 -0.6638661623001099 -0.9990019202232361 -0.042612474411726 0.01339207123965025 -1.9830204248428345
-0.04145435616374016 0.9987930655479431 0.026343122124671936 -0.008436780422925949 -0.014708468690514565 0.025752896443009377 -0.9995601177215576 -0.6636371612548828 -0.9990321397781372 -0.04182359576225281 0.013623155653476715 -1.9829392433166504
-0.040704209357500076 0.9988433122634888 0.025596825405955315 -0.008227070793509483 -0.014708462171256542 0.025016294792294502 -0.9995788335800171 -0.6635823249816895 -0.9990629553794861 -0.041063565760850906 0.013673190027475357 -1.982252597808838
-0.04069371521472931 0.9988415837287903 0.025680793449282646 -0.008221725933253765 -0.014677575789391994 0.025101736187934875 -0.9995771646499634 -0.6636192798614502 -0.9990638494491577 -0.041053447872400284 0.013639098964631557 -1.982169508934021
-0.040175385773181915 0.9988805055618286 0.024972453713417053 -0.008353093639016151 -0.01545042172074318 0.024368617683649063 -0.9995836615562439 -0.6634966135025024 -0.9990731477737427 -0.04054449871182442 0.014454116113483906 -1.9832912683486938
-0.04031439870595932 0.9988820552825928 0.024685803800821304 -0.008217236958444118 -0.015484599396586418 0.024078361690044403 -0.9995901584625244 -0.663307249546051 -0.9990670680999756 -0.040680136531591415 0.014496592804789543 -1.9834285974502563
-0.04068051278591156 0.9988523721694946 0.025279603898525238 -0.008059961721301079 -0.015213807113468647 0.02467840351164341 -0.999579668045044 -0.6637345552444458 -0.999056339263916 -0.041048020124435425 0.014192425645887852 -1.9830894470214844
-0.04075793921947479 0.9988498687744141 0.025252388790249825 -0.008119748905301094 -0.015126403421163559 0.024653665721416473 -0.9995815753936768 -0.6636330485343933 -0.9990545511245728 -0.04112287238240242 0.014104182831943035 -1.9828121662139893
-0.04051252827048302 0.9988558888435364 0.02540953829884529 -0.008258691057562828 -0.015414362773299217 0.024802614003419876 -0.9995735287666321 -0.6633715629577637 -0.9990600943565369 -0.040886931121349335 0.01439191959798336 -1.9832172393798828
-0.04079301655292511 0.9988355040550232 0.02575945481657982 -0.008108795620501041 -0.015318917110562325 0.025152675807476044 -0.9995662569999695 -0.6633998155593872 -0.9990501403808594 -0.041169941425323486 0.014275033958256245 -1.9829094409942627
-0.04143737629055977 0.998796284198761 0.02624746784567833 -0.007916869595646858 -0.014823101460933685 0.025652602314949036 -0.9995610117912292 -0.6634888648986816 -0.999031126499176 -0.04180826246738434 0.013742291368544102 -1.9827345609664917
-0.04146594554185867 0.9987950921058655 0.026246391236782074 -0.007973302155733109 -0.014769114553928375 0.02565339207649231 -0.9995617866516113 -0.6635324358940125 -0.9990307688713074 -0.041835419833660126 0.013687586411833763 -1.9826910495758057
-0.04136243835091591 0.9987773299217224 0.027074012905359268 -0.00804550014436245 -0.015188846737146378 0.02646552585065365 -0.9995343089103699 -0.6635329127311707 -0.999028742313385 -0.041754405945539474 0.014075606130063534 -1.9833121299743652
-0.04137280583381653 0.9987773895263672 0.02705479972064495 -0.008034476079046726 -0.015200410969555378 0.026445668190717697 -0.9995346665382385 -0.6635412573814392 -0.9990281462669373 -0.04176480695605278 0.014087704010307789 -1.9833272695541382
-0.04159818962216377 0.9987629055976868 0.027243295684456825 -0.00799959059804678 -0.015129439532756805 0.026634112000465393 -0.9995307326316833 -0.6635257005691528 -0.9990198612213135 -0.04199085384607315 0.014002800919115543 -1.9829626083374023
-0.04175206646323204 0.9987727999687195 0.026638463139533997 -0.008111665956676006 -0.014605430886149406 0.026048749685287476 -0.9995539784431458 -0.6638063788414001 -0.9990212321281433 -0.04212252050638199 0.013499926775693893 -1.9819902181625366
-0.041102685034275055 0.9988149404525757 0.026061708107590675 -0.008420906960964203 -0.01447275560349226 0.025485852733254433 -0.9995704293251038 -0.6635153293609619 -0.9990500807762146 -0.04146222025156021 0.013408076949417591 -1.9821124076843262
-0.04107609763741493 0.998831570148468 0.02545931003987789 -0.008211170323193073 -0.014162522740662098 0.024896221235394478 -0.9995896816253662 -0.6635027527809143 -0.9990556240081787 -0.041419822722673416 0.013123344630002975 -1.9820427894592285
-0.041121527552604675 0.9988283514976501 0.025513112545013428 -0.008203862234950066 -0.014166813343763351 0.024949287995696068 -0.9995883107185364 -0.6635310649871826 -0.9990537166595459 -0.04146604612469673 0.013124271295964718 -1.9819533824920654
-0.04122522473335266 0.9988186359405518 0.025725005194544792 -0.008170558139681816 -0.014418019913136959 0.025149526074528694 -0.9995797276496887 -0.6632121801376343 -0.9990458488464355 -0.041578810662031174 0.013364200480282307 -1.9826536178588867
-0.04081866517663002 0.9988505840301514 0.025126924738287926 -0.008409148082137108 -0.014736424200236797 0.02454332448542118 -0.9995901584625244 -0.66317218542099 -0.9990578889846802 -0.041172225028276443 0.013717669062316418 -1.9828962087631226
-0.040759097784757614 0.9988563656806946 0.02499363012611866 -0.008090002462267876 -0.015037241391837597 0.02439836971461773 -0.999589204788208 -0.6634376645088196 -0.9990558624267578 -0.04111819714307785 0.014025597833096981 -1.9835069179534912
-0.04080186039209366 0.9988380074501038 0.025647174566984177 -0.00800306536257267 -0.015164417214691639 0.02504655346274376 -0.9995712637901306 -0.6636362671852112 -0.9990521669387817 -0.0411733016371727 0.014124859124422073 -1.9836088418960571
-0.04079766198992729 0.9988390207290649 0.025614557787775993 -0.007981132715940475 -0.015127413906157017 0.02501549758017063 -0.9995725750923157 -0.6637080907821655 -0.999052882194519 -0.041167713701725006 0.014089287258684635 -1.983791708946228
-0.04018089920282364 0.9988749027252197 0.02518666535615921 -0.008224946446716785 -0.015346626751124859 0.02458711341023445 -0.999579906463623 -0.663684606552124 -0.9990745782852173 -0.040550556033849716 0.014341437257826328 -1.984092354774475
-0.039921823889017105 0.9988799095153809 0.025400778278708458 -0.008259378373622894 -0.01593714766204357 0.024781277403235435 -0.999565839767456 -0.6635468602180481 -0.999075710773468 -0.04030931740999222 0.014929991215467453 -1.9845950603485107
-0.04059594124555588 0.9988396763801575 0.025909094139933586 -0.008088921196758747 -0.015483466908335686 0.02529849298298359 -0.9995599985122681 -0.6635966897010803 -0.9990556836128235 -0.04097925126552582 0.014438494108617306 -1.9839917421340942
-0.04064861312508583 0.9988311529159546 0.026153089478611946 -0.008195634931325912 -0.015648264437913895 0.025535132735967636 -0.9995514154434204 -0.6634460091590881 -0.9990509748458862 -0.041039638221263885 0.01459201518446207 -1.9840874671936035
-0.040681637823581696 0.9988338947296143 0.02599582076072693 -0.008117381483316422 -0.015774870291352272 0.025372061878442764 -0.9995536208152771 -0.6635392904281616 -0.9990476369857788 -0.04107356816530228 0.014724308624863625 -1.9840179681777954
-0.04101243615150452 0.9988058805465698 0.026547396555542946 -0.008097008801996708 -0.01589893363416195 0.02591402269899845 -0.9995377063751221 -0.6635491251945496 -0.9990321397781372 -0.041415564715862274 0.014817160554230213 -1.98384690284729
-0.041025761514902115 0.9987909197807312 0.027085328474640846 -0.008171811699867249 -0.015873027965426445 0.026453226804733276 -0.9995239973068237 -0.663555383682251 -0.9990319609642029 -0.04143616929650307 0.01476858090609312 -1.9834040403366089
-0.04099934548139572 0.9987955689430237 0.02695303224027157 -0.008208795450627804 -0.01580415479838848 0.0263240784406662 -0.9995285272598267 -0.6635319590568542 -0.9990341663360596 -0.041405994445085526 0.014705858193337917 -1.9832969903945923
-0.04099475219845772 0.9987959265708923 0.026947321370244026 -0.008278358727693558 -0.016109203919768333 0.02630578726530075 -0.9995241165161133 -0.6632528305053711 -0.9990294575691223 -0.04140935465693474 0.015011417679488659 -1.9837576150894165
-0.04099157825112343 0.998782217502594 0.027453795075416565 -0.008130892179906368 -0.016232935711741447 0.026807548478245735 -0.999508798122406 -0.6634684205055237 -0.9990276098251343 -0.04141710698604584 0.01511429250240326 -1.9833265542984009
-0.040681447833776474 0.9988160133361816 0.026675371453166008 -0.00833074189722538 -0.015929698944091797 0.02604573965072632 -0.9995338320732117 -0.663766622543335 -0.999045193195343 -0.041087422519922256 0.01485126931220293 -1.9826196432113647
-0.040572963654994965 0.9988183975219727 0.026750857010483742 -0.00840635597705841 -0.01605348475277424 0.02611781470477581 -0.9995299577713013 -0.6633520722389221 -0.999047577381134 -0.04098334535956383 0.014974847435951233 -1.9832037687301636
-0.040507953613996506 0.99884033203125 0.026021474972367287 -0.008502068929374218 -0.016201337799429893 0.025382837280631065 -0.9995465278625488 -0.6634297966957092 -0.9990478754043579 -0.040911175310611725 0.01515435241162777 -1.9832485914230347
-0.04048382118344307 0.9988454580307007 0.025861680507659912 -0.008419494144618511 -0.0161046851426363 0.025227250531315804 -0.9995520114898682 -0.6634346842765808 -0.9990503787994385 -0.04088218882679939 0.015064804814755917 -1.9832693338394165
-0.03980245441198349 0.9988847374916077 0.02539823018014431 -0.00826644990593195 -0.016277100890874863 0.024766836315393448 -0.9995607137680054 -0.6637715697288513 -0.9990749955177307 -0.04019838944077492 0.01527317613363266 -1.9838860034942627
-0.03990781679749489 0.9988685250282288 0.025864586234092712 -0.00810173712670803 -0.016269544139504433 0.02523220144212246 -0.9995492100715637 -0.6638544201850891 -0.9990708827972412 -0.04031064361333847 0.015244183130562305 -1.9836485385894775
-0.03963301703333855 0.9988910555839539 0.02541419304907322 -0.008305171504616737 -0.016417330130934715 0.024779783561825752 -0.9995580911636353 -0.6637970805168152 -0.9990794062614441 -0.04003274813294411 0.015417034737765789 -1.9838535785675049
-0.03949091210961342 0.9989082217216492 0.02495625615119934 -0.008458372205495834 -0.016402043402194977 0.02432434633374214 -0.9995695352554321 -0.6635967493057251 -0.9990853071212769 -0.03988325595855713 0.015423553995788097 -1.9839284420013428
-0.03999355062842369 0.998879611492157 0.02529756911098957 -0.00812931265681982 -0.01625920832157135 0.024663904681801796 -0.9995635747909546 -0.6636766195297241 -0.9990676045417786 -0.04038742184638977 0.015254603698849678 -1.983580231666565
-0.039996445178985596 0.998875081539154 0.025472531095147133 -0.008160753175616264 -0.016553014516830444 0.02482706494629383 -0.9995546936988831 -0.6634579300880432 -0.999062716960907 -0.040400292724370956 0.015541407279670238 -1.9838451147079468
-0.03927284851670265 0.9989176988601685 0.024921540170907974 -0.008286530151963234 -0.01668606512248516 0.0242817010730505 -0.9995658993721008 -0.6637839078903198 -0.9990891814231873 -0.0396716482937336 0.015714403241872787 -1.9840736389160156
-0.039330050349235535 0.9989123940467834 0.025044290348887444 -0.008226548321545124 -0.017096079885959625 0.02438732422888279 -0.9995563626289368 -0.6637573838233948 -0.9990800023078918 -0.03974077105522156 0.01611834019422531 -1.9844273328781128
-0.03946434706449509 0.9989041686058044 0.025159932672977448 -0.008276212960481644 -0.017058951780200005 0.024502355605363846 -0.9995542168617249 -0.6635856628417969 -0.9990753531455994 -0.03987596556544304 0.01607329770922661 -1.9842114448547363
-0.03983903303742409 0.9988753199577332 0.025708872824907303 -0.008146872743964195 -0.016793981194496155 0.025056306272745132 -0.9995449781417847 -0.6634949445724487 -0.9990649819374084 -0.04025266692042351 0.01577688194811344 -1.983929991722107
-0.03987535834312439 0.9988752603530884 0.025655275210738182 -0.008156266063451767 -0.016800707206130028 0.025001829490065575 -0.999546229839325 -0.6634799242019653 -0.9990633726119995 -0.040288299322128296 0.015784861519932747 -1.983953833580017
-0.03989194706082344 0.9988763332366943 0.02558644860982895 -0.008161553181707859 -0.017094848677515984 0.02492082677781582 -0.9995432496070862 -0.6633361577987671 -0.9990577697753906 -0.04031113162636757 0.016081510111689568 -1.9840130805969238
-0.0393131785094738 0.998917281627655 0.02487453632056713 -0.008398785255849361 -0.016978930681943893 0.024222388863563538 -0.9995623826980591 -0.6634809970855713 -0.9990826845169067 -0.039718326181173325 0.016008296981453896 -1.983785629272461
-0.03891449794173241 0.9989547729492188 0.023978933691978455 -0.008438905701041222 -0.016763536259531975 0.023341091349720955 -0.9995869994163513 -0.6636232733726501 -0.9991019368171692 -0.03930040821433067 0.015837717801332474 -1.9834481477737427
-0.0390128418803215 0.9989510774612427 0.023973669856786728 -0.008377186954021454 -0.016624324023723602 0.023339752107858658 -0.9995893239974976 -0.663611650466919 -0.999100387096405 -0.039395373314619064 0.015696344897150993 -1.9833295345306396
-0.03922020271420479 0.9989442825317383 0.023919014260172844 -0.00819388311356306 -0.016089536249637604 0.023302996531128883 -0.9995989799499512 -0.6637763977050781 -0.9991010427474976 -0.039589330554008484 0.015158610418438911 -1.9829672574996948
-0.03987353295087814 0.9989166259765625 0.023993149399757385 -0.0080946646630764 -0.015635861083865166 0.023385541513562202 -0.9996042251586914 -0.6639539003372192 -0.9990823864936829 -0.040232911705970764 0.014686467126011848 -1.9824028015136719
-0.0396428219974041 0.9989206790924072 0.02420613542199135 -0.008225641213357449 -0.015826553106307983 0.023594429716467857 -0.9995962977409363 -0.6635962724685669 -0.9990885853767395 -0.04000992700457573 0.014874130487442017 -1.98293137550354
-0.0395779050886631 0.9989212155342102 0.02429051324725151 -0.008143605664372444 -0.015947001054883003 0.023675015196204185 -0.9995924830436707 -0.6638393998146057 -0.999089241027832 -0.03994914889335632 0.014992798678576946 -1.9833399057388306
-0.03972771763801575 0.9989141225814819 0.024336427450180054 -0.00805232860147953 -0.0157331470400095 0.02372729405760765 -0.9995946288108826 -0.6639894843101501 -0.9990866780281067 -0.040094513446092606 0.014773440547287464 -1.9834214448928833
-0.04013514891266823 0.9988703727722168 0.025438303127884865 -0.00810226984322071 -0.01576092652976513 0.024822786450386047 -0.9995676279067993 -0.6636914014816284 -0.9990699291229248 -0.04051873832941055 0.014746866188943386 -1.9833256006240845
-0.04025483503937721 0.9988644123077393 0.025484804064035416 -0.008172314614057541 -0.01562625914812088 0.024873029440641403 -0.9995684623718262 -0.6636297702789307 -0.9990672469139099 -0.04063570499420166 0.014607262797653675 -1.9832016229629517
-0.04014502093195915 0.9988904595375061 0.024620261043310165 -0.008245496079325676 -0.015635846182703972 0.02400909923017025 -0.9995894432067871 -0.6636747121810913 -0.999071478843689 -0.04051350802183151 0.014654661528766155 -1.9831557273864746
-0.040880732238292694 0.9988310933113098 0.025791283696889877 -0.008249536156654358 -0.015393425710499287 0.02518019638955593 -0.9995644092559814 -0.6635079979896545 -0.9990454316139221 -0.041259948164224625 0.014346056617796421 -1.9828699827194214
-0.04068146273493767 0.9988290071487427 0.026185255497694016 -0.008384947665035725 -0.01591607928276062 0.02555583044886589 -0.9995467066764832 -0.663140058517456 -0.9990453720092773 -0.041079796850681305 0.014857802540063858 -1.9837807416915894
-0.040776047855615616 0.998823344707489 0.02625325880944729 -0.008379045873880386 -0.01587846130132675 0.025624025613069534 -0.9995455145835876 -0.6631965041160583 -0.9990421533584595 -0.04117438569664955 0.01481494028121233 -1.9840208292007446
-0.04072001948952675 0.998831033706665 0.026047322899103165 -0.008078542537987232 -0.01574718952178955 0.025424176827073097 -0.9995527267456055 -0.6637149453163147 -0.9990465044975281 -0.041111987084150314 0.014693517237901688 -1.98389732837677
-0.040649741888046265 0.99882972240448 0.026205915957689285 -0.00814188551157713 -0.016111120581626892 0.025568963959813118 -0.9995431900024414 -0.6635338664054871 -0.9990435242652893 -0.04105338826775551 0.01505290251225233 -1.9843966960906982
-0.04044434055685997 0.998836874961853 0.02625034935772419 -0.008044116199016571 -0.016272207722067833 0.02560994029045105 -0.9995395541191101 -0.6636314988136292 -0.9990492463111877 -0.040852878242731094 0.015217513777315617 -1.984695553779602
-0.04055507481098175 0.9988266229629517 0.026469266042113304 -0.008228449150919914 -0.016431814059615135 0.02582077868282795 -0.9995315074920654 -0.6634409427642822 -0.9990421533584595 -0.040971022099256516 0.015365378931164742 -1.9848616123199463
-0.0405619814991951 0.9988274574279785 0.02642781473696232 -0.008275451138615608 -0.016597840934991837 0.02577238157391548 -0.999530017375946 -0.6633618474006653 -0.9990391731262207 -0.04098157212138176 0.015533010475337505 -1.9849684238433838
-0.040238529443740845 0.9988601207733154 0.025676041841506958 -0.008390742354094982 -0.01634456217288971 0.025035427883267403 -0.9995529055595398 -0.6635552048683167 -0.9990563988685608 -0.0406402125954628 0.015318552032113075 -1.9845837354660034
-0.04022593796253204 0.998862087726593 0.02562006004154682 -0.008410310372710228 -0.016362858936190605 0.02497885748744011 -0.9995540380477905 -0.6635401844978333 -0.9990566372871399 -0.04062722623348236 0.015339450910687447 -1.9846296310424805
-0.04019024595618248 0.9988638162612915 0.025608466938138008 -0.008331549353897572 -0.01642928272485733 0.024965105578303337 -0.9995533227920532 -0.6634737849235535 -0.9990569353103638 -0.04059303179383278 0.015407271683216095 -1.9845945835113525
-0.04093432053923607 0.9988219141960144 0.026059353724122047 -0.008019980974495411 -0.016050992533564568 0.02542049251496792 -0.9995479583740234 -0.6636561155319214 -0.9990329146385193 -0.04133410379290581 0.014991521835327148 -1.9839551448822021
-0.041892655193805695 0.9987475872039795 0.027353420853614807 -0.007942544296383858 -0.015785127878189087 0.026712432503700256 -0.9995185136795044 -0.6637065410614014 -0.9989973902702332 -0.04230426996946335 0.014646314084529877 -1.9834848642349243
-0.04195164144039154 0.9987429976463318 0.02743130922317505 -0.007965070195496082 -0.01572260819375515 0.026792166754603386 -0.9995173811912537 -0.6636644601821899 -0.9989959001541138 -0.04236269369721413 0.014578877948224545 -1.9833388328552246
-0.04239436239004135 0.9987127184867859 0.0278499536216259 -0.00795896165072918 -0.01529341097921133 0.027223072946071625 -0.9995123744010925 -0.6635844707489014 -0.9989838600158691 -0.04279961809515953 0.014119627885520458 -1.9828343391418457
-0.042565539479255676 0.9986971616744995 0.028145501390099525 -0.00808220636099577 -0.015117278322577477 0.027524013072252274 -0.9995068311691284 -0.6635880470275879 -0.9989792704582214 -0.042970042675733566 0.01392601802945137 -1.9826003313064575
