# 3x4 first row second row third row Freq: 100 current Time: 2020-10-02-13:32:39
-0.0398535430431366 0.9988515973091125 0.026591140776872635 -0.005383601412177086 -0.016767330467700958 0.025940053164958954 -0.9995228052139282 -0.6593547463417053 -0.9990648031234741 -0.04028043895959854 0.01571432314813137 -1.9817520380020142
-0.03967318311333656 0.9988580942153931 0.02661762572824955 -0.005273763556033373 -0.017190009355545044 0.025952424854040146 -0.9995152950286865 -0.6594669222831726 -0.9990648031234741 -0.040111564099788666 0.016140814870595932 -1.9823179244995117
-0.039818424731492996 0.998849630355835 0.026716111227869987 -0.00535675510764122 -0.01706458255648613 0.02605368383228779 -0.9995148181915283 -0.659395158290863 -0.9990611672401428 -0.04025505855679512 0.01600758545100689 -1.9822190999984741
-0.039727725088596344 0.9988570213317871 0.026575172320008278 -0.00535721518099308 -0.017297329381108284 0.02590474858880043 -0.9995146989822388 -0.6593444347381592 -0.9990607500076294 -0.04016817733645439 0.016248473897576332 -1.9823083877563477
-0.03974852338433266 0.9988590478897095 0.026468947529792786 -0.005346890073269606 -0.017368916422128677 0.025795236229896545 -0.9995163083076477 -0.6592774987220764 -0.999058723449707 -0.04018908739089966 0.01632382720708847 -1.9821336269378662
-0.03973616659641266 0.9988601207733154 0.026445725932717323 -0.005337410140782595 -0.017378604039549828 0.025771811604499817 -0.9995167255401611 -0.659272313117981 -0.9990590214729309 -0.04017660394310951 0.01633477210998535 -1.9821867942810059
-0.03989284113049507 0.9988532066345215 0.026472412049770355 -0.005369437392801046 -0.017267944291234016 0.025800419971346855 -0.9995179176330566 -0.65920090675354 -0.9990546703338623 -0.040330782532691956 0.016218939796090126 -1.9821854829788208
-0.03951409459114075 0.9988897442817688 0.025646870955824852 -0.0053379107266664505 -0.017135703936219215 0.02498578280210495 -0.9995408654212952 -0.6592796444892883 -0.9990720152854919 -0.039935480803251266 0.01612943969666958 -1.9820177555084229
-0.03949383646249771 0.9988875389099121 0.025764096528291702 -0.005331237800419331 -0.017283547669649124 0.025097504258155823 -0.9995355606079102 -0.6592512726783752 -0.9990702867507935 -0.03992084041237831 0.016273174434900284 -1.982125997543335
-0.03986148536205292 0.9988552331924438 0.026441622525453568 -0.004936339799314737 -0.01721949502825737 0.02577207237482071 -0.9995194673538208 -0.6596885919570923 -0.9990567564964294 -0.04029769077897072 0.01617252081632614 -1.9822407960891724
-0.03988563269376755 0.9988425374031067 0.026881568133831024 -0.005179779138416052 -0.01745012402534485 0.0262026097625494 -0.9995042681694031 -0.6594403982162476 -0.9990518093109131 -0.040334999561309814 0.016384867951273918 -1.9823435544967651
-0.039578456431627274 0.9988596439361572 0.026698565110564232 -0.005158307496458292 -0.017232129350304604 0.02603326365351677 -0.9995124936103821 -0.6597046256065369 -0.9990678429603577 -0.040019284933805466 0.016182173043489456 -1.982221245765686
-0.03905200958251953 0.9988909363746643 0.026301927864551544 -0.005215337034314871 -0.017314910888671875 0.025641638785600662 -0.9995211958885193 -0.6597055196762085 -0.9990870952606201 -0.0394887775182724 0.01629440113902092 -1.9824535846710205
-0.03900795802474022 0.9988818764686584 0.02670804224908352 -0.005093150306493044 -0.017917273566126823 0.026024937629699707 -0.9995006918907166 -0.659305214881897 -0.9990782141685486 -0.039467066526412964 0.01688211038708687 -1.9834879636764526
-0.03895977512001991 0.9988837242126465 0.026709314435720444 -0.005078240297734737 -0.017916705459356308 0.026027048006653786 -0.9995006322860718 -0.6592879295349121 -0.9990800619125366 -0.039418913424015045 0.016882747411727905 -1.983585238456726
-0.0389183834195137 0.9988856315612793 0.02669784426689148 -0.00497289327904582 -0.01824852265417576 0.026003191247582436 -0.9994952082633972 -0.6593503952026367 -0.999075710773468 -0.03938598558306694 0.017216235399246216 -1.9839394092559814
-0.03886543586850166 0.9988678097724915 0.027430541813373566 -0.005166526418179274 -0.018521668389439583 0.026726488023996353 -0.999471127986908 -0.65912926197052 -0.9990727305412292 -0.03935299068689346 0.01746201328933239 -1.9844797849655151
-0.0389188751578331 0.9988648891448975 0.027462823316454887 -0.0051828427240252495 -0.01858815923333168 0.026755232363939285 -0.9994691014289856 -0.659109890460968 -0.9990693926811218 -0.03940874710679054 0.017525827512145042 -1.9845551252365112
-0.03891541808843613 0.99886554479599 0.02744394540786743 -0.0052373153157532215 -0.018563879653811455 0.026737362146377563 -0.999470055103302 -0.6590846180915833 -0.9990699887275696 -0.03940431401133537 0.017502374947071075 -1.984524130821228
-0.03892725706100464 0.9988637566566467 0.02749055065214634 -0.005270679481327534 -0.018550872802734375 0.026784300804138184 -0.9994690418243408 -0.6590336561203003 -0.9990698099136353 -0.039416611194610596 0.01748720556497574 -1.9848041534423828
-0.03942481428384781 0.9988312125205994 0.02796119637787342 -0.004967445973306894 -0.018042532727122307 0.027266841381788254 -0.99946528673172 -0.6594359278678894 -0.9990595579147339 -0.0399082750082016 0.01694650575518608 -1.9838831424713135
-0.03998693823814392 0.9987916946411133 0.028567379340529442 -0.004902886692434549 -0.01790490746498108 0.027869461104273796 -0.9994511604309082 -0.6595410108566284 -0.9990397095680237 -0.040476538240909576 0.016768908128142357 -1.9836373329162598
-0.039522718638181686 0.9988253712654114 0.02803078480064869 -0.005344883538782597 -0.017538314685225487 0.027354998514056206 -0.9994718432426453 -0.6592029333114624 -0.9990646839141846 -0.03999350592494011 0.01643661968410015 -1.9830681085586548
-0.03952501341700554 0.9988252520561218 0.0280313678085804 -0.005412687081843615 -0.01755335181951523 0.02735494263470173 -0.9994716048240662 -0.6591995358467102 -0.9990643262863159 -0.039996225386857986 0.016451576724648476 -1.9829814434051514
-0.03920979052782059 0.9988580942153931 0.027293909341096878 -0.005452627316117287 -0.017373237758874893 0.026629362255334854 -0.9994943737983704 -0.6589307188987732 -0.9990798830986023 -0.03966419771313667 0.01630931906402111 -1.9828848838806152
-0.03930088132619858 0.9988580346107483 0.027165085077285767 -0.005501212552189827 -0.017250223085284233 0.02650386281311512 -0.9994997978210449 -0.6588131785392761 -0.9990784525871277 -0.0397498793900013 0.01618894934654236 -1.982603907585144
-0.03978510946035385 0.9988375306129456 0.027214188128709793 -0.005173172801733017 -0.01685006357729435 0.02656126394867897 -0.9995051026344299 -0.659145712852478 -0.9990661144256592 -0.04022403061389923 0.01577378436923027 -1.981943964958191
-0.03977912291884422 0.9988384246826172 0.0271894633769989 -0.0051384372636675835 -0.016873756423592567 0.02653566189110279 -0.9995054006576538 -0.6591554284095764 -0.9990659356117249 -0.040218286216259 0.015798641368746758 -1.9817911386489868
-0.039611946791410446 0.9988586902618408 0.026684517040848732 -0.005367930978536606 -0.01694168895483017 0.02603030577301979 -0.999517560005188 -0.6590531468391418 -0.999071478843689 -0.04004496708512306 0.015891293063759804 -1.9818956851959229
-0.040686458349227905 0.9987882971763611 0.027683736756443977 -0.005130856763571501 -0.0165040735155344 0.027031157165765762 -0.9994983077049255 -0.6590107679367065 -0.9990355968475342 -0.04112299159169197 0.015384324826300144 -1.9820880889892578
-0.04072508215904236 0.9987747669219971 0.028113704174757004 -0.005310294684022665 -0.01648290455341339 0.027461707592010498 -0.9994869232177734 -0.658994734287262 -0.9990343451499939 -0.04116763174533844 0.015344378538429737 -1.9819698333740234
-0.041052401065826416 0.998759925365448 0.02816406451165676 -0.005256843753159046 -0.016438225284218788 0.0275089293718338 -0.9994863271713257 -0.6590912938117981 -0.9990217089653015 -0.04149433225393295 0.015288583002984524 -1.9819450378417969
-0.0411471389234066 0.9987500309944153 0.028376400470733643 -0.005325233563780785 -0.016523463651537895 0.027716422453522682 -0.9994791746139526 -0.6590995192527771 -0.9990164041519165 -0.04159463569521904 0.015362408943474293 -1.9819480180740356
-0.04133203253149986 0.9987454414367676 0.028269097208976746 -0.00537096755579114 -0.01657155528664589 0.027604185044765472 -0.9994814991950989 -0.6590190529823303 -0.9990079998970032 -0.04177911952137947 0.015409879386425018 -1.9821913242340088
-0.04126494377851486 0.9987471103668213 0.0283071156591177 -0.005371485836803913 -0.016570482403039932 0.02764330990612507 -0.9994804263114929 -0.6590293645858765 -0.9990107417106628 -0.04171261563897133 0.015409071929752827 -1.9822547435760498
-0.04124154523015022 0.9987411499023438 0.028550947085022926 -0.005408181343227625 -0.0164692010730505 0.02789190784096718 -0.9994752407073975 -0.6591163277626038 -0.9990134239196777 -0.0416901670396328 0.015298212878406048 -1.9820889234542847
-0.0414472371339798 0.9987212419509888 0.02894601598381996 -0.005248335190117359 -0.016361631453037262 0.02828863263130188 -0.999465823173523 -0.6590256690979004 -0.9990066885948181 -0.04189875349402428 0.015168273821473122 -1.9819929599761963
-0.04017869010567665 0.9988563656806946 0.025914927944540977 -0.005278394091874361 -0.015583104453980923 0.02530636079609394 -0.9995582103729248 -0.6594458818435669 -0.999070942401886 -0.040564823895692825 0.014548556879162788 -1.9816148281097412
-0.03965124487876892 0.9988729357719421 0.026086512953042984 -0.005269539542496204 -0.016291867941617966 0.025457341223955154 -0.9995430707931519 -0.6590760350227356 -0.9990807175636292 -0.04005817696452141 0.01526414230465889 -1.983146071434021
-0.040475182235240936 0.9988260865211487 0.026609495282173157 -0.005044725723564625 -0.015643564984202385 0.02599463239312172 -0.9995396137237549 -0.6593706607818604 -0.9990580081939697 -0.04087286815047264 0.01457311399281025 -1.9826716184616089
-0.039873380213975906 0.9988540410995483 0.026469117030501366 -0.0051522450521588326 -0.01600153185427189 0.025848515331745148 -0.9995377659797668 -0.6595353484153748 -0.9990765452384949 -0.04027854651212692 0.014952577650547028 -1.9830865859985352
-0.039384156465530396 0.9988811016082764 0.026178959757089615 -0.005325889214873314 -0.016192404553294182 0.02555789425969124 -0.9995421767234802 -0.6594266295433044 -0.9990928769111633 -0.0397900752723217 0.015167761594057083 -1.983950138092041
-0.03976035118103027 0.9988510012626648 0.026751480996608734 -0.005071605090051889 -0.016195619478821754 0.02612495981156826 -0.9995274543762207 -0.6593053340911865 -0.9990779161453247 -0.04017486795783043 0.015138324350118637 -1.9839797019958496
-0.04013640806078911 0.9988307952880859 0.02694392204284668 -0.004873696714639664 -0.01599314622581005 0.02632005326449871 -0.9995255470275879 -0.6595028638839722 -0.999066174030304 -0.04054833576083183 0.014918104745447636 -1.983551263809204
-0.0405956506729126 0.9987879991531372 0.027828197926282883 -0.00491638807579875 -0.015925567597150803 0.02720087580382824 -0.9995030760765076 -0.6593505144119263 -0.9990487098693848 -0.041018709540367126 0.014802077785134315 -1.9835319519042969
-0.040583059191703796 0.9987819790840149 0.028062419965863228 -0.005198382306843996 -0.01621806062757969 0.027423445135354996 -0.9994922876358032 -0.6591407656669617 -0.9990444779396057 -0.041017625480890274 0.015085429884493351 -1.9841344356536865
-0.04055964946746826 0.9987821578979492 0.028089893981814384 -0.005230599548667669 -0.016173260286450386 0.02745313011109829 -0.9994922280311584 -0.6591238975524902 -0.9990461468696594 -0.04099341109395027 0.015040123835206032 -1.9841886758804321
-0.04058786481618881 0.9987879991531372 0.027839118614792824 -0.005238027311861515 -0.015866216272115707 0.027214357629418373 -0.9995036721229553 -0.6592369675636292 -0.999049961566925 -0.04100947082042694 0.014742465689778328 -1.9837981462478638
-0.0404687263071537 0.9987856149673462 0.028096618130803108 -0.005203891079872847 -0.016020799055695534 0.027467472478747368 -0.9994942545890808 -0.6592730283737183 -0.9990522861480713 -0.04089844226837158 0.014889821410179138 -1.984100341796875
-0.04038597270846367 0.9987851977348328 0.028231989592313766 -0.005199282895773649 -0.01633780635893345 0.027591219171881676 -0.9994857311248779 -0.6589882969856262 -0.999050498008728 -0.040826503187417984 0.015203711576759815 -1.9845489263534546
-0.041205693036317825 0.998735249042511 0.028808794915676117 -0.005004774779081345 -0.016000639647245407 0.028170030564069748 -0.9994750022888184 -0.6592445373535156 -0.9990224838256836 -0.04164506867527962 0.014819687232375145 -1.9843354225158691
-0.04045335203409195 0.9987754821777344 0.028478335589170456 -0.005250494461506605 -0.016138529404997826 0.0278448686003685 -0.9994819164276123 -0.659329891204834 -0.999051034450531 -0.040892042219638824 0.014992399141192436 -1.9843039512634277
-0.0400492325425148 0.9988184571266174 0.027525071054697037 -0.00551743246614933 -0.01575983129441738 0.026912357658147812 -0.9995135068893433 -0.6592569947242737 -0.9990733861923218 -0.04046358913183212 0.01466344203799963 -1.9840399026870728
-0.03999621793627739 0.9988195896148682 0.0275612473487854 -0.005536690820008516 -0.015915557742118835 0.026943037286400795 -0.9995102286338806 -0.6590900421142578 -0.9990730285644531 -0.04041533172130585 0.014819202944636345 -1.983876347541809
-0.03965015336871147 0.9988623261451721 0.02649133838713169 -0.005233483389019966 -0.01626289263367653 0.025863615795969963 -0.9995331168174744 -0.6587062478065491 -0.9990811944007874 -0.040062520653009415 0.015218944288790226 -1.98462975025177
-0.03937332704663277 0.9988685250282288 0.026669533923268318 -0.005065654404461384 -0.016788262873888016 0.02602522447705269 -0.9995202422142029 -0.6587640047073364 -0.9990834593772888 -0.039802223443984985 0.015744619071483612 -1.984970211982727
-0.03939099982380867 0.9988654255867004 0.026760146021842957 -0.005144063383340836 -0.0167971421033144 0.026115262880921364 -0.9995177388191223 -0.6588176488876343 -0.999082624912262 -0.03982154652476311 0.015749430283904076 -1.984789490699768
-0.039042167365550995 0.9989011287689209 0.02592514269053936 -0.005253797862678766 -0.01679908111691475 0.025285152718424797 -0.9995390772819519 -0.6589269638061523 -0.9990962743759155 -0.03945973888039589 0.015793483704328537 -1.9848642349243164
-0.039190929383039474 0.9988933205604553 0.02600225619971752 -0.005339690484106541 -0.016637787222862244 0.02536635845899582 -0.9995397329330444 -0.6588446497917175 -0.9990931749343872 -0.03960556164383888 0.01562529429793358 -1.9847557544708252
-0.03914549946784973 0.9989006519317627 0.02578737586736679 -0.005295713897794485 -0.01691174879670143 0.02514120191335678 -0.9995408058166504 -0.658658504486084 -0.9990903735160828 -0.03956368565559387 0.015909042209386826 -1.9849896430969238
-0.03997185081243515 0.9988607168197632 0.026065869256854057 -0.0048872618936002254 -0.01636051945388317 0.025429008528590202 -0.9995427131652832 -0.6591621041297913 -0.9990668296813965 -0.040380075573921204 0.015325485728681087 -1.9846253395080566
-0.04044491425156593 0.9988387227058411 0.026177871972322464 -0.005289552733302116 -0.015764258801937103 0.02555820904672146 -0.9995489716529846 -0.6590461134910583 -0.9990573525428772 -0.04083939641714096 0.014712303876876831 -1.9832810163497925
-0.04119766876101494 0.9987935423851013 0.026723643764853477 -0.005139377433806658 -0.015341728925704956 0.02611089125275612 -0.9995412826538086 -0.6590539813041687 -0.9990331530570984 -0.041588809341192245 0.014247561804950237 -1.9831900596618652
-0.04095890745520592 0.9987766742706299 0.02770283818244934 -0.005099661648273468 -0.015885919332504272 0.02707168273627758 -0.9995071887969971 -0.6590353846549988 -0.9990344643592834 -0.04137885943055153 0.01475770864635706 -1.9837781190872192
-0.04088716208934784 0.9987775087356567 0.02777779847383499 -0.005072802770882845 -0.01596948318183422 0.027144303545355797 -0.9995039105415344 -0.6590391397476196 -0.9990360736846924 -0.04131053015589714 0.014840157702565193 -1.9839586019515991
-0.04087517783045769 0.9987549185752869 0.0285961851477623 -0.005248998757451773 -0.01641223579645157 0.027945151552557945 -0.9994746446609497 -0.6587862968444824 -0.9990293979644775 -0.04132308438420296 0.015249588526785374 -1.9849210977554321
-0.04087543860077858 0.9987545013427734 0.02860979363322258 -0.005262312013655901 -0.016408292576670647 0.027958927676081657 -0.9994743466377258 -0.658772349357605 -0.9990294575691223 -0.04132343828678131 0.015245074406266212 -1.984946370124817
-0.04083065688610077 0.9987573027610779 0.028576992452144623 -0.005305697210133076 -0.01640835590660572 0.027926785871386528 -0.9994752407073975 -0.6587281227111816 -0.9990313053131104 -0.041278183460235596 0.015247747302055359 -1.985019564628601
-0.040860533714294434 0.9987431168556213 0.02902485430240631 -0.0050568962469697 -0.01648665964603424 0.028371276333928108 -0.9994614124298096 -0.6587860584259033 -0.9990288019180298 -0.04131710156798363 0.015306723304092884 -1.9854028224945068
-0.04092656821012497 0.9987388253211975 0.029080845415592194 -0.005228994879871607 -0.016422677785158157 0.0284289438277483 -0.9994608759880066 -0.6585925221443176 -0.9990271329879761 -0.041382137686014175 0.01523851603269577 -1.98517906665802
-0.04037075862288475 0.9987914562225342 0.028030795976519585 -0.005391749553382397 -0.016264230012893677 0.027393121272325516 -0.999492347240448 -0.6587691903114319 -0.9990523457527161 -0.04080621525645256 0.015138743445277214 -1.9850372076034546
-0.04032883420586586 0.998795747756958 0.027937278151512146 -0.005168591160327196 -0.016590595245361328 0.02728685550391674 -0.9994899034500122 -0.658685028553009 -0.99904865026474 -0.040771812200546265 0.015470219776034355 -1.98544442653656
-0.04078821837902069 0.9987648129463196 0.028373025357723236 -0.005175836384296417 -0.016130132600665092 0.027734803035855293 -0.9994851350784302 -0.6587722301483154 -0.9990375638008118 -0.04122493043541908 0.014979005791246891 -1.9845980405807495
-0.04063772037625313 0.9987655282020569 0.02856479585170746 -0.005053720436990261 -0.016323653981089592 0.027921011671423912 -0.9994767904281616 -0.6588639616966248 -0.9990405440330505 -0.04108279198408127 0.01516890712082386 -1.9849377870559692
-0.04050707072019577 0.9987537860870361 0.02915298193693161 -0.005026896018534899 -0.016704050824046135 0.028495999053120613 -0.9994542598724365 -0.6588302850723267 -0.9990395903587341 -0.04097198694944382 0.015528996475040913 -1.9853179454803467
-0.04041549190878868 0.9987528324127197 0.029313312843441963 -0.005138668697327375 -0.01701078563928604 0.028645312413573265 -0.999444842338562 -0.658725917339325 -0.9990381002426147 -0.040891747921705246 0.015831906348466873 -1.985529899597168
-0.040239766240119934 0.9987584948539734 0.029361657798290253 -0.005102636758238077 -0.01729864813387394 0.028684744611382484 -0.9994387626647949 -0.6587087512016296 -0.9990402460098267 -0.04072514921426773 0.016122955828905106 -1.9858430624008179
-0.04037436470389366 0.9987577795982361 0.029200341552495956 -0.005121752619743347 -0.01749984361231327 0.02851291559636593 -0.9994401931762695 -0.6586644053459167 -0.9990313053131104 -0.04086281731724739 0.016326963901519775 -1.9861494302749634
-0.04081243649125099 0.9987266063690186 0.029654383659362793 -0.004938042256981134 -0.017343098297715187 0.028966596350073814 -0.9994298815727234 -0.6588596105575562 -0.9990162253379822 -0.041303519159555435 0.016138866543769836 -1.9858431816101074
-0.04093490168452263 0.9987154603004456 0.02986149676144123 -0.005167199764400721 -0.01721241883933544 0.02917729690670967 -0.999426007270813 -0.6586177945137024 -0.9990134835243225 -0.041425444185733795 0.015995990484952927 -1.9854722023010254
-0.04105473682284355 0.9987038969993591 0.03008127585053444 -0.005213260650634766 -0.017226295545697212 0.029394736513495445 -0.9994193911552429 -0.6586675047874451 -0.9990083575248718 -0.041549138724803925 0.015997225418686867 -1.9852725267410278
-0.04166319593787193 0.9986701011657715 0.030365508049726486 -0.005153106991201639 -0.016736861318349838 0.029690084978938103 -0.9994189739227295 -0.6586507558822632 -0.9989914894104004 -0.04214726388454437 0.015477670356631279 -1.984692096710205
-0.04203878343105316 0.9986512064933777 0.030470261350274086 -0.005161980167031288 -0.01632697507739067 0.02980654500424862 -0.9994223117828369 -0.6586859822273254 -0.9989824891090393 -0.042512036859989166 0.015051973052322865 -1.9840362071990967
-0.041904598474502563 0.9986671209335327 0.030130663886666298 -0.00526373740285635 -0.016232192516326904 0.029472729191184044 -0.9994337558746338 -0.6586847305297852 -0.9989897012710571 -0.042370010167360306 0.014975563623011112 -1.983796238899231
-0.04237010329961777 0.9986280202865601 0.03076893463730812 -0.005253207869827747 -0.016106076538562775 0.030109930783510208 -0.9994167685508728 -0.65870201587677 -0.9989721179008484 -0.04284100979566574 0.01480826921761036 -1.9838893413543701
-0.04235450550913811 0.9986286759376526 0.030769038945436478 -0.005282634869217873 -0.01605953648686409 0.030112262815237045 -0.9994174838066101 -0.6587116122245789 -0.9989734888076782 -0.042824022471904755 0.014762173406779766 -1.983807921409607
-0.04204957187175751 0.9986374974250793 0.030900657176971436 -0.005400491878390312 -0.016327066347002983 0.0302371047437191 -0.9994093775749207 -0.6585212349891663 -0.9989820718765259 -0.04252930358052254 0.015033412724733353 -1.9841716289520264
-0.04172094166278839 0.9986777305603027 0.030034547671675682 -0.005393266212195158 -0.01569102145731449 0.029402142390608788 -0.9994444251060486 -0.6589058637619019 -0.9990060329437256 -0.04216908663511276 0.014443637803196907 -1.983359932899475
-0.04184509813785553 0.998668909072876 0.030153963714838028 -0.005276991054415703 -0.01583787426352501 0.029513638466596603 -0.9994388222694397 -0.6586841940879822 -0.9989985227584839 -0.04229924455285072 0.014581841416656971 -1.983569622039795
-0.04185676574707031 0.9986782073974609 0.029828829690814018 -0.005222420208156109 -0.015970943495631218 0.029182447120547295 -0.999446451663971 -0.6586337089538574 -0.9989959001541138 -0.042310040444135666 0.01472839992493391 -1.9837473630905151
-0.04183489829301834 0.9986611604690552 0.03042457066476345 -0.0053064473904669285 -0.016459129750728607 0.02975829690694809 -0.9994215369224548 -0.6584753394126892 -0.998988926410675 -0.04231151193380356 0.01519220881164074 -1.9841934442520142
-0.041815441101789474 0.9986628890037537 0.030393153429031372 -0.0053379833698272705 -0.016436608508229256 0.029728103429079056 -0.9994228482246399 -0.6584424376487732 -0.9989901185035706 -0.04229091852903366 0.015171588398516178 -1.9842195510864258
-0.04229358583688736 0.9986377954483032 0.030556483194231987 -0.005131009500473738 -0.01588832028210163 0.029907768592238426 -0.9994263052940369 -0.6588034629821777 -0.998978853225708 -0.04275486618280411 0.014601821079850197 -1.9838576316833496
-0.042123232036828995 0.9986386299133301 0.030763976275920868 -0.00524453679099679 -0.015969598665833473 0.03011445142328739 -0.9994188547134399 -0.6587904691696167 -0.9989847540855408 -0.04259008914232254 0.014679390005767345 -1.9836961030960083
-0.04210624471306801 0.9986381530761719 0.030802180990576744 -0.005275134928524494 -0.01587105356156826 0.03015713393688202 -0.999419093132019 -0.6588513255119324 -0.9989870190620422 -0.042570699006319046 0.014579687267541885 -1.983613133430481
-0.042132727801799774 0.9986367225646973 0.030812174081802368 -0.00531165162101388 -0.015901872888207436 0.03016543574631214 -0.9994183778762817 -0.6588707566261292 -0.9989854097366333 -0.04259824380278587 0.014609293080866337 -1.9836006164550781
-0.04190300777554512 0.9986425042152405 0.030938001349568367 -0.005421091802418232 -0.016075799241662025 0.03028734400868416 -0.9994118809700012 -0.6586084961891174 -0.9989923238754272 -0.04237576946616173 0.01478489488363266 -1.9838910102844238
-0.041842978447675705 0.9986465573310852 0.03088902123272419 -0.005367026198655367 -0.016191774979233742 0.030234305188059807 -0.9994116425514221 -0.6585031747817993 -0.998992919921875 -0.04231856018304825 0.014904816634953022 -1.9842584133148193
-0.04180779680609703 0.9986799955368042 0.02983746863901615 -0.005170932970941067 -0.015518358908593655 0.029210958629846573 -0.9994527697563171 -0.6589851379394531 -0.9990050792694092 -0.04224799573421478 0.01427667960524559 -1.9834637641906738
-0.04167097061872482 0.9986795783042908 0.030041219666600227 -0.005242461338639259 -0.01590753346681595 0.02940041571855545 -0.9994410872459412 -0.6587741374969482 -0.9990047216415405 -0.04212561249732971 0.014661435969173908 -1.9838805198669434
-0.04187861084938049 0.9986557364463806 0.030541885644197464 -0.00502238143235445 -0.016089273616671562 0.029890716075897217 -0.999423623085022 -0.6589381694793701 -0.9989930987358093 -0.04234592244029045 0.014815914444625378 -1.9842349290847778
-0.04229610785841942 0.9986392259597778 0.030505569651722908 -0.0050930967554450035 -0.01579112932085991 0.02986093796789646 -0.9994292855262756 -0.6590997576713562 -0.9989802837371826 -0.042753737419843674 0.014506691135466099 -1.9837108850479126
-0.04176953062415123 0.9986732006072998 0.030117446556687355 -0.005450432654470205 -0.015614545904099941 0.02948763407766819 -0.9994431138038635 -0.658998429775238 -0.9990051984786987 -0.04221659153699875 0.014362194575369358 -1.9834582805633545
-0.04174557700753212 0.9986745119094849 0.0301064383238554 -0.005507089663296938 -0.015603157691657543 0.029477445408701897 -0.9994435906410217 -0.6590057611465454 -0.9990063905715942 -0.04219215735793114 0.014351974241435528 -1.9834356307983398
-0.04145575687289238 0.9987056851387024 0.0294660497456789 -0.005186150781810284 -0.015366874635219574 0.028850646689534187 -0.9994655847549438 -0.6592738628387451 -0.9990221261978149 -0.041886456310749054 0.014151009730994701 -1.983441948890686
-0.04133249819278717 0.9987212419509888 0.029110785573720932 -0.0050675589591264725 -0.015118615701794624 0.028507236391305923 -0.9994791746139526 -0.6595072746276855 -0.9990310072898865 -0.04175113886594772 0.013921057805418968 -1.983329176902771
-0.04181680828332901 0.9986892938613892 0.029512517154216766 -0.004995349794626236 -0.01472583319991827 0.02891913615167141 -0.9994732141494751 -0.6593791246414185 -0.9990167021751404 -0.04222942888736725 0.013497276231646538 -1.9835261106491089
-0.041780177503824234 0.998699426651001 0.029219869524240494 -0.004902892746031284 -0.014935177750885487 0.028617912903428078 -0.999478816986084 -0.659177839756012 -0.9990151524543762 -0.04219485819339752 0.013720141723752022 -1.9838460683822632
-0.04131290689110756 0.9986881017684937 0.03025331348180771 -0.004994918592274189 -0.015764417126774788 0.029623910784721375 -0.9994367361068726 -0.6587375402450562 -0.9990218281745911 -0.041766613721847534 0.014519934542477131 -1.984695315361023
-0.04133173078298569 0.9986873269081116 0.03025265596807003 -0.004999945405870676 -0.01579185388982296 0.029621832072734833 -0.9994363784790039 -0.6586870551109314 -0.9990206360816956 -0.041786231100559235 0.014546852558851242 -1.9847453832626343
-0.04121117293834686 0.9986845254898071 0.030507810413837433 -0.005268745590001345 -0.016067884862422943 0.029867418110370636 -0.9994246959686279 -0.6585797667503357 -0.9990211725234985 -0.04167770966887474 0.014815927483141422 -1.9851362705230713
-0.04114190489053726 0.9986894726753235 0.030438778921961784 -0.0052747600711882114 -0.01606021635234356 0.029799684882164 -0.9994268417358398 -0.6586534380912781 -0.9990241527557373 -0.04160722717642784 0.014813203364610672 -1.9851925373077393
-0.04114743322134018 0.9987017512321472 0.030027177184820175 -0.005138798151165247 -0.015632033348083496 0.02940552681684494 -0.9994452595710754 -0.659133791923523 -0.9990307688713074 -0.041594043374061584 0.014401827938854694 -1.98494291305542
-0.04150885343551636 0.9986984133720398 0.029637353494763374 -0.0051453253254294395 -0.014848778955638409 0.029043074697256088 -0.9994677901268005 -0.6591556072235107 -0.9990277290344238 -0.04192689433693886 0.013623957522213459 -1.984419584274292
-0.04118206724524498 0.9987069964408875 0.029804719612002373 -0.005105393938720226 -0.015154894441366196 0.029202280566096306 -0.9994586110115051 -0.6592701077461243 -0.9990366697311401 -0.041611507534980774 0.01393273938447237 -1.9846274852752686
-0.040816277265548706 0.9987462162971497 0.028981948271393776 -0.005214080214500427 -0.015056554228067398 0.028388068079948425 -0.9994835257530212 -0.6590127944946289 -0.9990531802177429 -0.04123161733150482 0.01387903094291687 -1.9847686290740967
-0.04107772931456566 0.9987154006958008 0.029666224494576454 -0.004993792623281479 -0.015058583579957485 0.029069138690829277 -0.9994639158248901 -0.658972978591919 -0.9990423917770386 -0.041502490639686584 0.013845195062458515 -1.9847906827926636
-0.0410710833966732 0.998716413974762 0.029641343280673027 -0.004980450961738825 -0.015084302984178066 0.02904326282441616 -0.9994642734527588 -0.6589834690093994 -0.9990423321723938 -0.04149625077843666 0.013872153125703335 -1.9847662448883057
-0.04086100310087204 0.9987203478813171 0.029797691851854324 -0.005302027799189091 -0.015161320567131042 0.02919946424663067 -0.9994585514068604 -0.6585376262664795 -0.9990497827529907 -0.041290704160928726 0.013948851265013218 -1.9849514961242676
-0.04119407385587692 0.9987101554870605 0.02968098782002926 -0.005058949813246727 -0.014791487716138363 0.0290934257209301 -0.9994671940803528 -0.6587458252906799 -0.9990416169166565 -0.0416112020611763 0.013573982752859592 -1.984147310256958
-0.04052215442061424 0.9987564086914062 0.029042324051260948 -0.005488849710673094 -0.014990613795816898 0.028455281630158424 -0.9994826316833496 -0.6585602164268494 -0.9990661144256592 -0.04093660041689873 0.013818952254951 -1.983826756477356
-0.041071075946092606 0.9987348914146423 0.02901073731482029 -0.005158033221960068 -0.014757043682038784 0.028425773605704308 -0.9994869232177734 -0.6587159037590027 -0.9990472197532654 -0.04147816821932793 0.01357094757258892 -1.9834895133972168
-0.04159281775355339 0.9987059831619263 0.029262498021125793 -0.005251075141131878 -0.014346270821988583 0.028687909245491028 -0.999485433101654 -0.6587686538696289 -0.9990316033363342 -0.04199127480387688 0.013134545646607876 -1.9829187393188477
-0.041607461869716644 0.9987055659294128 0.02925543114542961 -0.005258393939584494 -0.014367603696882725 0.028679747134447098 -0.9994853138923645 -0.6587613224983215 -0.9990306496620178 -0.04200642928481102 0.013155764900147915 -1.982876181602478
-0.041545379906892776 0.9986903667449951 0.029856311157345772 -0.005429547745734453 -0.014571893028914928 0.02927333302795887 -0.9994651675224304 -0.6587235927581787 -0.9990302920341492 -0.0419582761824131 0.01333668828010559 -1.9829972982406616
-0.041622333228588104 0.9986953139305115 0.029581978917121887 -0.0052301292307674885 -0.01470861490815878 0.028992008417844772 -0.9994713664054871 -0.6585767269134521 -0.9990251064300537 -0.04203549027442932 0.013482760637998581 -1.9834275245666504
-0.04137026518583298 0.998694658279419 0.029956895858049393 -0.005450863391160965 -0.015102931298315525 0.029354121536016464 -0.999454915523529 -0.6582887172698975 -0.9990296959877014 -0.041800204664468765 0.013868878595530987 -1.9838505983352661
-0.04190976545214653 0.9986692070960999 0.030054306611418724 -0.005216455087065697 -0.014631672762334347 0.02946408838033676 -0.9994586706161499 -0.6586235761642456 -0.9990141987800598 -0.042326875030994415 0.01337741781026125 -1.983443021774292
-0.04164727404713631 0.9986928105354309 0.02963174134492874 -0.005293059162795544 -0.014993472956120968 0.029029477387666702 -0.999466061592102 -0.6586215496063232 -0.9990198016166687 -0.042069368064403534 0.013764925301074982 -1.9837360382080078
-0.041393525898456573 0.9987016916275024 0.029687849804759026 -0.0053167883306741714 -0.015335029922425747 0.029074829071760178 -0.9994595646858215 -0.6585484147071838 -0.9990251660346985 -0.04182647168636322 0.014111661352217197 -1.9840216636657715
-0.04148533195257187 0.998707115650177 0.029377102851867676 -0.005337245762348175 -0.01541481539607048 0.028759200125932693 -0.9994674324989319 -0.6585421562194824 -0.9990201592445374 -0.0419161319732666 0.014201851561665535 -1.984083652496338
-0.04184802621603012 0.9986798763275146 0.029785027727484703 -0.005226287990808487 -0.015085164457559586 0.02917623519897461 -0.9994603991508484 -0.6587400436401367 -0.9990100264549255 -0.04227481037378311 0.013844332657754421 -1.9836928844451904
-0.04230039194226265 0.9986494183540344 0.030165640637278557 -0.005152461584657431 -0.015031412243843079 0.029553182423114777 -0.999450147151947 -0.6588120460510254 -0.9989917874336243 -0.04273061454296112 0.013761049136519432 -1.9836028814315796
-0.04229884222149849 0.9986491203308105 0.030176635831594467 -0.005156284663826227 -0.015028686262667179 0.029564322903752327 -0.9994498491287231 -0.6588147282600403 -0.9989919066429138 -0.04272913932800293 0.013757897540926933 -1.9836020469665527
-0.04105748236179352 0.9987338185310364 0.029067756608128548 -0.005191942676901817 -0.015494070947170258 0.028452422469854355 -0.9994750022888184 -0.658968448638916 -0.9990366101264954 -0.041486356407403946 0.014306318014860153 -1.9845552444458008
-0.04112618789076805 0.9987404942512512 0.028739484027028084 -0.005334220360964537 -0.015554577112197876 0.028120404109358788 -0.9994834661483765 -0.6586968898773193 -0.9990328550338745 -0.04155202582478523 0.01437855139374733 -1.9847609996795654
-0.04053904861211777 0.9987837672233582 0.02806163765490055 -0.00521090766415 -0.015840228646993637 0.027438821271061897 -0.9994979500770569 -0.6588577032089233 -0.9990523457527161 -0.040963251143693924 0.014708669856190681 -1.9850772619247437
-0.04055149108171463 0.9987828731536865 0.0280754417181015 -0.005205308087170124 -0.015861939638853073 0.027451559901237488 -0.9994972348213196 -0.6588595509529114 -0.9990515112876892 -0.04097648337483406 0.014729482121765614 -1.9851558208465576
-0.04027046635746956 0.9987983107566833 0.02793007344007492 -0.005141721572726965 -0.015468603931367397 0.027326257899403572 -0.9995068311691284 -0.6591717600822449 -0.9990690350532532 -0.04068269580602646 0.014349625445902348 -1.9848101139068604
-0.040429260581731796 0.9987786412239075 0.02840009704232216 -0.004973788280040026 -0.015635477378964424 0.02778751216828823 -0.9994915127754211 -0.6591112017631531 -0.9990600347518921 -0.040852803736925125 0.0144930025562644 -1.9847689867019653
-0.04053833335638046 0.9987739324569702 0.02841050922870636 -0.005126901436597109 -0.01591242104768753 0.02778499200940132 -0.9994872212409973 -0.6588626503944397 -0.9990512132644653 -0.04096967726945877 0.014766605570912361 -1.9847584962844849
-0.04044584184885025 0.998772144317627 0.028605300933122635 -0.005143322981894016 -0.01645241118967533 0.0279591903090477 -0.9994736313819885 -0.6587201356887817 -0.9990462064743042 -0.04089523106813431 0.015301426872611046 -1.9854068756103516
-0.04044602811336517 0.9987724423408508 0.02859456092119217 -0.0051450347527861595 -0.01643327996134758 0.027949223294854164 -0.9994742274284363 -0.6587082147598267 -0.9990465044975281 -0.04089471325278282 0.015282723121345043 -1.9854658842086792
-0.04033812880516052 0.9987701177597046 0.028825867921113968 -0.00509148882701993 -0.016818063333630562 0.028166629374027252 -0.9994617104530334 -0.6586389541625977 -0.9990444779396057 -0.040801264345645905 0.015661241486668587 -1.985788106918335
-0.04082299396395683 0.9987329244613647 0.029426081106066704 -0.0049667335115373135 -0.01655915379524231 0.02877037040889263 -0.999448835849762 -0.6588243246078491 -0.9990290999412537 -0.04128781333565712 0.015363730490207672 -1.9855246543884277
-0.04079410061240196 0.9987346529960632 0.029407581314444542 -0.004958522971719503 -0.016586467623710632 0.028751173987984657 -0.9994489550590515 -0.6588307619094849 -0.999029815196991 -0.041259441524744034 0.015392652712762356 -1.9855449199676514
-0.040818143635988235 0.9987338781356812 0.029401669278740883 -0.0049403756856918335 -0.01660141721367836 0.028744269162416458 -0.9994488954544067 -0.6588417887687683 -0.9990286231040955 -0.04128380864858627 0.015407159924507141 -1.9855923652648926
-0.04058843106031418 0.9987513422966003 0.029124530032277107 -0.005243667867034674 -0.016477927565574646 0.028475554659962654 -0.9994586110115051 -0.6590312123298645 -0.9990400075912476 -0.041046418249607086 0.01530162338167429 -1.9855929613113403
-0.040367450565099716 0.9987582564353943 0.029194790869951248 -0.005214452277868986 -0.016778163611888885 0.028536980971693993 -0.9994518756866455 -0.6587170362472534 -0.9990440011024475 -0.04083521291613579 0.015605415217578411 -1.986133098602295
-0.04036270081996918 0.9987571239471436 0.029239414259791374 -0.005241926293820143 -0.01679360307753086 0.028581079095602036 -0.9994503259658813 -0.6587072014808655 -0.999043881893158 -0.04083160310983658 0.015619171783328056 -1.986184000968933
-0.04030778631567955 0.9987534284591675 0.029441481456160545 -0.005267062224447727 -0.017103422433137894 0.028771495446562767 -0.9994396567344666 -0.6584115624427795 -0.9990408420562744 -0.04078879952430725 0.015922438353300095 -1.9860669374465942
-0.04110757261514664 0.9987083673477173 0.029860608279705048 -0.005124388262629509 -0.016686832532286644 0.029195521026849747 -0.9994343519210815 -0.6585855484008789 -0.9990153312683105 -0.04158265143632889 0.01546517200767994 -1.9853588342666626
-0.04039062187075615 0.9987611770629883 0.029062531888484955 -0.005289104767143726 -0.01621297560632229 0.028427377343177795 -0.9994643330574036 -0.6589071154594421 -0.9990523457527161 -0.04084022715687752 0.015044741332530975 -1.984900951385498
-0.039881132543087006 0.9987793564796448 0.029140649363398552 -0.005042509641498327 -0.01734003983438015 0.028467711061239243 -0.9994442462921143 -0.6584144830703735 -0.9990538954734802 -0.04036431759595871 0.016183599829673767 -1.986559271812439
-0.03902492672204971 0.9988564252853394 0.027618641033768654 -0.005160903558135033 -0.017093762755393982 0.02696836367249489 -0.9994900822639465 -0.6585257649421692 -0.9990919828414917 -0.039477184414863586 0.01602182723581791 -1.986480474472046
-0.03843685984611511 0.9988861680030823 0.02736639976501465 -0.005193781107664108 -0.017199240624904633 0.026721304282546043 -0.9994949102401733 -0.6586007475852966 -0.9991129636764526 -0.03888817876577377 0.01615305058658123 -1.9863935708999634
-0.03805529326200485 0.9989209771156311 0.02661953680217266 -0.0052376617677509785 -0.017024872824549675 0.025986889377236366 -0.9995172619819641 -0.6586617827415466 -0.9991305470466614 -0.038490165024995804 0.01601761393249035 -1.9863550662994385
-0.03836791589856148 0.9989152550697327 0.026383280754089355 -0.005273943766951561 -0.016072865575551987 0.025782432407140732 -0.9995383024215698 -0.6587000489234924 -0.999134361743927 -0.03877430781722069 0.015066263265907764 -1.9853640794754028
-0.038386307656764984 0.9989149570465088 0.026367945596575737 -0.005288988817483187 -0.016060516238212585 0.025767290964722633 -0.9995388984680176 -0.6586946249008179 -0.999133825302124 -0.038792140781879425 0.015054029412567616 -1.985320806503296
-0.03846997767686844 0.9989322423934937 0.025580555200576782 -0.005494369193911552 -0.016146346926689148 0.024974804371595383 -0.999557614326477 -0.6583181619644165 -0.9991292357444763 -0.03886604309082031 0.015168377198278904 -1.9854358434677124
-0.03843533620238304 0.9989331364631653 0.025597846135497093 -0.005542207509279251 -0.016152119264006615 0.024992408230900764 -0.9995570778846741 -0.6582373380661011 -0.9991304874420166 -0.03883182257413864 0.015174346044659615 -1.985399603843689
-0.03798789903521538 0.998953104019165 0.025485066697001457 -0.005349179729819298 -0.016269853338599205 0.024881839752197266 -0.9995579719543457 -0.6583908796310425 -0.9991456866264343 -0.038385797291994095 0.015307662077248096 -1.9858700037002563
