# 3x4 first row second row third row Freq: 100 current Time: 2020-10-02-13:30:24
-0.0407201312482357 0.9986960291862488 0.03079231269657612 -0.005345407407730818 -0.007041099015623331 0.030530275776982307 -0.9995090365409851 -0.6461749076843262 -0.9991458058357239 -0.04091693460941315 0.005788703914731741 -1.9881294965744019
-0.0402948223054409 0.9987388253211975 0.029951101168990135 -0.00591746810823679 -0.00712066562846303 0.029687637463212013 -0.9995338916778564 -0.645891547203064 -0.999162495136261 -0.04048929363489151 0.005915410351008177 -1.988293170928955
-0.040210843086242676 0.9987298250198364 0.03036206029355526 -0.005957929417490959 -0.007211282849311829 0.03009575605392456 -0.999521017074585 -0.6459145545959473 -0.9991652369499207 -0.040410514920949936 0.005991930607706308 -1.9884692430496216
-0.04105021804571152 0.9986770153045654 0.03096921741962433 -0.0054970234632492065 -0.007013334427028894 0.030706560239195824 -0.9995038509368896 -0.6460409164428711 -0.999132513999939 -0.04124702885746956 0.005743528250604868 -1.9881980419158936
-0.04109879955649376 0.9986729025840759 0.03103882260620594 -0.00553903030231595 -0.00694847060367465 0.03077862411737442 -0.9995020627975464 -0.6459603309631348 -0.9991309642791748 -0.04129399359226227 0.005674267653375864 -1.9879951477050781
-0.04217297583818436 0.998612642288208 0.03153283894062042 -0.005377702880650759 -0.006720571778714657 0.0312766470015049 -0.9994881749153137 -0.6461201310157776 -0.9990877509117126 -0.04236329346895218 0.005392201244831085 -1.9881254434585571
-0.041419778019189835 0.9986603260040283 0.03101544827222824 -0.005782539024949074 -0.007032498717308044 0.030749909579753876 -0.9995023608207703 -0.646186351776123 -0.9991170763969421 -0.041617266833782196 0.005749405827373266 -1.988626480102539
-0.04081674665212631 0.9987064599990845 0.030321937054395676 -0.00595093285664916 -0.007291601970791817 0.0300486721098423 -0.9995218515396118 -0.6462116241455078 -0.9991400837898254 -0.04101830720901489 0.006055663805454969 -1.98904287815094
-0.040802571922540665 0.9987068772315979 0.030326684936881065 -0.00599686847999692 -0.007295744027942419 0.030053339898586273 -0.9995216727256775 -0.6462224125862122 -0.9991406202316284 -0.04100429266691208 0.006060039158910513 -1.9890848398208618
-0.040736109018325806 0.9987298250198364 0.029654115438461304 -0.00609686691313982 -0.007227554451674223 0.029383420944213867 -0.9995421171188354 -0.6458750367164612 -0.9991438388824463 -0.040931764990091324 0.0060213906690478325 -1.9891992807388306
-0.04052281007170677 0.998763382434845 0.028802931308746338 -0.006102836690843105 -0.007329902146011591 0.028528667986392975 -0.9995661377906799 -0.6460162997245789 -0.9991517663002014 -0.04071633145213127 0.0061647589318454266 -1.9896177053451538
-0.04031647741794586 0.998779833316803 0.028521105647087097 -0.005878655705600977 -0.007534153759479523 0.02823961153626442 -0.9995728135108948 -0.6461004018783569 -0.9991585612297058 -0.04051411896944046 0.006386422552168369 -1.9899250268936157
-0.040612876415252686 0.9987672567367554 0.028540469706058502 -0.005508946720510721 -0.007301880978047848 0.028266582638025284 -0.9995737671852112 -0.6462664604187012 -0.9991483092308044 -0.0408039465546608 0.006144875660538673 -1.9888982772827148
-0.04058312624692917 0.9987691044807434 0.02851875312626362 -0.005515543278306723 -0.007095425855368376 0.028253454715013504 -0.9995756149291992 -0.6465261578559875 -0.9991509914398193 -0.04076823964715004 0.005940061528235674 -1.9886677265167236
-0.04040297120809555 0.9987627863883972 0.028991512954235077 -0.005927085876464844 -0.007151508703827858 0.028725389391183853 -0.9995617866516113 -0.6462414264678955 -0.9991579055786133 -0.040592584758996964 0.005982052534818649 -1.988372802734375
-0.04042644426226616 0.9987618923187256 0.02898997627198696 -0.005962872412055731 -0.007161968387663364 0.02872328646481037 -0.9995617866516113 -0.6462526917457581 -0.9991568922996521 -0.04061633348464966 0.0059919035993516445 -1.988331913948059
-0.04094790667295456 0.9987218976020813 0.029628129675984383 -0.005703326780349016 -0.006845605093985796 0.02937186323106289 -0.999545156955719 -0.6461635231971741 -0.9991378784179688 -0.041132085025310516 0.0056341225281357765 -1.9878671169281006
-0.04112823307514191 0.998701810836792 0.030052978545427322 -0.005711437202990055 -0.006880950648337603 0.029794584959745407 -0.9995324015617371 -0.6458673477172852 -0.9991301894187927 -0.04131577908992767 0.005646602250635624 -1.9878079891204834
-0.04160479083657265 0.9986802339553833 0.030114348977804184 -0.0053315297700464725 -0.006372283678501844 0.029874589294195175 -0.9995333552360535 -0.6461533904075623 -0.9991138577461243 -0.04177725687623024 0.005120930727571249 -1.9873641729354858
-0.04143823683261871 0.9986765384674072 0.03046535886824131 -0.005392320454120636 -0.0066935475915670395 0.03021336905658245 -0.9995210766792297 -0.6460727453231812 -0.9991186857223511 -0.04162229225039482 0.005432683043181896 -1.9878525733947754
-0.04134141653776169 0.998677670955658 0.030559442937374115 -0.005355599336326122 -0.006767834536731243 0.03030497208237648 -0.9995177984237671 -0.6460896730422974 -0.9991222023963928 -0.041528284549713135 0.005506017245352268 -1.9879196882247925
-0.04105664789676666 0.998693585395813 0.030422091484069824 -0.005747235845774412 -0.006546299438923597 0.030178222805261612 -0.9995231032371521 -0.6462982892990112 -0.9991353750228882 -0.04123620316386223 0.0052987136878073215 -1.9880629777908325
-0.041105207055807114 0.9986950755119324 0.03030666708946228 -0.005871969740837812 -0.006922035478055477 0.030046917498111725 -0.9995245337486267 -0.6458216905593872 -0.9991308450698853 -0.041295427829027176 0.005677901208400726 -1.9884397983551025
-0.04125593230128288 0.9986697435379028 0.030930910259485245 -0.005545050837099552 -0.0068223499692976475 0.03067496232688427 -0.9995061159133911 -0.6460525989532471 -0.9991253614425659 -0.041446562856435776 0.005547733046114445 -1.9885467290878296
-0.04101540148258209 0.9986686110496521 0.03128570690751076 -0.005685743875801563 -0.007321000099182129 0.031010819599032402 -0.9994922280311584 -0.6458076238632202 -0.9991317391395569 -0.04122360050678253 0.006039314903318882 -1.98909330368042
-0.04144921153783798 0.9986328482627869 0.031850676983594894 -0.00549181317910552 -0.007223047781735659 0.03157772868871689 -0.9994752407073975 -0.6460025906562805 -0.9991145133972168 -0.041657499969005585 0.005904283840209246 -1.989004135131836
-0.041442420333623886 0.9986331462860107 0.03185029327869415 -0.005484513472765684 -0.007207359652966261 0.03157803788781166 -0.9994753003120422 -0.6459898948669434 -0.9991149306297302 -0.04165021702647209 0.005888820625841618 -1.9890774488449097
-0.04158613085746765 0.9986096620559692 0.03239356353878975 -0.005603257566690445 -0.006969471927732229 0.03213087096810341 -0.9994593858718872 -0.645999550819397 -0.9991106390953064 -0.04178939759731293 0.005623566452413797 -1.9884779453277588
-0.04134465008974075 0.998630702495575 0.03205264359712601 -0.005756402853876352 -0.00698429299518466 0.031790412962436676 -0.9994701743125916 -0.6458609700202942 -0.9991205334663391 -0.04154659062623978 0.005660349037498236 -1.9882261753082275
-0.04190212860703468 0.998590350151062 0.03258174657821655 -0.005544996354728937 -0.0068096136674284935 0.032324180006980896 -0.9994542598724365 -0.6458446383476257 -0.999098539352417 -0.04210111126303673 0.005445546004921198 -1.9880095720291138
-0.04234040901064873 0.9985477924346924 0.033310890197753906 -0.005661205854266882 -0.006941305007785559 0.033045969903469086 -0.9994297623634338 -0.6455333232879639 -0.999079167842865 -0.04254746809601784 0.005532028153538704 -1.988111138343811
-0.042039524763822556 0.9985781311988831 0.032778821885585785 -0.005692646373063326 -0.006292453035712242 0.03254253417253494 -0.9994505643844604 -0.645948052406311 -0.999096155166626 -0.04222266748547554 0.004915416240692139 -1.9874365329742432
-0.042025551199913025 0.9985781908035278 0.03279515355825424 -0.00572543079033494 -0.006284050177782774 0.03255930170416832 -0.9994500875473022 -0.6459762454032898 -0.9990968108177185 -0.042208511382341385 0.004906775429844856 -1.9873634576797485
-0.041145093739032745 0.998655378818512 0.03153611719608307 -0.005858970806002617 -0.007103901822119951 0.03126963600516319 -0.9994857311248779 -0.6459155678749084 -0.9991279244422913 -0.04134794697165489 0.005807741079479456 -1.9880763292312622
-0.04155191406607628 0.9986269474029541 0.03190220892429352 -0.005549788475036621 -0.006799997761845589 0.031646374613046646 -0.9994760155677795 -0.645877480506897 -0.9991132020950317 -0.04174705967307091 0.005475676152855158 -1.9879076480865479
-0.04242487624287605 0.9985835552215576 0.0321090929210186 -0.005323769059032202 -0.006320535205304623 0.03186911717057228 -0.9994720816612244 -0.6458093523979187 -0.999079704284668 -0.042605407536029816 0.004959522280842066 -1.9875118732452393
-0.04240436479449272 0.9985887408256531 0.031975969672203064 -0.005719236098229885 -0.006107581779360771 0.031745053827762604 -0.9994773268699646 -0.6457738876342773 -0.9990818500518799 -0.04257747903466225 0.004752816632390022 -1.9877041578292847
-0.04276857152581215 0.9985833764076233 0.031656548380851746 -0.005641930736601353 -0.005606111604720354 0.03144516050815582 -0.9994897842407227 -0.6460678577423096 -0.9990692734718323 -0.04292420297861099 0.004253288730978966 -1.9873284101486206
-0.04280039668083191 0.9985824823379517 0.03164221718907356 -0.005653936415910721 -0.005600644275546074 0.031430914998054504 -0.9994902610778809 -0.6460959911346436 -0.9990679621696472 -0.042955778539180756 0.004247432574629784 -1.9872804880142212
-0.0431261844933033 0.9985519647598267 0.032157499343156815 -0.005551051814109087 -0.00554268341511488 0.031947799026966095 -0.9994741678237915 -0.6459590196609497 -0.9990542531013489 -0.04328173026442528 0.004156853538006544 -1.9873162508010864
-0.04290223866701126 0.9985489249229431 0.03254954516887665 -0.0056403763592243195 -0.00602739816531539 0.03232024237513542 -0.9994593858718872 -0.646000325679779 -0.999061107635498 -0.04307521879673004 0.004632024094462395 -1.9881958961486816
-0.04373912885785103 0.9984698295593262 0.03383651748299599 -0.005252426024526358 -0.005685009993612766 0.03361961245536804 -0.9994185566902161 -0.6461016535758972 -0.9990268349647522 -0.043906036764383316 0.004205801524221897 -1.988221526145935
-0.043466199189424515 0.998479425907135 0.03390480577945709 -0.005702718626707792 -0.006002479232847691 0.03367524966597557 -0.9994148015975952 -0.6456508636474609 -0.9990369081497192 -0.0436442606151104 0.004529600031673908 -1.9884535074234009
-0.04289699345827103 0.9985411167144775 0.03279431536793709 -0.005543714854866266 -0.0056600384414196014 0.03258109465241432 -0.999453067779541 -0.6463131904602051 -0.9990634918212891 -0.04305913299322128 0.004254132974892855 -1.9879999160766602
-0.0429299958050251 0.9985377192497253 0.032854657620191574 -0.00555048743262887 -0.005683116149157286 0.032640356570482254 -0.9994510412216187 -0.6463493704795837 -0.9990619421005249 -0.04309312626719475 0.00427353847771883 -1.9879961013793945
-0.04202971234917641 0.9985924959182739 0.032350894063711166 -0.005794518161565065 -0.006177202798426151 0.03211915120482445 -0.9994649887084961 -0.6463767290115356 -0.9990972876548767 -0.04220704734325409 0.00481853261590004 -1.9886871576309204
-0.041906896978616714 0.9986129403114319 0.03187582269310951 -0.0055945925414562225 -0.005954063031822443 0.03165365755558014 -0.999481201171875 -0.6463990807533264 -0.9991037845611572 -0.04207492992281914 0.004619280807673931 -1.9882181882858276
-0.041543055325746536 0.9986588954925537 0.030896056443452835 -0.005833716597408056 -0.005906676407903433 0.030676718801259995 -0.9995118975639343 -0.6460535526275635 -0.9991192817687988 -0.04170525446534157 0.004624333698302507 -1.9878493547439575
-0.04159247875213623 0.9986560940742493 0.030920982360839844 -0.005907886661589146 -0.005934187676757574 0.030700286850333214 -0.9995110630989075 -0.6459806561470032 -0.9991170763969421 -0.041755612939596176 0.004649294540286064 -1.9877471923828125
-0.041459664702415466 0.9986717104911804 0.030593303963541985 -0.005923594813793898 -0.0062473369762301445 0.03035990335047245 -0.9995195269584656 -0.6455703973770142 -0.9991206526756287 -0.04163085296750069 0.004980310332030058 -1.9881352186203003
-0.04127814248204231 0.9986740350723267 0.03076162561774254 -0.005739422049373388 -0.0064359926618635654 0.030521443113684654 -0.9995133876800537 -0.6457981467247009 -0.9991269707679749 -0.04145602136850357 0.005167573690414429 -1.988674283027649
-0.04115064814686775 0.9986861348152161 0.03053901717066765 -0.005819794721901417 -0.0066893803887069225 0.030288828536868095 -0.9995188117027283 -0.6456382870674133 -0.9991306066513062 -0.04133511707186699 0.00543416989967227 -1.9889678955078125
-0.0412810780107975 0.9986987709999084 0.029943685978651047 -0.005770616699010134 -0.006383884232491255 0.02970496378839016 -0.9995383620262146 -0.6459856629371643 -0.999127209186554 -0.04145316034555435 0.005149307195097208 -1.988169550895691
-0.041106224060058594 0.9987271428108215 0.029230112209916115 -0.005957126617431641 -0.006406932137906551 0.028990745544433594 -0.9995591640472412 -0.6459177732467651 -0.9991342425346375 -0.04127535969018936 0.005207059904932976 -1.9881742000579834
-0.04118708148598671 0.9987218379974365 0.029298502951860428 -0.00596080906689167 -0.0063551925122737885 0.029060913249850273 -0.9995574355125427 -0.6459230780601501 -0.9991312623023987 -0.041355032473802567 0.005150118377059698 -1.9881720542907715
-0.040992625057697296 0.9987338185310364 0.02916187420487404 -0.005835006479173899 -0.0067609017714858055 0.028908461332321167 -0.999559223651886 -0.6457918286323547 -0.9991365671157837 -0.04117169976234436 0.0055672903545200825 -1.9884283542633057
-0.040652137249708176 0.9987694621086121 0.028407296165823936 -0.005906181409955025 -0.006548560690134764 0.028163844719529152 -0.9995818734169006 -0.6458964347839355 -0.9991519451141357 -0.040821149945259094 0.005395564716309309 -1.988420009613037
-0.040998853743076324 0.9987339973449707 0.02914617396891117 -0.005675885826349258 -0.006395579315721989 0.028907764703035355 -0.9995616674423218 -0.6460829973220825 -0.9991387128829956 -0.04116727039217949 0.005202280357480049 -1.9876199960708618
-0.04192628338932991 0.9986795783042908 0.029686184599995613 -0.005433712154626846 -0.006086813751608133 0.029456432908773422 -0.99954754114151 -0.6460498571395874 -0.9991021752357483 -0.042087990790605545 0.004843760747462511 -1.987728238105774
-0.04160128906369209 0.9986795783042908 0.030139906331896782 -0.0055367122404277325 -0.006774436216801405 0.02988336980342865 -0.9995304346084595 -0.645932137966156 -0.9991113543510437 -0.041785918176174164 0.005522287450730801 -1.9886709451675415
-0.04179447144269943 0.9986435174942017 0.031055036932229996 -0.005460036918520927 -0.006964626256376505 0.03079022653400898 -0.999501645565033 -0.6459327340126038 -0.999101996421814 -0.04198991134762764 0.005668300669640303 -1.9884943962097168
-0.04167056083679199 0.9986472129821777 0.03110259212553501 -0.005925159435719252 -0.0069899712689220905 0.030837465077638626 -0.9994999766349792 -0.6457839608192444 -0.9991069436073303 -0.04186711460351944 0.005695483647286892 -1.9888116121292114
-0.04129854962229729 0.9986982345581055 0.029938971623778343 -0.006146999541670084 -0.00679549016058445 0.02968306839466095 -0.9995362758636475 -0.6458413004875183 -0.999123752117157 -0.0414828322827816 0.005560759454965591 -1.9884158372879028
-0.04125605896115303 0.9987098574638367 0.029606519266963005 -0.006124899256974459 -0.006876193918287754 0.02934722788631916 -0.9995456337928772 -0.6455233693122864 -0.9991249442100525 -0.04144087806344032 0.005656554829329252 -1.98872971534729
-0.0407806895673275 0.9987466931343079 0.029016681015491486 -0.006063022185117006 -0.006761394906789064 0.028764309361577034 -0.9995633959770203 -0.6458355784416199 -0.9991452693939209 -0.040959060192108154 0.005579875782132149 -1.988329291343689
-0.04034124314785004 0.9987835884094238 0.02835509553551674 -0.005886182654649019 -0.006874482613056898 0.028100067749619484 -0.999581515789032 -0.6459540724754333 -0.9991623163223267 -0.040519267320632935 0.005732511170208454 -1.9883354902267456
-0.04045126587152481 0.9987788796424866 0.028363142162561417 -0.005710949655622244 -0.0067343637347221375 0.028113188222050667 -0.999582052230835 -0.645832359790802 -0.9991588592529297 -0.040625352412462234 0.005588909145444632 -1.9884785413742065
-0.04033146798610687 0.9987717866897583 0.0287809818983078 -0.005698762834072113 -0.0070042116567492485 0.028521090745925903 -0.9995686411857605 -0.6458316445350647 -0.9991618394851685 -0.04051564261317253 0.005845294333994389 -1.9886826276779175
-0.040463827550411224 0.9987541437149048 0.029204482212662697 -0.0055304644629359245 -0.00711489375680685 0.02893965318799019 -0.9995558261871338 -0.6460136771202087 -0.9991557002067566 -0.04065362364053726 0.005935003515332937 -1.9884363412857056
-0.04128324240446091 0.9986910820007324 0.03019683063030243 -0.005372463725507259 -0.006632687523961067 0.02994798682630062 -0.9995294809341431 -0.6459360122680664 -0.9991254806518555 -0.04146408662199974 0.005387638695538044 -1.987897515296936
-0.04132392257452011 0.998692512512207 0.03009302355349064 -0.005495439283549786 -0.006589910015463829 0.029845649376511574 -0.9995328187942505 -0.6460464000701904 -0.9991241097450256 -0.04150290787220001 0.005347937345504761 -1.9881480932235718
-0.04221121966838837 0.9986376166343689 0.030677931383252144 -0.005389730911701918 -0.006212219130247831 0.03044235333800316 -0.9995172619819641 -0.6461064219474792 -0.9990894198417664 -0.042381402105093 0.0049187298864126205 -1.987965703010559
-0.04228789359331131 0.9986326098442078 0.03073643334209919 -0.005419343709945679 -0.006182283628731966 0.030501801520586014 -0.9995155930519104 -0.6460462212562561 -0.9990863800048828 -0.04245741292834282 0.004883956164121628 -1.9877686500549316
-0.041782964020967484 0.9986350536346436 0.03134111315011978 -0.0057200114242732525 -0.006997144315391779 0.0310752484947443 -0.9994925856590271 -0.6457759141921997 -0.9991022348403931 -0.041981041431427 0.0056891608983278275 -1.9887269735336304
-0.04176858067512512 0.9986365437507629 0.03131291642785072 -0.005756836384534836 -0.00700041139498353 0.031046971678733826 -0.999493420124054 -0.6457560062408447 -0.9991028308868408 -0.04196660593152046 0.005694061517715454 -1.9887603521347046
-0.04219817370176315 0.9986231327056885 0.031163742765784264 -0.0054709757678210735 -0.006525035016238689 0.030915386974811554 -0.9995007514953613 -0.6460480690002441 -0.9990879893302917 -0.042380429804325104 0.005211460869759321 -1.988155484199524
-0.04264921694993973 0.9985993504524231 0.03131123259663582 -0.005383875221014023 -0.006260851863771677 0.0310719832777977 -0.9994975328445435 -0.6461085081100464 -0.9990705251693726 -0.042823802679777145 0.00492686964571476 -1.987845778465271
-0.04288019239902496 0.9985684156417847 0.031975097954273224 -0.005499494727700949 -0.006289745680987835 0.03173406794667244 -0.9994765520095825 -0.6460072994232178 -0.9990604519844055 -0.0430588461458683 0.0049199615605175495 -1.9879648685455322
-0.04277931898832321 0.9985547065734863 0.032534897327423096 -0.005602669902145863 -0.006602312438189983 0.03228142857551575 -0.9994570016860962 -0.645836353302002 -0.9990627765655518 -0.04297087714076042 0.005211775656789541 -1.988121509552002
-0.043130647391080856 0.9985381364822388 0.032578688114881516 -0.005448271986097097 -0.006391630042344332 0.032332565635442734 -0.9994567632675171 -0.6458632349967957 -0.9990490078926086 -0.043315429240465164 0.004987745080143213 -1.9877862930297852
-0.04319976642727852 0.9985345602035522 0.03259724751114845 -0.005448758136481047 -0.006369800306856632 0.032351743429899216 -0.9994562864303589 -0.6458527445793152 -0.9990461468696594 -0.043383896350860596 0.004962860606610775 -1.9877464771270752
-0.04255077615380287 0.9985873103141785 0.03182532265782356 -0.005775438621640205 -0.006211208179593086 0.031589142978191376 -0.9994816780090332 -0.6460472941398621 -0.9990749955177307 -0.04272637516260147 0.004858274012804031 -1.9874272346496582
-0.04274988919496536 0.9985672831535339 0.03218460828065872 -0.005498459096997976 -0.006199845112860203 0.0319482758641243 -0.9994702935218811 -0.6458345055580139 -0.9990665912628174 -0.042926765978336334 0.004825160373002291 -1.987351655960083
-0.042296115309000015 0.9985805749893188 0.03237147256731987 -0.005708257667720318 -0.006556219886988401 0.03212234750390053 -0.9994624853134155 -0.6456248760223389 -0.9990836381912231 -0.042485594749450684 0.0051882462576031685 -1.9877116680145264
-0.04274246469140053 0.9985531568527222 0.03262976184487343 -0.005550632253289223 -0.006467347964644432 0.03238237276673317 -0.9994546175003052 -0.6457053422927856 -0.9990652203559875 -0.04293016344308853 0.005073870997875929 -1.987716555595398
-0.042860426008701324 0.9985325932502747 0.033101875334978104 -0.005548551212996244 -0.006199584808200598 0.03286585211753845 -0.9994405508041382 -0.6458668112754822 -0.9990618228912354 -0.0430416464805603 0.0047818259336054325 -1.987370252609253
-0.042853254824876785 0.998533308506012 0.03308836370706558 -0.005539317615330219 -0.006217024754732847 0.03285161033272743 -0.9994409084320068 -0.6459128260612488 -0.9990620613098145 -0.04303498938679695 0.004800091031938791 -1.9873793125152588
-0.041973114013671875 0.9986042380332947 0.032061148434877396 -0.005700662732124329 -0.006471665576100349 0.0318170003592968 -0.9994727969169617 -0.6457535028457642 -0.9990978240966797 -0.04215845465660095 0.005127157084643841 -1.987680196762085
-0.042013492435216904 0.9986021518707275 0.032072313129901886 -0.005717612337321043 -0.006489782128483057 0.031827203929424286 -0.9994723200798035 -0.6457517147064209 -0.9990959763526917 -0.04219944775104523 0.005143521819263697 -1.9876773357391357
-0.04188380017876625 0.9985963702201843 0.032420676201581955 -0.005638826638460159 -0.006272473372519016 0.03218568488955498 -0.9994622468948364 -0.6459166407585144 -0.9991028308868408 -0.042064618319272995 0.004915593191981316 -1.9873716831207275
-0.041421279311180115 0.9986441135406494 0.03153235837817192 -0.005839118268340826 -0.006243578623980284 0.031300101429224014 -0.9994905591011047 -0.6458384990692139 -0.9991222620010376 -0.04159703478217125 0.004938605707138777 -1.9875714778900146
-0.04129062965512276 0.9986453652381897 0.03166230022907257 -0.00575708132237196 -0.005665663164108992 0.03145477920770645 -0.9994891285896301 -0.6461387276649475 -0.9991311430931091 -0.04144890606403351 0.004359183833003044 -1.986933708190918
-0.04123879224061966 0.9986586570739746 0.03130876645445824 -0.005721002351492643 -0.0059626176953315735 0.031088870018720627 -0.9994988441467285 -0.6457420587539673 -0.9991315603256226 -0.041404787451028824 0.004672535229474306 -1.9875463247299194
-0.041295286267995834 0.9986638426780701 0.03106927126646042 -0.005863857455551624 -0.00628927256911993 0.03083535097539425 -0.9995046854019165 -0.6454938054084778 -0.999127209186554 -0.04147021844983101 0.005007497500628233 -1.9880706071853638
-0.041331157088279724 0.9986433386802673 0.03167375549674034 -0.005619187839329243 -0.006249400787055492 0.0314418226480484 -0.9994860887527466 -0.645668625831604 -0.9991259574890137 -0.041507840156555176 0.004941378720104694 -1.9879791736602783
-0.041546013206243515 0.9986295104026794 0.03182835876941681 -0.005480234511196613 -0.006446050945669413 0.031587280333042145 -0.9994802474975586 -0.6457666158676147 -0.9991158246994019 -0.04172956943511963 0.005124874413013458 -1.987907886505127
-0.04131751134991646 0.9986354112625122 0.03193995729088783 -0.005730083212256432 -0.006882441230118275 0.03168201446533203 -0.9994743466377258 -0.6456844210624695 -0.9991223812103271 -0.041515596210956573 0.005564010702073574 -1.9881013631820679
-0.041308775544166565 0.998636782169342 0.031909603625535965 -0.005757547449320555 -0.006866679061204195 0.03165234252810478 -0.999475359916687 -0.6456704139709473 -0.9991228580474854 -0.04150620102882385 0.005549781955778599 -1.9881407022476196
-0.04127059504389763 0.998640239238739 0.03184982016682625 -0.005796477664262056 -0.007237899582833052 0.03157731145620346 -0.9994751214981079 -0.6457218527793884 -0.9991217851638794 -0.04147944226861 0.005924826487898827 -1.9889086484909058
-0.04150056838989258 0.9986284971237183 0.03191959485411644 -0.005429860670119524 -0.006917769555002451 0.031659144908189774 -0.999474823474884 -0.6459730863571167 -0.9991145730018616 -0.041699569672346115 0.0055943927727639675 -1.9881775379180908
-0.041058171540498734 0.9986690282821655 0.031216001138091087 -0.005760096479207277 -0.006909704767167568 0.0309577826410532 -0.9994968175888062 -0.6459271311759949 -0.9991328716278076 -0.041253190487623215 0.005629421211779118 -1.9882214069366455
-0.04179011657834053 0.9986257553100586 0.031625863164663315 -0.0055298879742622375 -0.00644513638690114 0.031383395195007324 -0.9994866847991943 -0.6459968090057373 -0.9991056323051453 -0.041972480714321136 0.005124746356159449 -1.9879549741744995
-0.04156559333205223 0.9986300468444824 0.03178539127111435 -0.005703823175281286 -0.00679267942905426 0.031529687345027924 -0.9994797706604004 -0.645793080329895 -0.9991127252578735 -0.04175985977053642 0.0054728067480027676 -1.9881761074066162
-0.04156079888343811 0.9986287951469421 0.03183204308152199 -0.0057310364209115505 -0.006771865300834179 0.031577277928590775 -0.9994783997535706 -0.6457850933074951 -0.9991130232810974 -0.04175466671586037 0.005450185853987932 -1.988198161125183
-0.04218218848109245 0.9986046552658081 0.03177076205611229 -0.00544372946023941 -0.006477204617112875 0.03152504935860634 -0.9994819760322571 -0.6458463668823242 -0.9990889430046082 -0.04236610606312752 0.005138354375958443 -1.9876261949539185
-0.042179547250270844 0.9985913038253784 0.03219118341803551 -0.005589275620877743 -0.0065956078469753265 0.03194083273410797 -0.9994680285453796 -0.6458001136779785 -0.9990882873535156 -0.04236941039562225 0.005239049904048443 -1.987730622291565
-0.041753869503736496 0.9985978603363037 0.032542116940021515 -0.005584565456956625 -0.007137353532016277 0.03227155655622482 -0.9994536638259888 -0.6458011865615845 -0.9991024732589722 -0.041963305324316025 0.005779866129159927 -1.9885417222976685
-0.04168872907757759 0.9986011385917664 0.03252439573407173 -0.005848673637956381 -0.0071903713978827 0.03225197643041611 -0.9994539022445679 -0.6456637382507324 -0.9991047978401184 -0.04189980775117874 0.005835752002894878 -1.988588571548462
-0.04158995673060417 0.9986129403114319 0.032287560403347015 -0.00594890583306551 -0.007028807885944843 0.032022278755903244 -0.9994624853134155 -0.6454969644546509 -0.9991100430488586 -0.04179452359676361 0.005687236785888672 -1.9885797500610352
-0.04163392633199692 0.9986128807067871 0.03223366290330887 -0.005966889671981335 -0.007035032380372286 0.03196782246232033 -0.9994641542434692 -0.6455101370811462 -0.9991081953048706 -0.04183836653828621 0.005694311112165451 -1.9887102842330933
-0.04129756614565849 0.9986668229103088 0.030969128012657166 -0.006215665023773909 -0.006672364193946123 0.030719207599759102 -0.9995058178901672 -0.6455296277999878 -0.9991246461868286 -0.04148377478122711 0.005394823383539915 -1.9884110689163208
-0.040804773569107056 0.9987046122550964 0.0303992610424757 -0.0057359435595571995 -0.006725378800183535 0.030149364843964577 -0.9995228052139282 -0.6462744474411011 -0.9991444945335388 -0.04098973050713539 0.005486411973834038 -1.9881211519241333
-0.04056522622704506 0.9987086057662964 0.03058718331158161 -0.005674333311617374 -0.006974885705858469 0.030328581109642982 -0.9995156526565552 -0.6464236378669739 -0.9991525411605835 -0.040758904069662094 0.005735576152801514 -1.9882622957229614
-0.04003288596868515 0.9987480044364929 0.029997149482369423 -0.005487700924277306 -0.007294993847608566 0.029728258028626442 -0.9995313882827759 -0.6466389894485474 -0.9991717338562012 -0.04023293778300285 0.006095735356211662 -1.9882655143737793
-0.04003492742776871 0.9987488985061646 0.029963726177811623 -0.005428099539130926 -0.0073030972853302956 0.029694467782974243 -0.9995323419570923 -0.646733283996582 -0.9991716146469116 -0.040235016494989395 0.006105127278715372 -1.9882786273956299
-0.040832288563251495 0.9986980557441711 0.030577249825000763 -0.00536859966814518 -0.006730810273438692 0.030327126383781433 -0.9995173811912537 -0.6463443040847778 -0.9991433620452881 -0.041018374264240265 0.005483704153448343 -1.9880565404891968
-0.04108820855617523 0.9986726641654968 0.03105926141142845 -0.0056524076499044895 -0.006967536173760891 0.030798353254795074 -0.9995013475418091 -0.6457927823066711 -0.9991312623023987 -0.04128410667181015 0.005692821927368641 -1.9882128238677979
-0.04112374410033226 0.9986708760261536 0.03107037954032421 -0.005728601012378931 -0.006901770830154419 0.03081199713051319 -0.9995014071464539 -0.6456509828567505 -0.9991302490234375 -0.0413176603615284 0.005625475663691759 -1.9880993366241455
-0.04200025647878647 0.9986204504966736 0.03151598200201988 -0.0055257221683859825 -0.006467266473919153 0.03127140924334526 -0.9994900226593018 -0.6457005143165588 -0.999096691608429 -0.042182642966508865 0.005144920200109482 -1.9876878261566162
-0.0422828383743763 0.9985888004302979 0.03213440626859665 -0.005503195803612471 -0.006293265614658594 0.03189631924033165 -0.9994713664054871 -0.64571613073349 -0.9990859031677246 -0.04246269911527634 0.004935700446367264 -1.987548828125
-0.041827112436294556 0.9986183643341064 0.031811103224754333 -0.005758373532444239 -0.006262708455324173 0.03157627582550049 -0.999481737613678 -0.6457553505897522 -0.9991052746772766 -0.04200464114546776 0.004933293908834457 -1.9874427318572998
-0.042244378477334976 0.9985842108726501 0.03232736140489578 -0.0056915138848125935 -0.0064615895971655846 0.032082486897706985 -0.9994643330574036 -0.6456255912780762 -0.9990864396095276 -0.04243062064051628 0.005097119137644768 -1.9878114461898804
-0.04165146127343178 0.9986388087272644 0.03139572590589523 -0.005901228170841932 -0.0064505948685109615 0.031153544783592224 -0.9994938373565674 -0.6456980109214783 -0.9991114139556885 -0.04183288291096687 0.005144206807017326 -1.9880173206329346
-0.04166600853204727 0.9986385703086853 0.03138459101319313 -0.005947077181190252 -0.006453718990087509 0.03114219382405281 -0.9994941353797913 -0.6456771492958069 -0.999110758304596 -0.04184746369719505 0.005147344898432493 -1.98801851272583
-0.04200677573680878 0.9986100196838379 0.03183479234576225 -0.005590162705630064 -0.006229732185602188 0.03160049021244049 -0.999481201171875 -0.645850419998169 -0.9990979433059692 -0.0421832874417305 0.004893621429800987 -1.9877632856369019
-0.04161418229341507 0.99861741065979 0.032117582857608795 -0.005689426325261593 -0.007110024802386761 0.031848616898059845 -0.9994674324989319 -0.6456073522567749 -0.9991084933280945 -0.041820358484983444 0.005774823483079672 -1.9885574579238892
-0.04095511883497238 0.9986690282821655 0.03135118633508682 -0.005916748661547899 -0.007241458166390657 0.031079992651939392 -0.9994906783103943 -0.6458823680877686 -0.9991347789764404 -0.041161272674798965 0.0059589180164039135 -1.9882688522338867
-0.04104045033454895 0.998687207698822 0.03065231628715992 -0.005549315363168716 -0.00664192158728838 0.030404778197407722 -0.9995155930519104 -0.6461467146873474 -0.999135434627533 -0.04122414067387581 0.005385359283536673 -1.9872822761535645
-0.041028834879398346 0.998687744140625 0.03065088950097561 -0.005502352025359869 -0.006652618758380413 0.030402973294258118 -0.9995155930519104 -0.6462125778198242 -0.9991358518600464 -0.04121285304427147 0.005396473221480846 -1.9872022867202759
-0.04135748744010925 0.9986469745635986 0.031525302678346634 -0.005560325924307108 -0.007416903506964445 0.031244559213519096 -0.9994842410087585 -0.6458653211593628 -0.9991168975830078 -0.04156995937228203 0.006114654708653688 -1.98798406124115
-0.04205438494682312 0.9986240267753601 0.031328488141298294 -0.00535409152507782 -0.006735325790941715 0.031072136014699936 -0.9994944930076599 -0.6460127234458923 -0.9990926384925842 -0.042244117707014084 0.005419321358203888 -1.9875150918960571
-0.04172267019748688 0.9986205101013184 0.0318794772028923 -0.005670263897627592 -0.007438817527145147 0.03159588202834129 -0.9994730353355408 -0.6457729339599609 -0.9991015791893005 -0.04193781316280365 0.0061102742329239845 -1.9878692626953125
-0.04182646423578262 0.998624324798584 0.03162376582622528 -0.005627673584967852 -0.007555488962680101 0.03133440390229225 -0.9994804263114929 -0.6457445621490479 -0.9990963339805603 -0.042043644934892654 0.006234470754861832 -1.9880579710006714
-0.042337749153375626 0.9985907077789307 0.03200293332338333 -0.005485244560986757 -0.007346045225858688 0.0317196361720562 -0.9994698166847229 -0.6458138227462769 -0.9990763664245605 -0.042550377547740936 0.005992737598717213 -1.9879937171936035
-0.042497843503952026 0.9985618591308594 0.032683733850717545 -0.005385309457778931 -0.007447116542607546 0.03239576146006584 -0.9994474053382874 -0.6459920406341553 -0.9990687966346741 -0.042717739939689636 0.006059639621526003 -1.988245964050293
-0.04228571057319641 0.9985607862472534 0.032989826053380966 -0.005666082259267569 -0.0077241030521690845 0.03269162401556969 -0.9994356632232666 -0.6457432508468628 -0.999075710773468 -0.042516645044088364 0.0063305809162557125 -1.988529920578003
-0.042405590415000916 0.9985582232475281 0.0329127199947834 -0.0056822653859853745 -0.007854239083826542 0.03260813653469086 -0.9994373917579651 -0.6457151174545288 -0.9990696310997009 -0.04264022037386894 0.006460131146013737 -1.9886271953582764
-0.04281631484627724 0.9985206127166748 0.033517684787511826 -0.005498101934790611 -0.0076244184747338295 0.033220890909433365 -0.9994189739227295 -0.6458203792572021 -0.9990538954734802 -0.043046969920396805 0.006190726067870855 -1.9882919788360596
-0.043088991194963455 0.9985119104385376 0.03342599794268608 -0.005349243525415659 -0.007403268478810787 0.03313701972365379 -0.9994234442710876 -0.6459262371063232 -0.9990438222885132 -0.04331158846616745 0.0059643941931426525 -1.9879164695739746
-0.043047625571489334 0.99852055311203 0.033220697194337845 -0.005342470481991768 -0.007407945115119219 0.032931577414274216 -0.9994301795959473 -0.6459569334983826 -0.9990455508232117 -0.04326917603611946 0.005979342386126518 -1.9879860877990723
-0.043124135583639145 0.9985072016716003 0.033521369099617004 -0.005542858969420195 -0.007227005437016487 0.03323991596698761 -0.9994212985038757 -0.645831286907196 -0.9990435838699341 -0.04334142059087753 0.005782757420092821 -1.98776113986969
-0.042901549488306046 0.9985086917877197 0.033761557191610336 -0.005779793485999107 -0.007381879258900881 0.03347492590546608 -0.9994122982025146 -0.6455837488174438 -0.9990520477294922 -0.043125543743371964 0.005934727378189564 -1.9880659580230713
-0.04251349717378616 0.9985311627388 0.03358868137001991 -0.005760932806879282 -0.00752260722219944 0.03329818695783615 -0.9994171857833862 -0.6454662680625916 -0.9990676045417786 -0.04274137690663338 0.006095918361097574 -1.9884121417999268
-0.04247477278113365 0.9985408186912537 0.03334992378950119 -0.005782852880656719 -0.007709411438554525 0.033051468431949615 -0.9994239211082458 -0.6453989148139954 -0.9990677833557129 -0.04270739480853081 0.006294291000813246 -1.9888259172439575
-0.042393989861011505 0.9985485672950745 0.03321949765086174 -0.005934043321758509 -0.0076519520953297615 0.03292388841509819 -0.9994285702705383 -0.6454103589057922 -0.9990716576576233 -0.042623940855264664 0.006245053838938475 -1.988807201385498
-0.04287594556808472 0.9985052943229675 0.033894363790750504 -0.005434858612716198 -0.0071090757846832275 0.033619772642850876 -0.9994094371795654 -0.6459299921989441 -0.9990551471710205 -0.04309156537055969 0.005656953435391188 -1.9881619215011597
-0.042815037071704865 0.9985190033912659 0.033566221594810486 -0.005482227075845003 -0.006990984547883272 0.03329676762223244 -0.9994210600852966 -0.6459289193153381 -0.9990585446357727 -0.04302489385008812 0.005555011332035065 -1.9880404472351074
-0.042372625321149826 0.9985367655754089 0.03359948471188545 -0.005741684697568417 -0.007601810619235039 0.033306483179330826 -0.9994162917137146 -0.6456034779548645 -0.9990729689598083 -0.04260329157114029 0.006179387215524912 -1.9885187149047852
-0.04249883443117142 0.9985154867172241 0.03406835347414017 -0.005386874545365572 -0.007753446232527494 0.03376849740743637 -0.9993996024131775 -0.6459066867828369 -0.9990664720535278 -0.0427374504506588 0.006306797731667757 -1.9888304471969604
-0.042544715106487274 0.9985164403915405 0.03398436680436134 -0.005503243301063776 -0.0076767196878790855 0.03368743509054184 -0.9994029402732849 -0.6458101272583008 -0.999065101146698 -0.042780183255672455 0.006232091691344976 -1.9886640310287476
-0.0428730770945549 0.998482346534729 0.03456822782754898 -0.005345641635358334 -0.0076894015073776245 0.03426922857761383 -0.9993830919265747 -0.6460492610931396 -0.9990509748458862 -0.04311241954565048 0.006208487320691347 -1.988394021987915
-0.04269891604781151 0.998519778251648 0.03369176760315895 -0.005519884172827005 -0.006934354547411203 0.033425502479076385 -0.9994171857833862 -0.6462724804878235 -0.9990639090538025 -0.04290764406323433 0.005496839992702007 -1.9871643781661987
-0.04215598478913307 0.9985501766204834 0.03347248584032059 -0.005419900640845299 -0.007310779765248299 0.033193059265613556 -0.9994222521781921 -0.6462032198905945 -0.9990842938423157 -0.0423763208091259 0.00590087752789259 -1.9873085021972656
-0.04201041907072067 0.9985355734825134 0.03408576548099518 -0.005641599651426077 -0.007562905550003052 0.03379707410931587 -0.9994001388549805 -0.6457543969154358 -0.9990885853767395 -0.04224298521876335 0.006131984293460846 -1.9877371788024902
-0.041899845004081726 0.9985405802726746 0.034074921160936356 -0.005691919010132551 -0.007835377007722855 0.03377540409564972 -0.9993987679481506 -0.6455029249191284 -0.9990910887718201 -0.0421416237950325 0.006408740766346455 -1.9880598783493042
-0.04177461937069893 0.9985567331314087 0.033754702657461166 -0.005771131254732609 -0.007740913890302181 0.03345969319343567 -0.999410092830658 -0.6454601883888245 -0.9990971088409424 -0.04201124981045723 0.006331958808004856 -1.9880332946777344
-0.041787561029195786 0.9985550045967102 0.03378926217556 -0.005875821691006422 -0.0077354456298053265 0.03349442780017853 -0.9994089603424072 -0.6453142762184143 -0.9990965723991394 -0.042024221271276474 0.006324600428342819 -1.9882643222808838
-0.04113109037280083 0.9986302256584167 0.03234045207500458 -0.005895780399441719 -0.007495177444070578 0.03205852955579758 -0.9994578957557678 -0.6455484628677368 -0.9991256594657898 -0.04135117307305336 0.006166291423141956 -1.9880093336105347
-0.041117653250694275 0.998630702495575 0.032344281673431396 -0.005934291984885931 -0.0074907587841153145 0.032062631100416183 -0.999457836151123 -0.6455163955688477 -0.9991262555122375 -0.041337624192237854 0.006162144243717194 -1.988027572631836
-0.04107881709933281 0.9986511468887329 0.03175540640950203 -0.005641935858875513 -0.0071107312105596066 0.031489212065935135 -0.999478816986084 -0.6459125876426697 -0.9991306066513062 -0.04128319397568703 0.005807583220303059 -1.9873607158660889
-0.04119705781340599 0.9986605048179626 0.03130519017577171 -0.005616629961878061 -0.006476130802184343 0.031064219772815704 -0.9994964003562927 -0.6461613774299622 -0.9991300702095032 -0.04137903079390526 0.005187684670090675 -1.9866694211959839
