# 3x4 first row second row third row Freq: 100 current Time: 2020-10-02-13:20:52
-0.04153157398104668 0.999131977558136 0.003217834047973156 -0.02118220552802086 -0.01603502407670021 0.0025537170004099607 -0.9998680949211121 -0.6705252528190613 -0.9990084767341614 -0.041577745229005814 0.015915097668766975 -1.979119896888733
-0.04127158969640732 0.9991418123245239 0.003491100622341037 -0.021419867873191833 -0.0168010164052248 0.0027996425051242113 -0.9998548626899719 -0.6703070998191833 -0.9990066289901733 -0.04132431000471115 0.016671106219291687 -1.9797108173370361
-0.041288528591394424 0.9991410970687866 0.003499593585729599 -0.021456079557538033 -0.016781197860836983 0.002808678662404418 -0.9998551607131958 -0.6702734231948853 -0.9990062713623047 -0.041341330856084824 0.01665087230503559 -1.9797307252883911
-0.04125168174505234 0.9991409778594971 0.003940611146390438 -0.021455883979797363 -0.01703834906220436 0.0032399913761764765 -0.9998495578765869 -0.6702549457550049 -0.9990034699440002 -0.04131266847252846 0.016890112310647964 -1.979682445526123
-0.041282642632722855 0.9991397857666016 0.0039106993936002254 -0.021476110443472862 -0.017024416476488113 0.0032101112883538008 -0.9998498558998108 -0.670251190662384 -0.9990023970603943 -0.041343074291944504 0.016877304762601852 -1.9797351360321045
-0.04104187339544296 0.999151349067688 0.003475029254332185 -0.021600784733891487 -0.01689412258565426 0.002783566014841199 -0.9998533725738525 -0.6703444123268127 -0.9990145564079285 -0.041094616055488586 0.016765596345067024 -1.9795863628387451
-0.04092216491699219 0.9991563558578491 0.0034386957995593548 -0.02160956896841526 -0.017197662964463234 0.002736767753958702 -0.9998483061790466 -0.6701483130455017 -0.9990142583847046 -0.04097514972090721 0.01707121543586254 -1.9800548553466797
-0.04086236655712128 0.9991583824157715 0.0035650490317493677 -0.02149157039821148 -0.017584998160600662 0.0028483662754297256 -0.9998412728309631 -0.6702029705047607 -0.9990099668502808 -0.04091862589120865 0.017453862354159355 -1.9803518056869507
-0.04018871858716011 0.9991887807846069 0.0025666793808341026 -0.02162533812224865 -0.01763538271188736 0.001859090756624937 -0.9998427033424377 -0.6703969836235046 -0.999036431312561 -0.04022771492600441 0.017546415328979492 -1.9801642894744873
-0.040210917592048645 0.9991877675056458 0.0026021874509751797 -0.021647680550813675 -0.017635460942983627 0.001894228858873248 -0.999842643737793 -0.6703930497169495 -0.9990355372428894 -0.04025053232908249 0.017545022070407867 -1.980191707611084
-0.040077634155750275 0.9991938471794128 0.0022996433544903994 -0.021527959033846855 -0.017056358978152275 0.001617081230506301 -0.9998531937599182 -0.6707637310028076 -0.9990509152412415 -0.04011102765798569 0.016977854073047638 -1.9794288873672485
-0.04027695953845978 0.9991852641105652 0.0025546096730977297 -0.021435435861349106 -0.017434338107705116 0.0018535753479227424 -0.9998462200164795 -0.6705880761146545 -0.9990363717079163 -0.040315356105566025 0.017345530912280083 -1.9795491695404053
-0.040288545191287994 0.999184787273407 0.00253964401781559 -0.021418778225779533 -0.01745591126382351 0.001837527728639543 -0.9998459219932556 -0.6706063151359558 -0.9990355372428894 -0.04032672196626663 0.017367703840136528 -1.9795277118682861
-0.04028533026576042 0.9991854429244995 0.0023319919127970934 -0.02140190824866295 -0.017768409103155136 0.0016171821625903249 -0.9998407959938049 -0.6704885363578796 -0.9990301728248596 -0.04032040387392044 0.017688842490315437 -1.9798952341079712
-0.040339771658182144 0.9991818070411682 0.0028753364458680153 -0.021299391984939575 -0.018154343590140343 0.002144318539649248 -0.9998328685760498 -0.6705469489097595 -0.999021053314209 -0.04038528352975845 0.018053043633699417 -1.980315089225769
-0.040356554090976715 0.9991812109947205 0.002858493011444807 -0.021275876089930534 -0.01816440001130104 0.002126753795892 -0.9998326897621155 -0.6705524921417236 -0.9990201592445374 -0.04040177911520004 0.018063751980662346 -1.9803669452667236
-0.03978534787893295 0.9992047548294067 0.0026234211400151253 -0.021404847502708435 -0.01839844509959221 0.0018925390904769301 -0.9998288750648499 -0.6708515882492065 -0.999038815498352 -0.039826858788728714 0.018308572471141815 -1.9802906513214111
-0.039816807955503464 0.9992035031318665 0.002624442568048835 -0.02149260975420475 -0.018351813778281212 0.0018948445795103908 -0.9998297691345215 -0.670708417892456 -0.9990383982658386 -0.039858248084783554 0.018261805176734924 -1.9800646305084229
-0.039820678532123566 0.9992032647132874 0.0026590998750180006 -0.021511198952794075 -0.018338249996304512 0.0019299942068755627 -0.9998299479484558 -0.6707422733306885 -0.9990385174751282 -0.03986272215843201 0.018246840685606003 -1.9800969362258911
-0.03976684808731079 0.9992045760154724 0.002953320275992155 -0.021520724520087242 -0.01873040944337845 0.0022097534965723753 -0.9998220801353455 -0.6703722476959229 -0.9990333914756775 -0.03981514275074005 0.01862769015133381 -1.980596661567688
-0.03983224555850029 0.9992018342018127 0.0030007229652255774 -0.021663030609488487 -0.018781688064336777 0.002253918442875147 -0.9998210072517395 -0.6701871156692505 -0.999029815196991 -0.03988152742385864 0.01867697201669216 -1.9806275367736816
-0.03978444263339043 0.9992037415504456 0.0029929715674370527 -0.021700557321310043 -0.018809020519256592 0.00224596681073308 -0.9998205304145813 -0.6701415181159973 -0.9990311861038208 -0.03983365371823311 0.018704744055867195 -1.9806938171386719
-0.03948220983147621 0.9992180466651917 0.0020864757243543863 -0.021710719913244247 -0.018654514104127884 0.0013506957329809666 -0.9998250007629395 -0.6702735424041748 -0.9990460872650146 -0.03951427713036537 0.0185866542160511 -1.9806450605392456
-0.0394422747194767 0.999219536781311 0.002117882017046213 -0.021737411618232727 -0.01865428127348423 0.0013828736264258623 -0.9998250007629395 -0.6702441573143005 -0.9990476369857788 -0.039474934339523315 0.01858523301780224 -1.9807024002075195
-0.03918920084834099 0.9992311000823975 0.0011220473097637296 -0.021538693457841873 -0.018835559487342834 0.0003840432036668062 -0.9998224973678589 -0.6703940033912659 -0.9990541934967041 -0.03920343145728111 0.018806081265211105 -1.9808146953582764
-0.039155106991529465 0.9992324709892273 0.0011325230589136481 -0.0215033870190382 -0.018861396238207817 0.0003941543400287628 -0.9998219609260559 -0.6703864336013794 -0.9990550875663757 -0.0391695536673069 0.018831539899110794 -1.9808748960494995
-0.039942532777786255 0.9992008209228516 0.0014889419544488192 -0.021106144413352013 -0.018515734001994133 0.0007497705519199371 -0.9998282194137573 -0.6707392334938049 -0.999030351638794 -0.03996329382061958 0.018471041694283485 -1.980209231376648
-0.04008270800113678 0.9991953372955322 0.0013908776454627514 -0.021353688091039658 -0.018373720347881317 0.0006547512020915747 -0.9998309016227722 -0.6707354187965393 -0.9990273714065552 -0.040101539343595505 0.018332745879888535 -1.9800567626953125
-0.04054350033402443 0.9991756081581116 0.0020426767878234386 -0.021295174956321716 -0.018156370148062706 0.0013073435984551907 -0.9998342394828796 -0.6706695556640625 -0.9990127682685852 -0.04057392105460167 0.018088452517986298 -1.9798611402511597
-0.040342777967453 0.9991858005523682 0.0002594886755105108 -0.02134973369538784 -0.01747884415090084 -0.0004460088675841689 -0.9998470544815063 -0.6707434058189392 -0.9990329742431641 -0.040341198444366455 0.017482660710811615 -1.9789643287658691
-0.04053443297743797 0.9991780519485474 0.00034605871769599617 -0.021490052342414856 -0.01736106351017952 -0.0003579581098165363 -0.9998491406440735 -0.6706562042236328 -0.9990272521972656 -0.040534380823373795 0.017361357808113098 -1.9791778326034546
-0.03987789526581764 0.9992044568061829 0.0002953067305497825 -0.021601418033242226 -0.01793917641043663 -0.0004204014257993549 -0.9998389482498169 -0.6709034442901611 -0.9990434646606445 -0.039876822382211685 0.017941724509000778 -1.9798423051834106
-0.03977322578430176 0.9992086291313171 0.00028300390113145113 -0.021496666595339775 -0.01789885200560093 -0.00042922579450532794 -0.9998396635055542 -0.6709336042404175 -0.9990483522415161 -0.03977196663618088 0.017901813611388206 -1.9799432754516602
-0.039443403482437134 0.9992217421531677 1.203521514980821e-05 -0.021523162722587585 -0.018356136977672577 -0.0007124994299374521 -0.9998311996459961 -0.6706804037094116 -0.9990531206130981 -0.03943701833486557 0.0183700080960989 -1.9802687168121338
-0.039420340210199356 0.9992226362228394 -2.0058891095686704e-05 -0.02151414565742016 -0.018307756632566452 -0.0007422800990752876 -0.9998320937156677 -0.6706671714782715 -0.9990549087524414 -0.03941340371966362 0.018322840332984924 -1.9803204536437988
-0.03931376710534096 0.9992268085479736 0.000363706931238994 -0.021675363183021545 -0.018496254459023476 -0.0003637436020653695 -0.9998288154602051 -0.670275866985321 -0.9990556836128235 -0.03931381553411484 0.018496306613087654 -1.9804552793502808
-0.039147473871707916 0.9992333054542542 0.00043797362013719976 -0.021666521206498146 -0.018879463896155357 -0.00030136850546114147 -0.999821662902832 -0.6701659560203552 -0.999055027961731 -0.03914881497621536 0.01887684129178524 -1.9806363582611084
-0.03851422294974327 0.9992579817771912 -0.00017177697736769915 -0.02170145884156227 -0.019385864958167076 -0.000919007696211338 -0.999811589717865 -0.6705661416053772 -0.9990699291229248 -0.03850369155406952 0.01940692961215973 -1.9811829328536987
-0.03872520849108696 0.9992498159408569 -8.241569594247267e-05 -0.02167987823486328 -0.019413651898503304 -0.0008347737020812929 -0.9998111128807068 -0.6704250574111938 -0.9990612268447876 -0.03871634602546692 0.019431469962000847 -1.981415867805481
-0.03959742188453674 0.9992154836654663 0.0006174361915327609 -0.021342389285564423 -0.0188544113188982 -0.0001293107634410262 -0.999822199344635 -0.6707189679145813 -0.9990377426147461 -0.03960207477211952 0.01884479448199272 -1.9809116125106812
-0.03954828903079033 0.9992175102233887 0.0004557383945211768 -0.02139311097562313 -0.018802937120199203 -0.0002881413383875042 -0.9998230934143066 -0.6708140969276428 -0.9990406632423401 -0.03954991698265076 0.01879967376589775 -1.9807196855545044
-0.039703674614429474 0.9992111921310425 0.0007086544646881521 -0.021399274468421936 -0.018467942252755165 -2.4680672140675597e-05 -0.9998294115066528 -0.6709023714065552 -0.9990407824516296 -0.039710041135549545 0.018454408273100853 -1.9801228046417236
-0.03941785544157028 0.9992227554321289 -2.665557803993579e-05 -0.02151677757501602 -0.01838085800409317 -0.0007517189951613545 -0.9998307228088379 -0.6707987785339355 -0.9990537166595459 -0.03941074758768082 0.01839625835418701 -1.9798318147659302
-0.04004690796136856 0.9991974830627441 0.0007508285925723612 -0.02137015014886856 -0.017971789464354515 3.106802250840701e-05 -0.9998384714126587 -0.6710987687110901 -0.9990361332893372 -0.04005398601293564 0.01795617677271366 -1.979912519454956
-0.04100460186600685 0.9991587400436401 0.000519632245413959 -0.020895617082715034 -0.017510149627923965 -0.00019856076687574387 -0.9998466372489929 -0.6712053418159485 -0.9990054368972778 -0.04100746288895607 0.017503615468740463 -1.9800984859466553
-0.041188109666109085 0.9991509914398193 0.0008241741452366114 -0.02133176475763321 -0.01738896779716015 0.00010797280265251175 -0.9998487234115601 -0.6708682179450989 -0.9990000128746033 -0.04119626805186272 0.017369812354445457 -1.9800736904144287
-0.04080192744731903 0.9991670250892639 0.0006342122214846313 -0.021499400958418846 -0.01724737510085106 -6.961588223930448e-05 -0.9998512268066406 -0.6709601879119873 -0.9990183115005493 -0.0408068485558033 0.017235903069376945 -1.980362892150879
-0.040526870638132095 0.9991776347160339 0.0012424231972545385 -0.02169160731136799 -0.017719117924571037 0.0005246092914603651 -0.9998428225517273 -0.6708417534828186 -0.9990212917327881 -0.040542569011449814 0.01768333837389946 -1.981027603149414
-0.039849016815423965 0.9992054104804993 0.000723597127944231 -0.021677112206816673 -0.01796926185488701 7.479190571757499e-06 -0.9998384714126587 -0.6707837581634521 -0.9990440607070923 -0.03985563665628433 0.017954740673303604 -1.9814976453781128
-0.03937699645757675 0.9992243647575378 0.00010692242358345538 -0.021815313026309013 -0.018132390454411507 -0.0006075150449760258 -0.9998353719711304 -0.6707782745361328 -0.9990598559379578 -0.039372507482767105 0.018142301589250565 -1.9818551540374756
-0.03901004418730736 0.9992386102676392 -0.0005286855739541352 -0.021922064945101738 -0.018029537051916122 -0.0012328204466030002 -0.9998366236686707 -0.6706629991531372 -0.9990760684013367 -0.0389941930770874 0.01806395687162876 -1.9813694953918457
-0.03883056715130806 0.9992451667785645 -0.0010691315401345491 -0.02179647982120514 -0.018076526001095772 -0.0017721641343086958 -0.9998349547386169 -0.6705771684646606 -0.9990822672843933 -0.03880488872528076 0.01813174970448017 -1.9813580513000488
-0.038826070725917816 0.9992453455924988 -0.0011002724058926105 -0.021787062287330627 -0.01807544007897377 -0.001803199527785182 -0.9998349547386169 -0.6705417633056641 -0.9990824460983276 -0.03879982978105545 0.018131865188479424 -1.981391191482544
-0.03853321447968483 0.9992555379867554 -0.0018626069650053978 -0.02164560742676258 -0.018121298402547836 -0.0025624241679906845 -0.9998324513435364 -0.6706239581108093 -0.9990929365158081 -0.03849305957555771 0.018206600099802017 -1.9812908172607422
-0.038886308670043945 0.999242901802063 -0.0011508021270856261 -0.02147374488413334 -0.018211426213383675 -0.001860142219811678 -0.9998323917388916 -0.6707573533058167 -0.9990776181221008 -0.03885888680815697 0.01827002875506878 -1.9809064865112305
-0.03914371877908707 0.9992334246635437 -0.00047924998216331005 -0.02137613855302334 -0.018380554392933846 -0.0011995211243629456 -0.9998303055763245 -0.6707013845443726 -0.9990644454956055 -0.039128322154283524 0.018413472920656204 -1.9809290170669556
-0.03916345536708832 0.9992325901985168 -0.0005729786353185773 -0.021439028903841972 -0.018410302698612213 -0.0012948353542014956 -0.9998296499252319 -0.6707100868225098 -0.9990631341934204 -0.03914628550410271 0.018446939066052437 -1.9806612730026245
-0.03917963057756424 0.9992320537567139 -0.00031144486274570227 -0.02152053825557232 -0.018675677478313446 -0.0010438477620482445 -0.9998250007629395 -0.6705751419067383 -0.9990575909614563 -0.03916700929403305 0.01870228908956051 -1.9809672832489014
-0.039789408445358276 0.9992077946662903 0.0006600330234505236 -0.021486911922693253 -0.017940226942300797 -5.389656507759355e-05 -0.9998390078544617 -0.6708434820175171 -0.9990469813346863 -0.03979489952325821 0.017928212881088257 -1.9802147150039673
-0.03979998454451561 0.9992074370384216 0.0006304979906417429 -0.021482469514012337 -0.017928432673215866 -8.317018364323303e-05 -0.9998392462730408 -0.6708587408065796 -0.9990467429161072 -0.03980494290590286 0.017917586490511894 -1.9801603555679321
-0.03996331989765167 0.9992004632949829 0.001135539379902184 -0.021471772342920303 -0.017841823399066925 0.0004227283934596926 -0.9998406767845154 -0.6708227396011353 -0.9990417957305908 -0.039977267384529114 0.017810719087719917 -1.9799624681472778
-0.039704591035842896 0.9992111921310425 0.0006118014571256936 -0.021747687831521034 -0.017806222662329674 -9.530918759992346e-05 -0.9998413920402527 -0.6706171631813049 -0.9990527629852295 -0.039709243923425674 0.017796017229557037 -1.9801985025405884
-0.03960568085312843 0.999215304851532 -0.0001187638335977681 -0.021919136866927147 -0.01780414953827858 -0.0008244870114140213 -0.9998410940170288 -0.6705394983291626 -0.9990566968917847 -0.03959732875227928 0.017822887748479843 -1.9804667234420776
-0.03960380703210831 0.9992154240608215 -0.00013151478196959943 -0.02197188511490822 -0.01777556724846363 -0.0008360797073692083 -0.9998416304588318 -0.6705080270767212 -0.9990572929382324 -0.03959525004029274 0.017794787883758545 -1.9804611206054688
-0.03976281359791756 0.9992089867591858 -0.0004152822948526591 -0.02171967551112175 -0.018273834139108658 -0.001142685185186565 -0.9998323321342468 -0.6703972220420837 -0.9990419745445251 -0.03974860906600952 0.018304869532585144 -1.9809917211532593
-0.039774101227521896 0.9992085099220276 -0.0004901443026028574 -0.021611688658595085 -0.017556214705109596 -0.0011892418842762709 -0.9998451471328735 -0.670996904373169 -0.9990543723106384 -0.03975939005613327 0.01758967526257038 -1.9803663492202759
-0.03972295671701431 0.99921053647995 -0.0005295510636642575 -0.021580899134278297 -0.017561428248882294 -0.0012279798975214362 -0.9998449683189392 -0.671065628528595 -0.999056339263916 -0.03970755264163017 0.017596397548913956 -1.9803235530853271
-0.03974024951457977 0.9992099404335022 -0.00031823766767047346 -0.02146245539188385 -0.017095845192670822 -0.0009983225027099252 -0.9998533129692078 -0.6711587905883789 -0.9990637302398682 -0.039729032665491104 0.017122067511081696 -1.9798623323440552
-0.03917190805077553 0.9992322325706482 -0.0006497532012872398 -0.021564459428191185 -0.017297444865107536 -0.001328198704868555 -0.9998494386672974 -0.6709192991256714 -0.9990826845169067 -0.03915482386946678 0.017336247488856316 -1.9804672002792358
-0.03909061849117279 0.9992345571517944 -0.0014418981736525893 -0.021505732089281082 -0.017332561314105988 -0.0021207917015999556 -0.9998474717140198 -0.6708858013153076 -0.9990853071212769 -0.03905972093343735 0.017402252182364464 -1.980566143989563
-0.0395813025534153 0.9992160797119141 -0.0006387575995177031 -0.021491285413503647 -0.017022745683789253 -0.0013134260661900043 -0.9998542070388794 -0.6707848906517029 -0.9990713000297546 -0.03956471011042595 0.017061443999409676 -1.9802342653274536
-0.04004135727882385 0.9991978406906128 -0.00046619088971056044 -0.02129998989403248 -0.01663622446358204 -0.0011331215500831604 -0.999860942363739 -0.6707979440689087 -0.9990594387054443 -0.04002808779478073 0.016668306663632393 -1.9797406196594238
-0.039966486394405365 0.9992009401321411 4.5989265345269814e-05 -0.02150791883468628 -0.01708427257835865 -0.0006372745847329497 -0.999853789806366 -0.6704328656196594 -0.9990549087524414 -0.03996147960424423 0.017096146941184998 -1.9804860353469849
-0.03983239829540253 0.9992063045501709 -1.8693404854275286e-05 -0.021530713886022568 -0.017453134059906006 -0.0007144073606468737 -0.9998473525047302 -0.6705102920532227 -0.9990538954734802 -0.03982604667544365 0.017467793077230453 -1.9806767702102661
-0.0398334264755249 0.9992063045501709 -4.9660735385259613e-05 -0.02153344452381134 -0.01743459701538086 -0.0007446735980920494 -0.9998476505279541 -0.6704715490341187 -0.9990541934967041 -0.03982654586434364 0.017450476065278053 -1.9807138442993164
-0.039199914783239365 0.9992310404777527 -0.0007744826725684106 -0.02187102660536766 -0.017628980800509453 -0.0014664932386949658 -0.9998434782028198 -0.6707115173339844 -0.9990758299827576 -0.03918017819523811 0.017672965303063393 -1.9806684255599976
-0.03936212509870529 0.9992249608039856 -0.00010255194501951337 -0.02147269807755947 -0.0171411894261837 -0.0007778028375469148 -0.99985271692276 -0.6710179448127747 -0.9990779161453247 -0.03935462236404419 0.017158573493361473 -1.979924201965332
-0.03885247930884361 0.999244749546051 -0.0005745338276028633 -0.02165626361966133 -0.016838116571307182 -0.0012295326450839639 -0.9998574256896973 -0.670932412147522 -0.9991030097007751 -0.03883731737732887 0.016873223707079887 -1.979772686958313
-0.03885231539607048 0.999244749546051 -0.000596436089836061 -0.02165856398642063 -0.01681862771511078 -0.0012506881030276418 -0.9998577237129211 -0.6709670424461365 -0.9991033673286438 -0.03883681073784828 0.016854573041200638 -1.9797115325927734
-0.03924952819943428 0.999229371547699 -5.268532913760282e-05 -0.02147921733558178 -0.017396116629242897 -0.0007359834271483123 -0.9998483657836914 -0.670649528503418 -0.9990779757499695 -0.039242714643478394 0.017411651089787483 -1.9805166721343994
-0.03929479420185089 0.9992275834083557 4.669572808779776e-05 -0.02130308374762535 -0.01774682104587555 -0.0006511217798106372 -0.9998422265052795 -0.6708019375801086 -0.9990699887275696 -0.039289478212594986 0.017758753150701523 -1.9809702634811401
-0.039368148893117905 0.9992246627807617 0.00036897577228955925 -0.021548813208937645 -0.018166182562708855 -0.0003464723995421082 -0.9998348951339722 -0.6705949902534485 -0.9990595579147339 -0.0393684059381485 0.018165793269872665 -1.9816464185714722
-0.03984365239739418 0.999205470085144 0.0008978526457212865 -0.021386895328760147 -0.017936717718839645 0.00018323981203138828 -0.9998390674591064 -0.6707255840301514 -0.9990448951721191 -0.03985339775681496 0.01791521906852722 -1.9812811613082886
-0.03925752639770508 0.9992283582687378 0.001216591103002429 -0.021509304642677307 -0.018394887447357178 0.0004946793778799474 -0.9998306035995483 -0.6709248423576355 -0.9990597367286682 -0.03927331045269966 0.018361328169703484 -1.9819614887237549
-0.0387859120965004 0.9992472529411316 0.0006462308228947222 -0.021763499826192856 -0.018364446237683296 -6.61594167468138e-05 -0.9998313188552856 -0.6710923910140991 -0.9990787506103516 -0.03879128769040108 0.01835324428975582 -1.9819822311401367
-0.03859580308198929 0.9992544054985046 0.000938242010306567 -0.021767834201455116 -0.018427757546305656 0.00022706820163875818 -0.9998301267623901 -0.6709337830543518 -0.9990848898887634 -0.038606587797403336 0.018405307084321976 -1.981810450553894
-0.0383257158100605 0.9992652535438538 0.00011164721945533529 -0.02174440026283264 -0.018326792865991592 -0.0005911429179832339 -0.9998317956924438 -0.6708958148956299 -0.9990971684455872 -0.038321368396282196 0.018336037173867226 -1.9815062284469604
-0.038463491946458817 0.9992599487304688 -0.00018352903134655207 -0.02160540781915188 -0.018490392714738846 -0.0008953148499131203 -0.999828577041626 -0.6707860827445984 -0.9990888833999634 -0.03845356032252312 0.018511200323700905 -1.9817432165145874
-0.03896632418036461 0.9992403984069824 0.0003884584584739059 -0.02157457359135151 -0.018227746710181236 -0.0003220686048734933 -0.9998337626457214 -0.670765221118927 -0.9990742206573486 -0.03896697983145714 0.0182265043258667 -1.980999231338501
-0.03914729505777359 0.9992333650588989 0.0002810065634548664 -0.02148970030248165 -0.018395308405160904 -0.0004394541319925338 -0.9998306632041931 -0.6706827282905579 -0.9990640878677368 -0.03914588689804077 0.0183984637260437 -1.9811137914657593
-0.03944829851388931 0.9992209672927856 0.0010978846112266183 -0.02125471644103527 -0.018318302929401398 0.00037541723577305675 -0.9998320937156677 -0.6710038781166077 -0.9990536570549011 -0.03946183994412422 0.018289275467395782 -1.981141448020935
-0.039439037442207336 0.9992208480834961 0.0014679415617138147 -0.021487955003976822 -0.018661994487047195 0.0007322953315451741 -0.9998255372047424 -0.670701265335083 -0.9990476369857788 -0.039459604769945145 0.01861862652003765 -1.981419324874878
-0.038943495601415634 0.9992409944534302 0.0008615562692284584 -0.021767228841781616 -0.01874072104692459 0.00013172606122680008 -0.9998243451118469 -0.6708018183708191 -0.9990655779838562 -0.03895285353064537 0.01872142218053341 -1.9813169240951538
-0.038909487426280975 0.9992424249649048 0.0007464438094757497 -0.021783549338579178 -0.01873859576880932 1.7267020666622557e-05 -0.9998243451118469 -0.670782744884491 -0.999066948890686 -0.0389166958630085 0.018723782151937485 -1.9812827110290527
-0.03833587467670441 0.9992647767066956 0.0004134731425438076 -0.021811382845044136 -0.01881949044764042 -0.0003082380280829966 -0.9998227953910828 -0.6711344122886658 -0.9990876317024231 -0.038336917757987976 0.01881752535700798 -1.981549620628357
-0.03895066678524017 0.9992408156394958 0.0006892964011058211 -0.021605679765343666 -0.018656952306628227 -3.750242467503995e-05 -0.9998258948326111 -0.6709100008010864 -0.9990668892860413 -0.03895679861307144 0.01864430494606495 -1.9808961153030396
-0.039056651294231415 0.9992367029190063 0.0007255462114699185 -0.021699797362089157 -0.01895129308104515 -1.4719091268489137e-05 -0.999820351600647 -0.6706517934799194 -0.9990572333335876 -0.03906343877315521 0.018937457352876663 -1.981215476989746
-0.03879273310303688 0.9992471933364868 -0.0002840147353708744 -0.02180047333240509 -0.018867019563913345 -0.00101658224593848 -0.9998214244842529 -0.6706602573394775 -0.999069094657898 -0.03878049924969673 0.018892306834459305 -1.9810974597930908
-0.039275873452425 0.999228298664093 0.0002973740338347852 -0.021349694579839706 -0.01878139190375805 -0.000440623756730929 -0.9998234510421753 -0.6708399057388306 -0.9990518093109131 -0.03927458077669144 0.018784260377287865 -1.9806877374649048
-0.03970314562320709 0.9992111325263977 0.0008215069537982345 -0.02128732018172741 -0.018658198416233063 8.068871829891577e-05 -0.9998258948326111 -0.6706960201263428 -0.9990372657775879 -0.039711613208055496 0.01864033006131649 -1.9805471897125244
-0.039306577295064926 0.9992266893386841 0.0009780392283573747 -0.02166988141834736 -0.019601207226514816 0.00020760578627232462 -0.9998078346252441 -0.6705029010772705 -0.9990348815917969 -0.03931824862957001 0.01957794278860092 -1.981270670890808
-0.03963456302881241 0.9992138147354126 -0.0008394178585149348 -0.021248234435915947 -0.018918735906481743 -0.0015903022140264511 -0.9998196959495544 -0.6712859272956848 -0.9990350604057312 -0.039611589163541794 0.018966948613524437 -1.980198621749878
-0.03933152183890343 0.9992261528968811 -0.0002096755924867466 -0.02144657075405121 -0.019300440326333046 -0.0009694519685581326 -0.9998131990432739 -0.6712009906768799 -0.9990397691726685 -0.03932018205523491 0.019323688000440598 -1.9811021089553833
-0.03909117728471756 0.9992355704307556 0.0002912240452133119 -0.021490225568413734 -0.019958462566137314 -0.0004893576260656118 -0.9998006224632263 -0.6710147261619568 -0.9990362524986267 -0.039089251309633255 0.019962389022111893 -1.9820771217346191
-0.038525886833667755 0.999257504940033 -0.0002685234067030251 -0.02174106426537037 -0.020057352259755135 -0.0010419198079034686 -0.9997982382774353 -0.6711982488632202 -0.9990562200546265 -0.038512781262397766 0.020082654431462288 -1.9824481010437012
-0.03824955224990845 0.999268114566803 -0.0003905383055098355 -0.021818267181515694 -0.020332200452685356 -0.0011689601233229041 -0.9997925162315369 -0.6711663603782654 -0.9990612864494324 -0.03823373094201088 0.020362086594104767 -1.982698678970337
-0.03809718042612076 0.9992734789848328 -0.0009946707868948579 -0.02173679508268833 -0.020157473161816597 -0.0017636410193517804 -0.9997951984405518 -0.6711245775222778 -0.9990706443786621 -0.038069382309913635 0.02021007239818573 -1.982283592224121
-0.03801717609167099 0.9992765188217163 -0.0010194187052547932 -0.021664652973413467 -0.019879549741744995 -0.0017762146890163422 -0.9998007416725159 -0.6709702014923096 -0.9990792870521545 -0.03798938915133476 0.01993274874985218 -1.981868028640747
-0.03891050070524216 0.9992425441741943 -0.00043928655213676393 -0.02135213278234005 -0.01928752288222313 -0.0011905430583283305 -0.9998131990432739 -0.6710403561592102 -0.9990564584732056 -0.038894813507795334 0.019319292157888412 -1.9813432693481445
-0.03898482769727707 0.9992397427558899 -0.00023848269484005868 -0.021598851308226585 -0.01956835389137268 -0.0010020172921940684 -0.9998079538345337 -0.6707040667533875 -0.999048113822937 -0.038972727954387665 0.019592594355344772 -1.9815984964370728
-0.03978605940937996 0.9992081522941589 0.000276541686616838 -0.021241895854473114 -0.019437076523900032 -0.000497178640216589 -0.9998109340667725 -0.6712561249732971 -0.9990190863609314 -0.039783965796232224 0.019441520795226097 -1.981561541557312
-0.03964856266975403 0.9992136359214783 -0.0001321178860962391 -0.021246394142508507 -0.019030392169952393 -0.0008872690377756953 -0.9998184442520142 -0.6717318892478943 -0.9990323781967163 -0.03963890299201012 0.019050661474466324 -1.9809503555297852
-0.03945895656943321 0.99922114610672 0.00020227859204169363 -0.021771127358078957 -0.01890634559094906 -0.000544155715033412 -0.9998210668563843 -0.6715429425239563 -0.999042272567749 -0.039455775171518326 0.0189131461083889 -1.9813181161880493
-0.039480630308389664 0.9992203116416931 -5.867211257282179e-06 -0.021755877882242203 -0.018894590437412262 -0.0007523728418163955 -0.999821126461029 -0.6715081930160522 -0.9990416169166565 -0.0394735150039196 0.018909616395831108 -1.9811100959777832
-0.0391056090593338 0.9992348551750183 -0.0006286266725510359 -0.021581105887889862 -0.018397215753793716 -0.001348935766145587 -0.9998297691345215 -0.6713623404502869 -0.999065637588501 -0.0390874408185482 0.018435943871736526 -1.9810768365859985
-0.039589811116456985 0.999215841293335 -0.0005031573818996549 -0.021208645775914192 -0.01785408891737461 -0.0012108158553019166 -0.9998398423194885 -0.6714236736297607 -0.9990564584732056 -0.03957453742623329 0.017888078466057777 -1.9808441400527954
-0.03972601518034935 0.9992104172706604 0.00047648456529714167 -0.021593285724520683 -0.017918776720762253 -0.00023556915402878076 -0.9998393654823303 -0.6709085702896118 -0.9990499019622803 -0.03972822427749634 0.01791404001414776 -1.9808123111724854
-0.0397285521030426 0.9992097616195679 0.0011669587111100554 -0.02143152616918087 -0.01778959482908249 0.0004604332207236439 -0.999841570854187 -0.6709681749343872 -0.999052107334137 -0.03974307328462601 0.017757298424839973 -1.9813309907913208
-0.039793092757463455 0.9992072582244873 0.0011355640599504113 -0.02126084454357624 -0.0179747287184 0.00042049409239552915 -0.9998382925987244 -0.6709545850753784 -0.9990462064743042 -0.03980712220072746 0.01794380135834217 -1.981737732887268
-0.03967190161347389 0.9992122650146484 0.000936257594730705 -0.02154901996254921 -0.017399057745933533 0.0002461064432282001 -0.9998485445976257 -0.6712200045585632 -0.9990612268447876 -0.039682235568761826 0.01737564243376255 -1.981155276298523
-0.039669815450906754 0.999212384223938 0.0008965196320787072 -0.02157197892665863 -0.01740005798637867 0.00020633968233596534 -0.9998485445976257 -0.6712307929992676 -0.9990612864494324 -0.03967946022748947 0.017378222197294235 -1.9811567068099976
-0.03909823298454285 0.9992352724075317 0.00022351396910380572 -0.02158624306321144 -0.01789802685379982 -0.00047661716234870255 -0.9998396635055542 -0.6711839437484741 -0.9990749955177307 -0.03909601643681526 0.017903029918670654 -1.9814412593841553
-0.03886204585433006 0.999244213104248 -0.0007640948751941323 -0.021637508645653725 -0.01781233213841915 -0.0014572474174201488 -0.999840259552002 -0.6712027192115784 -0.9990857839584351 -0.038842279464006424 0.017855556681752205 -1.9814074039459229
-0.038926176726818085 0.9992407560348511 -0.0015808520838618279 -0.021779339760541916 -0.017574291676282883 -0.002266374183818698 -0.9998429417610168 -0.670706033706665 -0.9990874528884888 -0.03889233618974686 0.017649225890636444 -1.9812443256378174
-0.03792327269911766 0.9992778897285461 -0.0023191720247268677 -0.02185068279504776 -0.017861586064100266 -0.002998275915160775 -0.9998359084129333 -0.6708812117576599 -0.9991209506988525 -0.03787568211555481 0.017962448298931122 -1.9814280271530151
-0.037936873733997345 0.9992774128913879 -0.002322450280189514 -0.02185659483075142 -0.017856840044260025 -0.0030016207601875067 -0.9998359680175781 -0.6708595752716064 -0.9991205334663391 -0.037889230996370316 0.017957862466573715 -1.9814306497573853
-0.038432542234659195 0.999259889125824 -0.0015915307449176908 -0.021452292799949646 -0.018013160675764084 -0.002285200636833906 -0.9998350739479065 -0.6710895299911499 -0.9990987777709961 -0.038397591561079025 0.018087709322571754 -1.9817168712615967
-0.03862660750746727 0.9992522597312927 -0.0016897410387173295 -0.02138032205402851 -0.01823137328028679 -0.0023954121861606836 -0.9998309016227722 -0.6711046695709229 -0.9990873336791992 -0.038589321076869965 0.018310321494936943 -1.9817674160003662
-0.03856927156448364 0.9992546439170837 -0.0015552022960036993 -0.021504543721675873 -0.01853850670158863 -0.0022715905215591192 -0.9998255372047424 -0.6710536479949951 -0.9990838766098022 -0.038533765822649 0.01861235685646534 -1.98186194896698
-0.038781698793172836 0.9992465972900391 -0.0014636419946327806 -0.021491916850209236 -0.018462495878338814 -0.0021809886675328016 -0.9998271465301514 -0.6712715029716492 -0.9990770816802979 -0.03874802589416504 0.018533222377300262 -1.9817326068878174
-0.038810234516859055 0.9992461204528809 -0.0009427067125216126 -0.021397726610302925 -0.018484463915228844 -0.0016611326718702912 -0.9998277425765991 -0.6713787317276001 -0.9990755915641785 -0.03878617659211159 0.018535051494836807 -1.9814693927764893
-0.0390482023358345 0.9992372393608093 -0.00029789257678203285 -0.02171773463487625 -0.018514053896069527 -0.0010215106885880232 -0.999828040599823 -0.6708903312683105 -0.9990657567977905 -0.03903602436184883 0.018539873883128166 -1.9817519187927246
-0.038361407816410065 0.9992626309394836 -0.001559863449074328 -0.021785765886306763 -0.018498560413718224 -0.0022708470933139324 -0.9998262524604797 -0.6709286570549011 -0.9990926384925842 -0.03832593932747841 0.018572088330984116 -1.9814436435699463
-0.0385102741420269 0.9992566704750061 -0.0017296499572694302 -0.02164919488132 -0.01866839826107025 -0.002450039144605398 -0.9998226761817932 -0.6708070635795593 -0.9990837574005127 -0.03847120702266693 0.018748927861452103 -1.9816460609436035
-0.03846649453043938 0.9992589354515076 -0.0013417492154985666 -0.02164384163916111 -0.018779395148158073 -0.0020653672982007265 -0.9998214840888977 -0.6707438230514526 -0.9990833401679993 -0.038434483110904694 0.018844980746507645 -1.9818004369735718
-0.03916850686073303 0.999232292175293 -0.0007563647232018411 -0.021383462473750114 -0.01830105297267437 -0.0014741434715688229 -0.9998313784599304 -0.6709792017936707 -0.9990649819374084 -0.03914811462163925 0.018344799056649208 -1.9813109636306763
-0.03987899795174599 0.9992044568061829 -0.00018681969959288836 -0.021194947883486748 -0.018071534112095833 -0.0009081358439289033 -0.9998362064361572 -0.6713961958885193 -0.9990410208702087 -0.039869144558906555 0.018093427643179893 -1.98136568069458
-0.0397629551589489 0.9992090463638306 0.00035364393261261284 -0.02144354209303856 -0.018249429762363434 -0.00037231031456030905 -0.999833345413208 -0.6711066365242004 -0.9990423917770386 -0.03976283594965935 0.01824985258281231 -1.9816017150878906
-0.03906405717134476 0.9992366433143616 0.00013465274241752923 -0.021869897842407227 -0.018651427701115608 -0.0005943744909018278 -0.9998258352279663 -0.6710489988327026 -0.9990625977516174 -0.03905981779098511 0.018660463392734528 -1.9820637702941895
-0.039213914424180984 0.9992308020591736 -8.08011245680973e-05 -0.02177448756992817 -0.018709542229771614 -0.0008150378707796335 -0.999824583530426 -0.6708682179450989 -0.9990556240081787 -0.03920557722449303 0.018727166578173637 -1.9822832345962524
-0.03938891366124153 0.9992237687110901 -0.0005481718690134585 -0.02148020826280117 -0.018115209415555 -0.0012625496601685882 -0.9998350739479065 -0.6712106466293335 -0.9990596771240234 -0.03937254101037979 0.0181509330868721 -1.9812922477722168
-0.03955356031656265 0.9992173314094543 0.00027508294442668557 -0.021525612100958824 -0.018162250518798828 -0.00044364097993820906 -0.9998348951339722 -0.6711063385009766 -0.9990523457527161 -0.03955208137631416 0.01816563680768013 -1.981120228767395
-0.039831604808568954 0.9992059469223022 0.0009113075211644173 -0.02139996364712715 -0.018024954944849014 0.0001934005122166127 -0.9998374581336975 -0.6710628271102905 -0.9990437626838684 -0.03984161093831062 0.018002992495894432 -1.9811570644378662
-0.03915766626596451 0.9992329478263855 0.00028172682505100965 -0.021695412695407867 -0.01801188290119171 -0.00042389697046019137 -0.9998376369476318 -0.6710237860679626 -0.9990706443786621 -0.039156436920166016 0.01801471970975399 -1.9811774492263794
-0.03945724293589592 0.9992208480834961 0.0008657116559334099 -0.021591339260339737 -0.017764020711183548 0.00016483456420246512 -0.9998421669006348 -0.671021044254303 -0.9990633130073547 -0.03946644440293312 0.017743729054927826 -1.9808348417282104
-0.03998839110136032 0.9991995692253113 0.0010418598540127277 -0.021313581615686417 -0.01740209013223648 0.00034614786272868514 -0.999848484992981 -0.6709754467010498 -0.9990485310554504 -0.040000513195991516 0.017374373972415924 -1.9804030656814575
-0.03978223726153374 0.9992082715034485 0.00036542266025207937 -0.021476391702890396 -0.017179450020194054 -0.00031826976919546723 -0.9998522996902466 -0.6711243987083435 -0.9990606307983398 -0.03978269174695015 0.01717856340110302 -1.9803047180175781
-0.03996707871556282 0.9992007613182068 0.0006465795449912548 -0.021569618955254555 -0.016847217455506325 -2.6817340767593123e-05 -0.999858021736145 -0.6711682081222534 -0.9990589022636414 -0.03997235372662544 0.01683487929403782 -1.9800035953521729
-0.04061076045036316 0.999174177646637 0.0012811152264475822 -0.021513063460588455 -0.01631597988307476 0.0006189016276039183 -0.9998666644096375 -0.6711980104446411 -0.999041736125946 -0.040626298636198044 0.01627742499113083 -1.9797284603118896
-0.04044250771403313 0.9991818070411682 9.19794911169447e-05 -0.02136610448360443 -0.016376012936234474 -0.0005707364180125296 -0.999865710735321 -0.671114444732666 -0.9990476369857788 -0.040438637137413025 0.016385750845074654 -1.9799106121063232
-0.04002447426319122 0.9991984367370605 0.0006121553597040474 -0.02136634662747383 -0.016380412504076958 -4.352856194600463e-05 -0.9998657703399658 -0.6712276339530945 -0.9990643858909607 -0.04002918303012848 0.016369078308343887 -1.9798526763916016
-0.03932582587003708 0.9992263913154602 -2.1083107640151866e-05 -0.021514808759093285 -0.016973797231912613 -0.0006890712538734078 -0.999855637550354 -0.671045184135437 -0.9990822076797485 -0.03931984677910805 0.016987817361950874 -1.9805814027786255
-0.03959246352314949 0.9992157816886902 0.00037460296880453825 -0.021493159234523773 -0.017015989869832993 -0.0002993405796587467 -0.999855101108551 -0.6708627343177795 -0.999070942401886 -0.039593156427145004 0.017014551907777786 -1.9806355237960815
-0.03961871564388275 0.999214768409729 0.00032414603629149497 -0.021492542698979378 -0.017031703144311905 -0.0003509002854116261 -0.9998548626899719 -0.6708322763442993 -0.9990696310997009 -0.039618536829948425 0.017032286152243614 -1.9806581735610962
-0.03921928256750107 0.9992305636405945 -2.6910782253253274e-05 -0.021645406261086464 -0.017296453937888145 -0.0007057538605295122 -0.9998500943183899 -0.6706727743148804 -0.9990808367729187 -0.039212990552186966 0.01731087826192379 -1.9809995889663696
-0.03973111882805824 0.9992101192474365 -0.0007221136474981904 -0.02132612094283104 -0.01645815186202526 -0.0013769530924037099 -0.9998635649681091 -0.670927107334137 -0.9990748167037964 -0.039713867008686066 0.01649991236627102 -1.9801678657531738
-0.039606206119060516 0.999215304851532 -0.0001654618390602991 -0.02155432291328907 -0.016935568302869797 -0.0008367978152818978 -0.999856173992157 -0.6706782579421997 -0.9990717768669128 -0.0395977608859539 0.016955476254224777 -1.9808591604232788
-0.03955017775297165 0.9992175102233887 5.564493676502025e-06 -0.021788833662867546 -0.01746857538819313 -0.0006858078413642943 -0.9998471140861511 -0.6705225706100464 -0.9990648031234741 -0.03954428434371948 0.017482085153460503 -1.9816251993179321
-0.03956185653805733 0.9992170929908752 2.616342499095481e-06 -0.02182137221097946 -0.017457932233810425 -0.0006885409238748252 -0.9998472929000854 -0.6704755425453186 -0.999064564704895 -0.03955591470003128 0.0174715593457222 -1.9817006587982178
