# 3x4 first row second row third row Freq: 100 current Time: 2020-10-02-13:23:13
-0.04097059741616249 0.9991534352302551 0.0037046463694423437 -0.021416235715150833 -0.017429402098059654 0.002992557594552636 -0.9998435378074646 -0.6714679598808289 -0.9990082383155823 -0.041028812527656555 0.017292093485593796 -1.9825091361999512
-0.04101157188415527 0.9991523027420044 0.0035448623821139336 -0.021471837535500526 -0.017408262938261032 0.002832822035998106 -0.9998443722724915 -0.6713075041770935 -0.9990069270133972 -0.04106695577502251 0.01727738231420517 -1.982174277305603
-0.04075140133500099 0.9991656541824341 0.0026841715443879366 -0.021069195121526718 -0.017418425530195236 0.001975632505491376 -0.9998462796211243 -0.6715773344039917 -0.9990174174308777 -0.04079194739460945 0.017323436215519905 -1.9816038608551025
-0.04067247360944748 0.9991646409034729 0.003961940761655569 -0.021379409357905388 -0.018011946231126785 0.003231436712667346 -0.9998325109481812 -0.6709257364273071 -0.9990101456642151 -0.040737077593803406 0.01786552369594574 -1.9819673299789429
-0.04069534316658974 0.9991638660430908 0.003911495208740234 -0.021457791328430176 -0.01796772889792919 0.003182352287694812 -0.9998334646224976 -0.6708797812461853 -0.9990099668502808 -0.040758900344371796 0.017823252826929092 -1.981898307800293
-0.040823258459568024 0.9991568326950073 0.004356323275715113 -0.021368658170104027 -0.017943240702152252 0.0036261994391679764 -0.9998323917388916 -0.6709460020065308 -0.9990051984786987 -0.04089463874697685 0.017780132591724396 -1.9815527200698853
-0.040722448378801346 0.9991598725318909 0.00459944736212492 -0.02144991233944893 -0.01833103783428669 0.0038554449565708637 -0.9998244643211365 -0.6708325147628784 -0.9990022778511047 -0.04079966992139816 0.0181586891412735 -1.9817888736724854
-0.0406307652592659 0.9991650581359863 0.004267392214387655 -0.021530136466026306 -0.01825050450861454 0.003528118832036853 -0.9998271465301514 -0.6708128452301025 -0.9990074634552002 -0.04070167988538742 0.018091971054673195 -1.9817308187484741
-0.04128436744213104 0.9991366863250732 0.0046210940927267075 -0.021264029666781425 -0.01780780591070652 0.003888549515977502 -0.9998338222503662 -0.6711389422416687 -0.998988687992096 -0.04135984927415848 0.017631949856877327 -1.9809725284576416
-0.04060834273695946 0.999167263507843 0.003957868553698063 -0.021719831973314285 -0.017780648544430733 0.0032379261683672667 -0.9998366236686707 -0.6711022853851318 -0.9990168809890747 -0.04067213460803032 0.017634408548474312 -1.9807955026626587
-0.04038815572857857 0.9991776943206787 0.003551137400791049 -0.022009003907442093 -0.017683498561382294 0.0028387485072016716 -0.9998395442962646 -0.6709986329078674 -0.9990274906158447 -0.040444523096084595 0.01755436137318611 -1.9808874130249023
-0.040435366332530975 0.9991763830184937 0.0033890502527356148 -0.02190845087170601 -0.017642514780163765 0.0026773845311254263 -0.9998407363891602 -0.6710419654846191 -0.999026358127594 -0.040488772094249725 0.01751977764070034 -1.9808800220489502
-0.04046506807208061 0.9991757273674011 0.0032063357066363096 -0.021756736561655998 -0.017596041783690453 0.0024959116708487272 -0.9998419880867004 -0.6710309386253357 -0.9990259408950806 -0.040515147149562836 0.017480595037341118 -1.9808140993118286
-0.0405590683221817 0.9991746544837952 0.002199602546170354 -0.021377431228756905 -0.01707909256219864 0.0015078620053827763 -0.9998529553413391 -0.6711689233779907 -0.999031126499176 -0.04059072583913803 0.017003893852233887 -1.9802463054656982
-0.040276478976011276 0.9991858601570129 0.002295199315994978 -0.021373549476265907 -0.018013501539826393 0.0015706324484199286 -0.9998364448547363 -0.6707659363746643 -0.9990261197090149 -0.0403112918138504 0.017935631796717644 -1.9813710451126099
-0.04026176780462265 0.9991843104362488 0.003099700203165412 -0.021292245015501976 -0.01839020662009716 0.0023607208859175444 -0.999828040599823 -0.6709822416305542 -0.9990198612213135 -0.04031190276145935 0.018280213698744774 -1.9817392826080322
-0.04048468545079231 0.9991737008094788 0.0035795890726149082 -0.021278737112879753 -0.018308941274881363 0.002840139903128147 -0.9998282790184021 -0.6710401773452759 -0.9990123510360718 -0.0405433252453804 0.01817888393998146 -1.98153555393219
-0.040419936180114746 0.9991756081581116 0.0037754506338387728 -0.021492917090654373 -0.01872711256146431 0.0030203629285097122 -0.9998199939727783 -0.6708664298057556 -0.9990072250366211 -0.04048341512680054 0.018589643761515617 -1.9817386865615845
-0.039825212210416794 0.9991997480392456 0.003702146466821432 -0.021446118131279945 -0.018820907920598984 0.002954342169687152 -0.9998184442520142 -0.6714244484901428 -0.9990293383598328 -0.03988771513104439 0.018688242882490158 -1.9824918508529663
-0.03981442376971245 0.9991997480392456 0.0038166011217981577 -0.021446041762828827 -0.018768351525068283 0.003071167506277561 -0.9998190999031067 -0.6714224219322205 -0.9990307688713074 -0.039878908544778824 0.018631109967827797 -1.9825153350830078
-0.03979231044650078 0.999200165271759 0.003935111220926046 -0.021563706919550896 -0.01895854063332081 0.003182575572282076 -0.9998151659965515 -0.6711441874504089 -0.9990280270576477 -0.03985961526632309 0.018816789612174034 -1.9825552701950073
-0.03986961022019386 0.9991976618766785 0.003787353402003646 -0.02156233601272106 -0.018194811418652534 0.0030637970194220543 -0.9998297095298767 -0.6714431643486023 -0.9990391731262207 -0.039931781589984894 0.018058115616440773 -1.981830358505249
-0.04045761004090309 0.9991747736930847 0.003581766504794359 -0.021445324644446373 -0.017576877027750015 0.002872500568628311 -0.9998413324356079 -0.6714862585067749 -0.9990265965461731 -0.04051419720053673 0.017446210607886314 -1.9813857078552246
-0.04019574820995331 0.9991865754127502 0.003226394299417734 -0.02148278057575226 -0.017017561942338943 0.0025440026074647903 -0.9998518824577332 -0.6713203191757202 -0.9990468621253967 -0.040244754403829575 0.016901513561606407 -1.9808499813079834
-0.04023495316505432 0.9991852045059204 0.003148592310026288 -0.021484393626451492 -0.016988256946206093 0.0024666667450219393 -0.9998525977134705 -0.6712850332260132 -0.9990457892417908 -0.04028256610035896 0.016875222325325012 -1.9806358814239502
-0.039894476532936096 0.9991989135742188 0.0031367202755063772 -0.021531110629439354 -0.01779008097946644 0.002428484382107854 -0.9998387694358826 -0.6708819270133972 -0.9990454912185669 -0.03994389623403549 0.0176790002733469 -1.9813157320022583
-0.03996048495173454 0.9991954565048218 0.003382669063284993 -0.021538453176617622 -0.0177724901586771 0.002674126997590065 -0.9998384118080139 -0.6708468794822693 -0.9990431666374207 -0.040014199912548065 0.017651386559009552 -1.9810658693313599
-0.03945561870932579 0.9992174506187439 0.002757871290668845 -0.02167963981628418 -0.01804562658071518 0.0020470672752708197 -0.9998350143432617 -0.6708316206932068 -0.9990583062171936 -0.03949892893433571 0.017950790002942085 -1.9812724590301514
-0.039503298699855804 0.9992153644561768 0.0028254063799977303 -0.021582460030913353 -0.01851995289325714 0.0020950103644281626 -0.9998262524604797 -0.6707569360733032 -0.9990477561950684 -0.03954881429672241 0.018422715365886688 -1.9817790985107422
-0.03957763686776161 0.9992125630378723 0.0027953716926276684 -0.021590759977698326 -0.018519427627325058 0.0020636064000427723 -0.9998263120651245 -0.6708164215087891 -0.9990448355674744 -0.03962258622050285 0.018423225730657578 -1.98191237449646
-0.03996000811457634 0.9991955161094666 0.003379886969923973 -0.021350622177124023 -0.018550001084804535 0.002640209626406431 -0.9998244047164917 -0.6708789467811584 -0.9990290403366089 -0.04001574218273163 0.018429629504680634 -1.9817546606063843
-0.03980998694896698 0.9992034435272217 0.00275183143094182 -0.02145328000187874 -0.018136361613869667 0.0020310329273343086 -0.9998334050178528 -0.6711614727973938 -0.9990426301956177 -0.03985331580042839 0.018041113391518593 -1.981526494026184
-0.03996798023581505 0.9991964101791382 0.002992271911352873 -0.021623553708195686 -0.01881335861980915 0.002241654321551323 -0.9998204708099365 -0.6707552671432495 -0.9990237951278687 -0.040017154067754745 0.01870870031416416 -1.9823250770568848
-0.03994858264923096 0.999197244644165 0.002978928852826357 -0.021653052419424057 -0.01883382350206375 0.002227847231552005 -0.9998201131820679 -0.6707083582878113 -0.9990241527557373 -0.03999755531549454 0.018729759380221367 -1.982387900352478
-0.040294136852025986 0.9991819262504578 0.0034197301138192415 -0.021224064752459526 -0.018994083628058434 0.0026559738907963037 -0.9998160004615784 -0.6710584163665771 -0.9990072846412659 -0.040351733565330505 0.018871579319238663 -1.9819056987762451
-0.040261898189783096 0.999183714389801 0.003286935854703188 -0.021394260227680206 -0.019144566729664803 0.0025176317431032658 -0.9998134970664978 -0.6709572076797485 -0.9990056753158569 -0.04031737148761749 0.019027628004550934 -1.9820536375045776
-0.04029568284749985 0.9991821050643921 0.0033621492329984903 -0.02140522561967373 -0.019076472148299217 0.0025949992705136538 -0.9998146295547485 -0.6709422469139099 -0.9990056157112122 -0.04035240411758423 0.01895635575056076 -1.9820636510849
-0.040452588349580765 0.9991769194602966 0.00299236923456192 -0.021420838311314583 -0.01824493706226349 0.0022557154297828674 -0.999830961227417 -0.6714280247688293 -0.9990147948265076 -0.040500398725271225 0.01813872531056404 -1.9812934398651123
-0.039760783314704895 0.9992062449455261 0.0024221460334956646 -0.021804768592119217 -0.018323220312595367 0.0016945855459198356 -0.9998306035995483 -0.6711616516113281 -0.9990411400794983 -0.03979848325252533 0.01824135147035122 -1.9812275171279907
-0.03973725810647011 0.9992077350616455 0.002187213394790888 -0.021777255460619926 -0.018645724281668663 0.0014470977475866675 -0.9998250603675842 -0.6709791421890259 -0.9990361332893372 -0.03977113962173462 0.018573502078652382 -1.981707215309143
-0.039726343005895615 0.9992080926895142 0.00222121668048203 -0.021741174161434174 -0.01864727772772312 0.0014812630834057927 -0.9998250007629395 -0.6710605025291443 -0.9990365505218506 -0.03976086154580116 0.018573720008134842 -1.9818596839904785
-0.03958724066615105 0.9992144703865051 0.0017977057723328471 -0.021588565781712532 -0.018319500610232353 0.0010730777867138386 -0.9998315572738647 -0.6713172793388367 -0.999048113822937 -0.03961355984210968 0.01826268434524536 -1.9811835289001465
-0.0396437868475914 0.9992115497589111 0.0021209607366472483 -0.02154935710132122 -0.018767651170492172 0.0013777008280158043 -0.9998228549957275 -0.6709508299827576 -0.9990375638008118 -0.03967662155628204 0.01869828999042511 -1.9818692207336426
-0.03971676900982857 0.999207615852356 0.0025779372081160545 -0.02140621468424797 -0.018901405856013298 0.0018282686360180378 -0.9998196363449097 -0.6710455417633057 -0.9990321397781372 -0.039758384227752686 0.01881386898458004 -1.981991171836853
-0.03976741433143616 0.9992039799690247 0.003134534228593111 -0.02138187736272812 -0.01952422969043255 0.0023594279773533344 -0.9998065233230591 -0.6711664795875549 -0.999018132686615 -0.039820972830057144 0.019414914771914482 -1.982692837715149
-0.03972586244344711 0.9992055296897888 0.003176744794473052 -0.02136053889989853 -0.01960567757487297 0.0023992289789021015 -0.9998048543930054 -0.6712009310722351 -0.9990181922912598 -0.03978044539690018 0.01949484460055828 -1.98287034034729
-0.03961130604147911 0.9992094039916992 0.003371895756572485 -0.021444430574774742 -0.01980946771800518 0.0025886406656354666 -0.9998003840446472 -0.6711129546165466 -0.9990187287330627 -0.039670247584581375 0.01969132013618946 -1.983259916305542
-0.03955324739217758 0.9992112517356873 0.0035046585835516453 -0.021428503096103668 -0.019813574850559235 0.0027224638033658266 -0.999799907207489 -0.6711444854736328 -0.9990209341049194 -0.03961482644081116 0.019690318033099174 -1.9834823608398438
-0.0394478477537632 0.999215304851532 0.003539701923727989 -0.021609030663967133 -0.020062008872628212 0.002749781124293804 -0.9997949004173279 -0.6711942553520203 -0.9990201592445374 -0.0395108237862587 0.019937846809625626 -1.9835494756698608
-0.039060674607753754 0.9992333054542542 0.0026445165276527405 -0.02180088683962822 -0.019796356558799744 0.0018722201930359006 -0.9998022317886353 -0.6714782118797302 -0.9990406632423401 -0.03910535201430321 0.01970810256898403 -1.9833801984786987
-0.038897525519132614 0.9992398023605347 0.002576444996520877 -0.021741757169365883 -0.01983839087188244 0.0018056923290714622 -0.999801516532898 -0.6711523532867432 -0.9990462064743042 -0.03894096985459328 0.01975312829017639 -1.9830042123794556
-0.03907948359847069 0.9992330074310303 0.002466282108798623 -0.021414663642644882 -0.01984957791864872 0.0016914288280531764 -0.999801516532898 -0.671290934085846 -0.9990388751029968 -0.039120737463235855 0.019768306985497475 -1.9822026491165161
-0.03939642384648323 0.9992182850837708 0.0032573742792010307 -0.021551379933953285 -0.020085299387574196 0.0024673971347510815 -0.9997951984405518 -0.6708946228027344 -0.9990217089653015 -0.03945383429527283 0.01997244544327259 -1.9818451404571533
-0.039607640355825424 0.9992089867591858 0.003546103835105896 -0.02145255357027054 -0.02010834775865078 0.0027511557564139366 -0.9997939467430115 -0.670989990234375 -0.9990128874778748 -0.03967083990573883 0.019983528181910515 -1.9814324378967285
-0.03963058069348335 0.9992081522941589 0.0035169015172868967 -0.02144906297326088 -0.020107204094529152 0.002721522469073534 -0.999794065952301 -0.6709775924682617 -0.9990119934082031 -0.039693187922239304 0.019983479753136635 -1.9813854694366455
-0.0387922041118145 0.9992457032203674 0.0017712003318592906 -0.021754251793026924 -0.019800983369350433 0.0010035356972366571 -0.999803364276886 -0.6710963845252991 -0.999051034450531 -0.038819700479507446 0.01974717155098915 -1.9812730550765991
-0.039363279938697815 0.9992226958274841 0.002093246905133128 -0.02135835774242878 -0.01972559094429016 0.0013174479827284813 -0.9998044967651367 -0.6710578799247742 -0.9990301728248596 -0.03939693048596382 0.01965845376253128 -1.9813793897628784
-0.03926476836204529 0.9992262721061707 0.0022335140965878963 -0.021232658997178078 -0.019822290167212486 0.0014559319242835045 -0.9998024106025696 -0.6712112426757812 -0.9990321397781372 -0.03930133953690529 0.019749840721488 -1.9816622734069824
-0.039347920566797256 0.9992221593856812 0.002600128762423992 -0.021442003548145294 -0.020126475021243095 0.0018091204110533 -0.9997957348823547 -0.670926034450531 -0.9990227818489075 -0.039392270147800446 0.020039688795804977 -1.9821655750274658
-0.03985622897744179 0.9992003440856934 0.003177794860675931 -0.021267298609018326 -0.020000526681542397 0.0023819596972316504 -0.9997971057891846 -0.6711234450340271 -0.9990051984786987 -0.03991175442934036 0.019889650866389275 -1.9819434881210327
-0.04041697829961777 0.9991771578788757 0.003374597290530801 -0.02122492715716362 -0.019586991518735886 0.0025844683405011892 -0.9998047351837158 -0.6712213158607483 -0.9989908337593079 -0.04047524183988571 0.019466472789645195 -1.9813119173049927
-0.040488626807928085 0.9991740584373474 0.003424885915592313 -0.02127927541732788 -0.01956348866224289 0.002634345553815365 -0.9998050928115845 -0.6711584329605103 -0.9989883899688721 -0.04054779186844826 0.019440723583102226 -1.9811197519302368
-0.04009092599153519 0.9991914629936218 0.003010145155712962 -0.02176111377775669 -0.01948532648384571 0.0022302346769720316 -0.999807596206665 -0.6711445450782776 -0.9990059733390808 -0.04014191776514053 0.01938021369278431 -1.9811762571334839
-0.03913358226418495 0.9992323517799377 0.0017796597676351666 -0.021735835820436478 -0.019683120772242546 0.0010098684579133987 -0.9998056888580322 -0.6713131070137024 -0.9990400671958923 -0.03916106000542641 0.01962854526937008 -1.98193359375
-0.039176538586616516 0.999230682849884 0.0017816527979448438 -0.021743368357419968 -0.019659556448459625 0.001011942862533033 -0.9998061656951904 -0.6713399291038513 -0.999038815498352 -0.03920402750372887 0.019604843109846115 -1.9819612503051758
-0.039066132158041 0.9992361068725586 0.0009587090462446213 -0.021628031507134438 -0.01964913122355938 0.0001911046711029485 -0.9998068809509277 -0.671180784702301 -0.999043345451355 -0.03907747566699982 0.019626710563898087 -1.982160210609436
-0.03886903077363968 0.9992437958717346 0.0009673917666077614 -0.02148437313735485 -0.019791893661022186 0.00019811055972240865 -0.9998040795326233 -0.6713056564331055 -0.9990482330322266 -0.0388806127011776 0.019769281148910522 -1.982446551322937
-0.038866013288497925 0.9992439150810242 0.0009421630529686809 -0.021445030346512794 -0.019803175702691078 0.00017248849326279014 -0.9998038411140442 -0.6713196039199829 -0.999048113822937 -0.03887709975242615 0.019781552255153656 -1.9825003147125244
-0.03884940966963768 0.9992446899414062 0.0008137496770359576 -0.0214763805270195 -0.02012062817811966 3.198479680577293e-05 -0.999797523021698 -0.6710758209228516 -0.9990424513816833 -0.038857970386743546 0.020104242488741875 -1.982470989227295
-0.038917697966098785 0.9992417097091675 0.0011219754815101624 -0.021587463095784187 -0.020343786105513573 0.00033031069324351847 -0.9997929334640503 -0.6709967851638794 -0.9990352392196655 -0.03893251717090607 0.020315559580922127 -1.9828314781188965
-0.038948748260736465 0.999240517616272 0.0011320252669975162 -0.02158442698419094 -0.02032538317143917 0.0003404518938623369 -0.999793291091919 -0.6709819436073303 -0.9990344047546387 -0.03896376118063927 0.020296739414334297 -1.9828823804855347
-0.03855155408382416 0.9992554187774658 0.0015052666421979666 -0.021553346887230873 -0.020689012482762337 0.0007079278002493083 -0.9997856616973877 -0.6712489128112793 -0.9990423321723938 -0.03857448697090149 0.020646370947360992 -1.9834424257278442
-0.038519926369190216 0.9992565512657166 0.001577090355567634 -0.021497057750821114 -0.021007271483540535 0.0007681645802222192 -0.9997789859771729 -0.6713650822639465 -0.9990369081497192 -0.03854459524154663 0.020962117239832878 -1.983608365058899
-0.03878175839781761 0.9992452263832092 0.0021974125411361456 -0.021609514951705933 -0.021313898265361786 0.0013714059023186564 -0.9997718334197998 -0.6712008118629456 -0.9990203380584717 -0.038819801062345505 0.021244680508971214 -1.983634114265442
-0.03887050598859787 0.9992415904998779 0.002281257649883628 -0.021650362759828568 -0.02122868224978447 0.0014567263424396515 -0.9997735619544983 -0.671136200428009 -0.999018669128418 -0.03891018405556679 0.021156013011932373 -1.983622670173645
-0.03871675580739975 0.9992464184761047 0.002730977488681674 -0.021546391770243645 -0.02130555547773838 0.0019069575937464833 -0.9997711181640625 -0.6712111830711365 -0.9990230202674866 -0.03876613453030586 0.02121572382748127 -1.9836400747299194
-0.03887033089995384 0.9992403984069824 0.0027533681131899357 -0.02157733030617237 -0.02117595262825489 0.001931146252900362 -0.9997738599777222 -0.6711447238922119 -0.9990198016166687 -0.038919899612665176 0.0210848581045866 -1.9836345911026
-0.038393620401620865 0.9992606043815613 0.0020188521593809128 -0.021721024066209793 -0.020955411717295647 0.0012148016830906272 -0.9997796416282654 -0.6714248061180115 -0.9990428686141968 -0.03842751681804657 0.02089332975447178 -1.9831576347351074
-0.03845757991075516 0.9992587566375732 0.0017033499898388982 -0.021670186892151833 -0.021114695817232132 0.0008916605729609728 -0.9997766017913818 -0.671314001083374 -0.9990370869636536 -0.03848500922322273 0.02106480672955513 -1.9832115173339844
-0.03876257687807083 0.9992478489875793 0.0010591030586510897 -0.021359367296099663 -0.02039559744298458 0.00026854901807382703 -0.9997919201850891 -0.671683132648468 -0.9990402460098267 -0.03877616673707962 0.02036990039050579 -1.9820667505264282
-0.0389280803501606 0.999241292476654 0.0011505151633173227 -0.021420279517769814 -0.02016386203467846 0.00036566838389262557 -0.9997965693473816 -0.6716114282608032 -0.9990385174751282 -0.03894341364502907 0.02013438381254673 -1.9816913604736328
-0.03903504088521004 0.999237596988678 0.0005696709267795086 -0.02139570564031601 -0.019896304234862328 -0.00020720259635709226 -0.9998019933700562 -0.6714916229248047 -0.9990397095680237 -0.03903869912028313 0.01988927833735943 -1.9810261726379395
-0.039075687527656555 0.999235987663269 0.0006393117946572602 -0.021421434357762337 -0.01981046237051487 -0.00013497394684236497 -0.9998037219047546 -0.671441376209259 -0.9990398287773132 -0.03908073529601097 0.01980065554380417 -1.980770468711853
-0.038626279681921005 0.9992536306381226 -0.0003470017691142857 -0.021648826077580452 -0.02022612653672695 -0.0011289829853922129 -0.9997947216033936 -0.6712802052497864 -0.9990489482879639 -0.038611385971307755 0.020254692062735558 -1.9808979034423828
-0.038990866392850876 0.9992387294769287 -0.0012385668233036995 -0.021340396255254745 -0.019588975235819817 -0.002003592671826482 -0.9998060464859009 -0.6715396046638489 -0.9990474581718445 -0.03895909711718559 0.019652239978313446 -1.9800658226013184
-0.039010874927043915 0.9992386102676392 -0.0005417651846073568 -0.021592456847429276 -0.020018383860588074 -0.0013235483784228563 -0.9997986555099487 -0.6708307862281799 -0.9990382194519043 -0.03899222984910011 0.020054828375577927 -1.981057047843933
-0.03898410126566887 0.9992396831512451 -0.0004534164327196777 -0.021428026258945465 -0.02025189995765686 -0.001243720529600978 -0.999794065952301 -0.6710707545280457 -0.9990345239639282 -0.03896694257855415 0.020285042002797127 -1.98210871219635
-0.0388372503221035 0.9992454648017883 -0.00020694923296105117 -0.021296372637152672 -0.020387833938002586 -0.0009994173888117075 -0.9997916221618652 -0.6712052226066589 -0.999037504196167 -0.03882499039173126 0.02041132003068924 -1.9824676513671875
-0.038690436631441116 0.9992511868476868 9.515544661553577e-05 -0.02166784554719925 -0.02062588930130005 -0.0007033659494481981 -0.9997869729995728 -0.6710600852966309 -0.9990382790565491 -0.038684211671352386 0.020637713372707367 -1.9829219579696655
-0.03851455822587013 0.9992579221725464 0.0002725815284065902 -0.021773116663098335 -0.020853528752923012 -0.0005309859989210963 -0.9997823238372803 -0.671131432056427 -0.9990403652191162 -0.038511913269758224 0.020858559757471085 -1.9836143255233765
-0.03793478012084961 0.9992801547050476 -0.00012220458302181214 -0.02180522121489048 -0.02104722335934639 -0.0009212121367454529 -0.9997780323028564 -0.6715005040168762 -0.9990584850311279 -0.03792383894324303 0.021067073568701744 -1.984108805656433
-0.03743137791752815 0.9992978572845459 -0.0015962566249072552 -0.021671336144208908 -0.020944643765687943 -0.002381510566920042 -0.9997777342796326 -0.671446681022644 -0.9990796446800232 -0.03738968074321747 0.021019136533141136 -1.9832429885864258
-0.03756343573331833 0.9992930889129639 -0.0014908990124240518 -0.021780068054795265 -0.02075210027396679 -0.002271649893373251 -0.9997820258140564 -0.6712520122528076 -0.9990786910057068 -0.03752436116337776 0.020822815597057343 -1.9830234050750732
-0.038105592131614685 0.999273419380188 -0.0007039947086013854 -0.021574638783931732 -0.020241007208824158 -0.001476167468354106 -0.9997940063476562 -0.6712044477462769 -0.9990686178207397 -0.03808354586362839 0.020282605662941933 -1.9822916984558105
-0.03864264488220215 0.99925297498703 0.00042200341704301536 -0.021498732268810272 -0.02011704072356224 -0.0003556730516720563 -0.999797523021698 -0.6711733937263489 -0.999050498008728 -0.03864336013793945 0.020115811377763748 -1.9817126989364624
-0.03872368857264519 0.9992497563362122 0.0004938945057801902 -0.021528279408812523 -0.020032556727528572 -0.0002821004600264132 -0.9997992515563965 -0.67109614610672 -0.9990490674972534 -0.03872586041688919 0.020028505474328995 -1.9815430641174316
-0.03947480395436287 0.9992199540138245 0.0010310327634215355 -0.021337926387786865 -0.019649211317300797 0.00025543439551256597 -0.9998068809509277 -0.6711640357971191 -0.9990273118019104 -0.03948749229311943 0.019623855128884315 -1.9813815355300903
-0.04012500122189522 0.9991914629936218 0.002508384408429265 -0.021318821236491203 -0.01965569518506527 0.0017206525662913918 -0.9998052716255188 -0.671093761920929 -0.9990012645721436 -0.040166545659303665 0.019570816308259964 -1.9811031818389893
-0.039746664464473724 0.9992079734802246 0.0018802896374836564 -0.021674025803804398 -0.019612250849604607 0.0011013278272002935 -0.9998070001602173 -0.6709346771240234 -0.9990172386169434 -0.039775922894477844 0.01955299824476242 -1.9813709259033203
-0.03978678211569786 0.9992064833641052 0.0018090789671987295 -0.02167423628270626 -0.019572025164961815 0.001030891784466803 -0.9998078942298889 -0.6709856986999512 -0.9990164637565613 -0.039814598858356476 0.01951553486287594 -1.9814835786819458
-0.03962046280503273 0.9992127418518066 0.0020060748793184757 -0.021515050902962685 -0.020227041095495224 0.001205257372930646 -0.9997946619987488 -0.670843780040741 -0.9990100264549255 -0.039652954787015915 0.020163418725132942 -1.982391357421875
-0.0395938865840435 0.999213695526123 0.002050731098279357 -0.021674159914255142 -0.020292488858103752 0.0012478800490498543 -0.9997932314872742 -0.6708518266677856 -0.9990097284317017 -0.03962736949324608 0.020227178931236267 -1.982472538948059
-0.03963246941566467 0.9992122054100037 0.0020279698073863983 -0.021620608866214752 -0.020308706909418106 0.0012236800976097584 -0.9997929334640503 -0.6709237694740295 -0.9990078806877136 -0.039665501564741135 0.020244264975190163 -1.9826374053955078
-0.039227232336997986 0.9992297291755676 0.0010157170472666621 -0.021817641332745552 -0.020245900377631187 0.00022153904137667269 -0.9997949600219727 -0.6711410284042358 -0.9990251064300537 -0.039239805191755295 0.020221669226884842 -1.9823111295700073
-0.03911580145359039 0.9992344975471497 0.00048376733320765197 -0.0213465616106987 -0.019808704033493996 -0.00029133365023881197 -0.9998037219047546 -0.6716659665107727 -0.9990382790565491 -0.039117757230997086 0.01980499178171158 -1.9811208248138428
-0.03986121341586113 0.9992050528526306 0.00043514539720490575 -0.021065758541226387 -0.019282640889286995 -0.0003337800153531134 -0.999813973903656 -0.6717090606689453 -0.9990190863609314 -0.039862241595983505 0.019280672073364258 -1.9804770946502686
-0.03981640934944153 0.9992068409919739 0.00042331498116254807 -0.020966125652194023 -0.019277403131127357 -0.00034454368869774044 -0.9998140335083008 -0.671830415725708 -0.9990209937095642 -0.03981722146272659 0.019275886937975883 -1.980363368988037
-0.0399983711540699 0.9991974234580994 0.002122325822710991 -0.021551501005887985 -0.01953607238829136 0.0013416347792372108 -0.9998081922531128 -0.6713659763336182 -0.9990087151527405 -0.04003221541643143 0.019466783851385117 -1.9816008806228638
-0.03998756781220436 0.9991979002952576 0.002121764002367854 -0.02158578298985958 -0.01951499469578266 0.001342127681709826 -0.9998086094856262 -0.6713745594024658 -0.9990095496177673 -0.040021371096372604 0.01944572664797306 -1.9816242456436157
-0.03987140581011772 0.9992024898529053 0.002130280714482069 -0.021372076123952866 -0.01991352066397667 0.0013369927182793617 -0.9998007416725159 -0.6713425517082214 -0.9990063309669495 -0.039905935525894165 0.019844386726617813 -1.9827073812484741
-0.04038112610578537 0.9991801381111145 0.0028888070955872536 -0.0212890412658453 -0.01961851306259632 0.0020977973472326994 -0.9998052716255188 -0.6713710427284241 -0.9989916682243347 -0.040429990738630295 0.019517770037055016 -1.9825836420059204
-0.04021954908967018 0.9991858601570129 0.0031432555988430977 -0.021589351817965508 -0.019808454439044 0.002347904723137617 -0.999800980091095 -0.6709746718406677 -0.9989944696426392 -0.04027386009693146 0.019697951152920723 -1.982672929763794
-0.04034975916147232 0.9991808533668518 0.0030697782058268785 -0.02170521207153797 -0.019849088042974472 0.002270169323310256 -0.9998003840446472 -0.6708411574363708 -0.9989883899688721 -0.040402691811323166 0.019741281867027283 -1.982704520225525
-0.04102258011698723 0.9991512298583984 0.00371969910338521 -0.02146036922931671 -0.019085226580500603 0.002938624704256654 -0.9998134970664978 -0.6709817051887512 -0.9989758729934692 -0.041085973381996155 0.01894853264093399 -1.982008457183838
-0.04091864824295044 0.9991559386253357 0.0036031899508088827 -0.021580461412668228 -0.019307544454932213 0.002814891515299678 -0.9998095631599426 -0.6707724928855896 -0.9989758729934692 -0.04098048061132431 0.019176119938492775 -1.9824267625808716
-0.040758050978183746 0.9991614818572998 0.0038799995090812445 -0.02159314602613449 -0.019571835175156593 0.00308416411280632 -0.9998036623001099 -0.6707590222358704 -0.9989773035049438 -0.040826041251420975 0.019429773092269897 -1.9827446937561035
-0.040246009826660156 0.9991843700408936 0.003286539576947689 -0.021714674308896065 -0.01963200606405735 0.0024978735018521547 -0.9998040795326233 -0.6710621118545532 -0.9989968538284302 -0.04030270129442215 0.019515518099069595 -1.9825103282928467
-0.040285415947437286 0.9991827607154846 0.0032803001813590527 -0.021701931953430176 -0.019585270434617996 0.0024927472695708275 -0.9998050332069397 -0.6711136698722839 -0.9989961981773376 -0.04034186154603958 0.019468897953629494 -1.98262357711792
-0.04007241874933243 0.9991927146911621 0.0028287668246775866 -0.021498382091522217 -0.018907571211457253 0.002072306117042899 -0.9998190402984619 -0.6713727712631226 -0.9990178346633911 -0.04011870548129082 0.018809320405125618 -1.9813944101333618
-0.0399746298789978 0.999197244644165 0.0026007553096860647 -0.021493416279554367 -0.01936240680515766 0.0018277758499607444 -0.9998108148574829 -0.671062707901001 -0.9990130066871643 -0.04001747816801071 0.019273854792118073 -1.9817488193511963
-0.03953579068183899 0.9992163777351379 0.0018565766513347626 -0.02165200188755989 -0.019472122192382812 0.0010872801067307591 -0.999809741973877 -0.6711116433143616 -0.9990283250808716 -0.03956447169184685 0.019413931295275688 -1.9815939664840698
-0.03957275673747063 0.9992149472236633 0.0018379143439233303 -0.021660679951310158 -0.019448185339570045 0.0010688366601243615 -0.9998102188110352 -0.6711110472679138 -0.9990273714065552 -0.03960104659199715 0.01939067430794239 -1.9815727472305298
-0.03992629051208496 0.999200701713562 0.0019195652566850185 -0.02140587382018566 -0.019553283229470253 0.0011394679313525558 -0.999808132648468 -0.6710925698280334 -0.999011218547821 -0.039956215769052505 0.019492214545607567 -1.9811952114105225
-0.03997906297445297 0.9991980791091919 0.0021845828741788864 -0.02152937464416027 -0.01981324702501297 0.0013932042056694627 -0.9998026490211487 -0.6708835363388062 -0.9990040063858032 -0.04001450911164284 0.019741714000701904 -1.9817997217178345
-0.04045816510915756 0.9991779327392578 0.002541135996580124 -0.021361976861953735 -0.019624006003141403 0.001748178619891405 -0.9998058676719666 -0.6709282398223877 -0.9989884495735168 -0.040500231087207794 0.019537201151251793 -1.9818058013916016
-0.04060928523540497 0.9991719126701355 0.0025043904315680265 -0.02141936495900154 -0.019712617620825768 0.001704846858046949 -0.9998041987419128 -0.6709583401679993 -0.9989805817604065 -0.040650755167007446 0.01962711475789547 -1.9818423986434937
-0.0413554422557354 0.9991381764411926 0.0035382849164307117 -0.021311737596988678 -0.019485779106616974 0.0027341635432094336 -0.9998063445091248 -0.6711642742156982 -0.9989544153213501 -0.041416432708501816 0.01935596764087677 -1.9818744659423828
-0.041345272213220596 0.9991385340690613 0.003549586981534958 -0.021292807534337044 -0.019502533599734306 0.002744975732639432 -0.9998059868812561 -0.6711946129798889 -0.9989545345306396 -0.041406530886888504 0.01937229558825493 -1.9818837642669678
-0.041046008467674255 0.9991509318351746 0.003548704320564866 -0.021335843950510025 -0.019265636801719666 0.002759648021310568 -0.999810516834259 -0.6718519330024719 -0.9989714622497559 -0.04110665246844292 0.019136061891913414 -1.9815950393676758
-0.040831971913576126 0.999160647392273 0.0032672565430402756 -0.0213656947016716 -0.018973026424646378 0.0024940958246588707 -0.9998168349266052 -0.6717987060546875 -0.9989858269691467 -0.0408865362405777 0.018855316564440727 -1.9815958738327026
-0.04021630436182022 0.9991863965988159 0.0030167715158313513 -0.02147948555648327 -0.01884239912033081 0.002260345732793212 -0.9998198747634888 -0.6714403629302979 -0.9990132451057434 -0.04026595503091812 0.01873622089624405 -1.9813200235366821
-0.04041001945734024 0.9991772174835205 0.003436396364122629 -0.02146676369011402 -0.019014613702893257 0.0026696284767240286 -0.9998155832290649 -0.6713878512382507 -0.9990021586418152 -0.04046796262264252 0.018891144543886185 -1.9813772439956665
-0.03994734585285187 0.9991969466209412 0.0030832078773528337 -0.021650806069374084 -0.01889304630458355 0.0023298433516174555 -0.999818742275238 -0.6713440418243408 -0.9990230798721313 -0.039998408406972885 0.018784858286380768 -1.9812252521514893
-0.03994128480553627 0.9991971850395203 0.0030870437622070312 -0.021686138585209846 -0.01886637881398201 0.002334863180294633 -0.9998192191123962 -0.6713413000106812 -0.9990238547325134 -0.03999235853552818 0.018758028745651245 -1.9811887741088867
-0.03944406658411026 0.9992157816886902 0.003442945424467325 -0.021441403776407242 -0.01986163668334484 0.0026609671767801046 -0.9997991323471069 -0.6710577607154846 -0.9990243315696716 -0.039504580199718475 0.019741155207157135 -1.9826635122299194
-0.0401008240878582 0.9991887807846069 0.003679632442072034 -0.02108740247786045 -0.0191541388630867 0.002913258271291852 -0.9998122453689575 -0.6713305115699768 -0.9990119934082031 -0.040163829922676086 0.019021831452846527 -1.9820716381072998
-0.039681918919086456 0.9992044568061829 0.003957677632570267 -0.02151796966791153 -0.018607355654239655 0.0032212091609835625 -0.9998216032981873 -0.6712508797645569 -0.9990390539169312 -0.03974853828549385 0.01846478320658207 -1.981207251548767
-0.04050994664430618 0.9991680979728699 0.004685323219746351 -0.021381551399827003 -0.018711144104599953 0.003929798491299152 -0.9998171329498291 -0.6709233522415161 -0.9990038871765137 -0.04059026390314102 0.018536437302827835 -1.9814999103546143
-0.04051046073436737 0.9991677403450012 0.004760295152664185 -0.021433256566524506 -0.018706992268562317 0.004004978109151125 -0.9998169541358948 -0.6708477735519409 -0.9990039467811584 -0.04059214890003204 0.01852923259139061 -1.9814331531524658
-0.04057864099740982 0.9991679787635803 0.004080692306160927 -0.02151532471179962 -0.0179695226252079 0.0033536723349243402 -0.9998328685760498 -0.6711322665214539 -0.999014675617218 -0.040645238012075424 0.01781853660941124 -1.9804269075393677
-0.040476515889167786 0.9991722106933594 0.004061565734446049 -0.021629896014928818 -0.018444674089550972 0.0033170722890645266 -0.9998243451118469 -0.6708680391311646 -0.9990102052688599 -0.04054437205195427 0.018295196816325188 -1.9809393882751465
-0.04055125638842583 0.9991722106933594 0.0032214452512562275 -0.021184522658586502 -0.01804414391517639 0.002491310704499483 -0.9998340606689453 -0.671424388885498 -0.9990144371986389 -0.040602706372737885 0.017928235232830048 -1.980603575706482
-0.040383968502283096 0.9991783499717712 0.0034154485911130905 -0.021550988778471947 -0.018164824694395065 0.002683560363948345 -0.9998313784599304 -0.6711581945419312 -0.9990190267562866 -0.04043925181031227 0.01804158091545105 -1.980761170387268
-0.04039456322789192 0.999177873134613 0.0034197578206658363 -0.021584469825029373 -0.018162263557314873 0.0026877846103161573 -0.9998313784599304 -0.6711728572845459 -0.999018669128418 -0.04044991731643677 0.018038814887404442 -1.9807199239730835
-0.03962787240743637 0.9992105960845947 0.0027815040666610003 -0.02163994126021862 -0.018724577501416206 0.002040656516328454 -0.9998225569725037 -0.6711884140968323 -0.9990389943122864 -0.03967297822237015 0.018628982827067375 -1.9814919233322144
-0.03943141922354698 0.9992188215255737 0.0026011152658611536 -0.021542640402913094 -0.019011277705430984 0.0018524962943047285 -0.9998174905776978 -0.6711459755897522 -0.9990413784980774 -0.039473727345466614 0.018923433497548103 -1.9820257425308228
-0.04067496210336685 0.999168872833252 0.0026540677063167095 -0.021071868017315865 -0.01828511618077755 0.001911511761136353 -0.999830961227417 -0.6713331937789917 -0.9990050792694092 -0.04071666672825813 0.018192222341895103 -1.9813326597213745
-0.04069938883185387 0.9991679191589355 0.0026382317300885916 -0.021020952612161636 -0.01830032654106617 0.0018945997580885887 -0.9998306632041931 -0.6713716387748718 -0.9990037679672241 -0.040740832686424255 0.01820804364979267 -1.9813520908355713
-0.04141965135931969 0.9991362690925598 0.0033224918879568577 -0.02139042317867279 -0.017556242644786835 0.00259708845987916 -0.9998424649238586 -0.6711578965187073 -0.9989875555038452 -0.041471511125564575 0.017433561384677887 -1.980411410331726
-0.041390836238861084 0.9991374015808105 0.003335045650601387 -0.021424295380711555 -0.017545105889439583 0.002610616385936737 -0.9998425841331482 -0.6711947321891785 -0.998988926410675 -0.04144288972020149 0.017421970143914223 -1.980327844619751
-0.04175061732530594 0.9991211295127869 0.003714035963639617 -0.02145135961472988 -0.017551561817526817 0.0029833309818059206 -0.9998414516448975 -0.6710660457611084 -0.9989738464355469 -0.041809238493442535 0.01741163432598114 -1.980000376701355
-0.041868191212415695 0.9991174936294556 0.0033375080674886703 -0.02137131802737713 -0.0175066776573658 0.002606362570077181 -0.9998432993888855 -0.6709462404251099 -0.9989696741104126 -0.04192011058330536 0.01738215796649456 -1.9797953367233276
-0.04135856777429581 0.9991392493247986 0.0031848265789449215 -0.02156871184706688 -0.017350737005472183 0.0024689112324267626 -0.999846339225769 -0.6708476543426514 -0.9989936351776123 -0.04140752553939819 0.017233746126294136 -1.9795681238174438
-0.04069192707538605 0.9991677403450012 0.0028125166427344084 -0.021718572825193405 -0.017509955912828445 0.0021013645455241203 -0.9998444318771362 -0.6706582903862 -0.9990182518959045 -0.040734898298978806 0.017409930005669594 -1.9798351526260376
-0.04064449667930603 0.9991704225540161 0.0025268851313740015 -0.021555298939347267 -0.017667612060904503 0.0018099471926689148 -0.9998422265052795 -0.670699417591095 -0.9990174174308777 -0.04068278148770332 0.017579445615410805 -1.9797697067260742
-0.04115193337202072 0.9991492033004761 0.0026933588087558746 -0.02118769846856594 -0.017676370218396187 0.0019672398921102285 -0.9998417496681213 -0.6706153154373169 -0.9989964962005615 -0.04119308665394783 0.017580430954694748 -1.9792709350585938
-0.04069913178682327 0.999169111251831 0.002140360651537776 -0.021578287705779076 -0.01779867336153984 0.0014168564230203629 -0.9998405575752258 -0.670488715171814 -0.99901282787323 -0.0407307893037796 0.017726272344589233 -1.979799747467041
-0.04059143364429474 0.9991739988327026 0.0018957803258672357 -0.02138109877705574 -0.017785772681236267 0.0011745495721697807 -0.9998410940170288 -0.6708072423934937 -0.9990174770355225 -0.04061875492334366 0.017723459750413895 -1.9800951480865479
-0.040597639977931976 0.9991737604141235 0.0018746413988992572 -0.021358640864491463 -0.017778953537344933 0.0011535637313500047 -0.9998412132263184 -0.670830249786377 -0.9990173578262329 -0.040624577552080154 0.01771748624742031 -1.980125904083252
-0.040451690554618835 0.9991806149482727 0.0012689003488048911 -0.021527281031012535 -0.01794588565826416 0.0005432498292066157 -0.9998387694358826 -0.6705746054649353 -0.9990202784538269 -0.040467992424964905 0.017909260466694832 -1.980595350265503
