# 3x4 first row second row third row Freq: 100 current Time: 2020-10-02-13:25:00
-0.039575617760419846 0.9992159008979797 0.001127725699916482 -0.02169865369796753 -0.018505152314901352 0.00039554008981212974 -0.9998286366462708 -0.6702812314033508 -0.9990451335906982 -0.03958975896239281 0.018475042656064034 -1.980469822883606
-0.03938935697078705 0.9992232918739319 0.0010946094989776611 -0.02156616747379303 -0.01883876509964466 0.0003526926157064736 -0.9998224377632141 -0.6704201698303223 -0.999046266078949 -0.039403036236763 0.018810294568538666 -1.9805210828781128
-0.03938626870512962 0.9992234110832214 0.001104665221646428 -0.021539833396673203 -0.018848808482289314 0.00036241646739654243 -0.999822199344635 -0.6704274415969849 -0.9990462064743042 -0.039400141686201096 0.01881995052099228 -1.9805257320404053
-0.03894969820976257 0.9992409944534302 0.0005098418914712965 -0.021644292399287224 -0.018743444234132767 -0.00022041615738999099 -0.9998242259025574 -0.6706039905548096 -0.9990653395652771 -0.03895246237516403 0.018737858161330223 -1.9801924228668213
-0.03902478516101837 0.9992380142211914 0.0006033690297044814 -0.02166726626455784 -0.018664369359612465 -0.00012515412527136505 -0.9998257756233215 -0.6705772876739502 -0.9990638494491577 -0.03902930021286011 0.018655085936188698 -1.9800587892532349
-0.03906228765845299 0.9992367029190063 0.00031778260017745197 -0.021489936858415604 -0.018767718225717545 -0.00041565034189261496 -0.9998237490653992 -0.670568585395813 -0.9990604519844055 -0.039061419665813446 0.018769683316349983 -1.980049967765808
-0.03902076929807663 0.9992381930351257 0.0005923061980865896 -0.021556174382567406 -0.018968287855386734 -0.0001480200153309852 -0.9998199939727783 -0.6705273389816284 -0.9990583062171936 -0.03902503475546837 0.018959667533636093 -1.9802335500717163
-0.039065804332494736 0.9992363452911377 0.0006976808654144406 -0.02157585136592388 -0.018942037597298622 -4.2412339098518714e-05 -0.9998205304145813 -0.670473039150238 -0.9990570545196533 -0.03907206282019615 0.018929284065961838 -1.9800995588302612
-0.03912761062383652 0.9992340803146362 0.0004582440305966884 -0.021448982879519463 -0.01903468370437622 -0.00028679007664322853 -0.999818742275238 -0.6705442667007446 -0.999052882194519 -0.03912929445505142 0.019031381234526634 -1.9800918102264404
-0.04016001150012016 0.9991930723190308 0.00046740210382267833 -0.021028131246566772 -0.01826433278620243 -0.0002663362247403711 -0.9998331069946289 -0.6711025834083557 -0.9990262389183044 -0.04016190022230148 0.018260346725583076 -1.9801278114318848
-0.04016127809882164 0.9991930723190308 0.0004638834798242897 -0.020910002291202545 -0.018277673050761223 -0.0002704165817704052 -0.9998328685760498 -0.6712037324905396 -0.9990260004997253 -0.04016309604048729 0.018273837864398956 -1.9801071882247925
-0.039910007268190384 0.9992031455039978 0.000404222373617813 -0.021309206262230873 -0.01857485994696617 -0.0003373886866029352 -0.9998273849487305 -0.6710774302482605 -0.9990305304527283 -0.03991067782044411 0.0185735784471035 -1.980143666267395
-0.04040440917015076 0.999182403087616 0.0013821391621604562 -0.021194403991103172 -0.01848958618938923 0.0006354115321300924 -0.9998288154602051 -0.6710191965103149 -0.999012291431427 -0.04042310267686844 0.018448850139975548 -1.9803168773651123
-0.04038950055837631 0.9991830587387085 0.0013472071150317788 -0.02115618623793125 -0.018501335754990578 0.0006002573063597083 -0.999828577041626 -0.6710529327392578 -0.9990126490592957 -0.04040755704045296 0.018462032079696655 -1.9803253412246704
-0.04044627770781517 0.9991806745529175 0.0013883356004953384 -0.021242013201117516 -0.018491769209504128 0.0006407499313354492 -0.9998287558555603 -0.6708000898361206 -0.9990105628967285 -0.04046507924795151 0.01845075748860836 -1.9802088737487793
-0.03988064453005791 0.9992034435272217 0.0013789477525278926 -0.021505331620573997 -0.01914355345070362 0.0006157782627269626 -0.9998164772987366 -0.6704719662666321 -0.9990209937095642 -0.03989977762103081 0.019103802740573883 -1.9805846214294434
-0.039442189037799835 0.9992212653160095 0.0010134392650797963 -0.021691568195819855 -0.019336335361003876 0.00025082804495468736 -0.9998129606246948 -0.6707320809364319 -0.9990347027778625 -0.03945446014404297 0.019311439245939255 -1.9806718826293945
-0.03912435472011566 0.9992341995239258 0.00045303572551347315 -0.021907491609454155 -0.019618507474660873 -0.000314803677611053 -0.9998074173927307 -0.6706826090812683 -0.9990416765213013 -0.03912575915455818 0.01961585320532322 -1.9805747270584106
-0.039357468485832214 0.9992246627807617 0.0009827269241213799 -0.021639402955770493 -0.01926485076546669 0.0002245530777145177 -0.9998143315315247 -0.6705937385559082 -0.9990394115447998 -0.03936914727091789 0.019241131842136383 -1.9801950454711914
-0.03962487354874611 0.9992132782936096 0.0016226471634581685 -0.021441293880343437 -0.01925584115087986 0.0008600623696111143 -0.9998141527175903 -0.6705211997032166 -0.9990290403366089 -0.03964880853891373 0.019206665456295013 -1.9800999164581299
-0.03968030586838722 0.9992110133171082 0.0016328806523233652 -0.021442899480462074 -0.019150398671627045 0.0008734262082725763 -0.9998161792755127 -0.6704644560813904 -0.9990288615226746 -0.0397043377161026 0.01910068467259407 -1.9800132513046265
-0.040143437683582306 0.9991915225982666 0.0021670712158083916 -0.021463392302393913 -0.018758133053779602 0.001414865953847766 -0.9998229742050171 -0.6704330444335938 -0.9990177750587463 -0.040177036076784134 0.01868622377514839 -1.9796868562698364
-0.039863020181655884 0.9992020726203918 0.0024548883084207773 -0.02163287252187729 -0.019282201305031776 0.0016871780389919877 -0.9998126029968262 -0.6703171133995056 -0.9990190267562866 -0.0399029366672039 0.019199615344405174 -1.9800336360931396
-0.039623577147722244 0.999212384223938 0.002125410595908761 -0.021550655364990234 -0.019457276910543442 0.0013551570009440184 -0.999809741973877 -0.6703091859817505 -0.9990251660346985 -0.03965744748711586 0.019388310611248016 -1.9801092147827148
-0.03942149132490158 0.9992215037345886 0.0015076803974807262 -0.021633047610521317 -0.01952590048313141 0.0007382773910649121 -0.9998090267181396 -0.6704385280609131 -0.9990318417549133 -0.03944345563650131 0.01948164962232113 -1.980323314666748
-0.03927452862262726 0.9992280602455139 0.0007998530054464936 -0.021761130541563034 -0.019193705171346664 4.5967663027113304e-05 -0.9998157024383545 -0.6705915927886963 -0.9990440607070923 -0.039282698184251785 0.019177138805389404 -1.9803380966186523
-0.03959345445036888 0.9992150664329529 0.0012216944014653563 -0.02148929424583912 -0.018938180059194565 0.0004720680299215019 -0.9998204708099365 -0.6707552671432495 -0.9990363121032715 -0.03960953652858734 0.018904676660895348 -1.979772925376892
-0.039567943662405014 0.9992157220840454 0.001475564786233008 -0.0213035698980093 -0.018504980951547623 0.0007437412277795374 -0.9998284578323364 -0.6710693836212158 -0.9990454912185669 -0.03958851471543312 0.018461095169186592 -1.9796411991119385
-0.03903698921203613 0.9992374181747437 0.0007669592741876841 -0.021477818489074707 -0.018951820209622383 2.7070496798842214e-05 -0.999820351600647 -0.6710564494132996 -0.999057948589325 -0.039044566452503204 0.018936365842819214 -1.979856014251709
-0.039148904383182526 0.9992331862449646 0.0005564243183471262 -0.02140750177204609 -0.018909597769379616 -0.00018405599985271692 -0.999821126461029 -0.6710890531539917 -0.9990543723106384 -0.03915247693657875 0.018902357667684555 -1.9796652793884277
-0.03889375552535057 0.9992432594299316 -0.0001377886364934966 -0.021529193967580795 -0.01871403120458126 -0.0008662284817546606 -0.9998244643211365 -0.6711046695709229 -0.999068021774292 -0.03888440132141113 0.018733615055680275 -1.979866623878479
-0.038661278784275055 0.9992523193359375 -0.00020206648332532495 -0.02140842378139496 -0.018862970173358917 -0.0009319434175267816 -0.9998216032981873 -0.6710569858551025 -0.9990742802619934 -0.038650620728731155 0.018884951248764992 -1.9800374507904053
-0.039030395448207855 0.9992377758026123 0.0005965243326500058 -0.02142214961349964 -0.018628977239131927 -0.00013072480214759707 -0.9998264312744141 -0.6709958910942078 -0.9990643262863159 -0.03903478384017944 0.01861993409693241 -1.9800808429718018
-0.038866568356752396 0.9992439150810242 0.0009323297999799252 -0.021453456953167915 -0.018413903191685677 0.00021670068963430822 -0.9998303651809692 -0.6709395051002502 -0.9990746974945068 -0.03887719660997391 0.01839161105453968 -1.980107069015503
-0.03872362896800041 0.999249279499054 0.0011228194925934076 -0.021686559543013573 -0.018751803785562515 0.00039683232898823917 -0.999824047088623 -0.6705420613288879 -0.9990739226341248 -0.03873792290687561 0.01872241497039795 -1.9806760549545288
-0.03898210451006889 0.9992385506629944 0.0016284381272271276 -0.02150072529911995 -0.018847359344363213 0.0008941696141846478 -0.9998219013214111 -0.670446515083313 -0.9990621209144592 -0.039005909115076065 0.018798206001520157 -1.9809662103652954
-0.039059389382600784 0.9992350935935974 0.0018706732662394643 -0.0216009970754385 -0.01917778141796589 0.0011221641907468438 -0.9998154044151306 -0.670436441898346 -0.9990527629852295 -0.03908810764551163 0.01911933533847332 -1.9815303087234497
-0.03972608223557472 0.9992070198059082 0.002657165052369237 -0.021315976977348328 -0.0191351231187582 0.0018980655586346984 -0.999815046787262 -0.6705870628356934 -0.9990273118019104 -0.03976963460445404 0.019044600427150726 -1.9810411930084229
-0.039814189076423645 0.9992053508758545 0.0018447267357259989 -0.021648051217198372 -0.018412072211503983 0.0011122854193672538 -0.9998298287391663 -0.6706876754760742 -0.9990373849868774 -0.0398414321243763 0.018353210762143135 -1.9800524711608887
-0.03989259526133537 0.9992017149925232 0.002106591360643506 -0.021492911502718925 -0.018829163163900375 0.0013562047388404608 -0.9998217225074768 -0.670495867729187 -0.9990264773368835 -0.03992520272731781 0.018760083243250847 -1.9801898002624512
-0.04007278382778168 0.9991939663887024 0.002344795735552907 -0.021481139585375786 -0.019135192036628723 0.0015788859454914927 -0.9998155832290649 -0.6704518795013428 -0.9990134835243225 -0.04011031612753868 0.01905655302107334 -1.980500340461731
-0.03996127471327782 0.9991978406906128 0.002590508433058858 -0.021397186443209648 -0.01945328339934349 0.0018141414038836956 -0.9998090863227844 -0.6706436276435852 -0.9990118145942688 -0.04000409319996834 0.019365236163139343 -1.9810588359832764
-0.039647940546274185 0.999209463596344 0.002903381362557411 -0.021311212331056595 -0.019995426759123802 0.0021117364522069693 -0.9997977614402771 -0.6708270311355591 -0.9990135431289673 -0.039698030799627304 0.019895948469638824 -1.9816429615020752
-0.03946913778781891 0.9992160201072693 0.0030622815247625113 -0.021367456763982773 -0.02038460038602352 0.0022588958963751793 -0.9997895956039429 -0.670848548412323 -0.9990127682685852 -0.03952330723404884 0.020279517397284508 -1.9819296598434448
-0.0392279177904129 0.9992249011993408 0.0032613847870379686 -0.021540749818086624 -0.020462265238165855 0.0024599567987024784 -0.9997875690460205 -0.6708617806434631 -0.9990206956863403 -0.03928637132048607 0.020349960774183273 -1.9821133613586426
-0.03962140530347824 0.9992085099220276 0.0035178125835955143 -0.021406248211860657 -0.02003677561879158 0.0027254153974354267 -0.9997954964637756 -0.6709915399551392 -0.9990137815475464 -0.03968384116888046 0.01991298608481884 -1.9812946319580078
-0.03971037641167641 0.9992049336433411 0.0035268680658191442 -0.02168874442577362 -0.01997370272874832 0.002735212678089738 -0.9997966885566711 -0.6705560684204102 -0.9990115165710449 -0.03977280482649803 0.0198492594063282 -1.9811806678771973
-0.039702821522951126 0.9992040991783142 0.0038445431273430586 -0.021457701921463013 -0.020057789981365204 0.003049878403544426 -0.9997941255569458 -0.6706854701042175 -0.9990101456642151 -0.03977181389927864 0.019920790567994118 -1.980818748474121
-0.039774633944034576 0.9992021322250366 0.0036083294544368982 -0.021463192999362946 -0.020292140543460846 0.0028027461376041174 -0.9997901320457458 -0.6705900430679321 -0.9990025758743286 -0.03983956202864647 0.020164525136351585 -1.9808427095413208
-0.04025973007082939 0.999183177947998 0.0034684648271650076 -0.021202895790338516 -0.01977590285241604 0.002673835726454854 -0.9998008012771606 -0.670866847038269 -0.998993456363678 -0.04032035917043686 0.01965215615928173 -1.9800235033035278
-0.04097280651330948 0.9991512298583984 0.004235018510371447 -0.02118777297437191 -0.019268693402409554 0.003447691211476922 -0.9998083710670471 -0.6708815693855286 -0.9989743828773499 -0.041046611964702606 0.019111132249236107 -1.9797054529190063
-0.04149814322590828 0.9991304874420166 0.004007812589406967 -0.0211448073387146 -0.018602998927235603 0.0032379734329879284 -0.999821662902832 -0.6707800626754761 -0.998965322971344 -0.04156535491347313 0.018452508375048637 -1.978977084159851
-0.040995605289936066 0.9991477727890015 0.004793924745172262 -0.021524138748645782 -0.019527379423379898 0.003995891194790602 -0.9998012781143188 -0.6703192591667175 -0.9989684224128723 -0.04108112305402756 0.019346976652741432 -1.980365514755249
-0.04098127409815788 0.9991483688354492 0.004787262063473463 -0.021570201963186264 -0.019528448581695557 0.003989457618445158 -0.9998012781143188 -0.6702626347541809 -0.9989690184593201 -0.041066672652959824 0.019348379224538803 -1.9804004430770874
-0.04123632237315178 0.9991390705108643 0.004538612440228462 -0.021297920495271683 -0.018993839621543884 0.0037578106857836246 -0.9998124837875366 -0.6705515384674072 -0.9989688396453857 -0.04131484776735306 0.01882258430123329 -1.9797707796096802
-0.04111604019999504 0.9991466403007507 0.003915506415069103 -0.02147640660405159 -0.018597960472106934 0.0031528761610388756 -0.9998220205307007 -0.6706143617630005 -0.998981237411499 -0.041181594133377075 0.018452510237693787 -1.9796662330627441
-0.040079060941934586 0.9991918802261353 0.0030312426388263702 -0.021404162049293518 -0.01882450468838215 0.002278120256960392 -0.9998201727867126 -0.6710005402565002 -0.9990191459655762 -0.04012896493077278 0.018718041479587555 -1.980034589767456
-0.040094044059515 0.9991913437843323 0.0030108673963695765 -0.02138804830610752 -0.01883540116250515 0.0022570134606212378 -0.9998199939727783 -0.6710582971572876 -0.9990183115005493 -0.04014359042048454 0.01872973144054413 -1.9800468683242798
-0.03996334969997406 0.9991967678070068 0.002930569462478161 -0.021290110424160957 -0.01941380277276039 0.00215595168992877 -0.9998091459274292 -0.6709010601043701 -0.9990124702453613 -0.040012672543525696 0.01931210421025753 -1.9806376695632935
-0.03986899554729462 0.9991979002952576 0.0037311334162950516 -0.02133730985224247 -0.019772091880440712 0.002944506239145994 -0.9998001456260681 -0.6707661151885986 -0.9990091919898987 -0.039934851229190826 0.019638892263174057 -1.9811278581619263
-0.039742544293403625 0.9992020726203918 0.00394743587821722 -0.021310096606612206 -0.019925789907574654 0.0031573001760989428 -0.999796450138092 -0.6707779169082642 -0.999011218547821 -0.03981316462159157 0.019784467294812202 -1.9813960790634155
-0.03961069509387016 0.9992085099220276 0.00363929383456707 -0.021654028445482254 -0.019602565094828606 0.0028644257690757513 -0.9998037219047546 -0.670783281326294 -0.9990228414535522 -0.039674315601587296 0.019473642110824585 -1.9807929992675781
-0.040200989693403244 0.9991855621337891 0.003465229645371437 -0.02122078463435173 -0.019132452085614204 0.002697686431929469 -0.9998132586479187 -0.6708680391311646 -0.9990083575248718 -0.04025983437895775 0.019008474424481392 -1.9804054498672485
-0.039977625012397766 0.999193012714386 0.003879331052303314 -0.021380862221121788 -0.019679808989167213 0.003094356507062912 -0.999801516532898 -0.6706141829490662 -0.9990066885948181 -0.0400460846722126 0.019540276378393173 -1.9810072183609009
-0.04000786691904068 0.9991914629936218 0.003960150759667158 -0.021562563255429268 -0.01989854872226715 0.0031658580992370844 -0.9997969269752502 -0.6703476309776306 -0.999001145362854 -0.040078599005937576 0.019755855202674866 -1.9812283515930176
-0.03993527591228485 0.9991952180862427 0.0037453107070177794 -0.021697457879781723 -0.01997162401676178 0.0029493989422917366 -0.9997961521148682 -0.6702783107757568 -0.9990025758743286 -0.04000198841094971 0.019837819039821625 -1.9811526536941528
-0.03992094472050667 0.9991958737373352 0.0037185652181506157 -0.02175085060298443 -0.019960787147283554 0.0029233559034764767 -0.999796450138092 -0.6702225804328918 -0.9990034103393555 -0.039987098425626755 0.019828088581562042 -1.9812037944793701
-0.0396132692694664 0.999210774898529 0.002916041063144803 -0.021782157942652702 -0.01960333064198494 0.0021406617015600204 -0.9998055100440979 -0.6705637574195862 -0.9990227222442627 -0.03966278210282326 0.019503114745020866 -1.9807485342025757
-0.039464108645915985 0.9992191195487976 0.001893116976134479 -0.021733835339546204 -0.019500933587551117 0.0011240968015044928 -0.9998091459274292 -0.6707628965377808 -0.9990306496620178 -0.03949354961514473 0.019441397860646248 -1.9803547859191895
-0.039927806705236435 0.999199628829956 0.0024064427707344294 -0.021364880725741386 -0.019161950796842575 0.0016422675689682364 -0.9998149871826172 -0.6708329916000366 -0.9990187883377075 -0.03996658697724342 0.01908109523355961 -1.9800430536270142
-0.03988271206617355 0.9992012977600098 0.0024436244275420904 -0.021274417638778687 -0.01922186277806759 0.0016779399011284113 -0.9998137950897217 -0.6709691882133484 -0.9990193843841553 -0.039922308176755905 0.019139643758535385 -1.9801865816116333
-0.040160171687603 0.9991887211799622 0.002994643524289131 -0.021251220256090164 -0.019521530717611313 0.002211922314018011 -0.9998069405555725 -0.6708265542984009 -0.9990024566650391 -0.04021093249320984 0.019416915252804756 -1.9804909229278564
-0.040230028331279755 0.9991860389709473 0.0029462557286024094 -0.021207768470048904 -0.01962732896208763 0.0021578799933195114 -0.9998049736022949 -0.670778214931488 -0.9989976286888123 -0.0402800627052784 0.019524596631526947 -1.9808293581008911
-0.04012330621480942 0.9991885423660278 0.0035064280964434147 -0.021356595680117607 -0.019872190430760384 0.002710634609684348 -0.9997987747192383 -0.6709664463996887 -0.9989970326423645 -0.04018496721982956 0.019747359678149223 -1.981041431427002
-0.04041551798582077 0.999175488948822 0.0038462793454527855 -0.021456856280565262 -0.01973613165318966 0.003050431376323104 -0.9998005032539368 -0.6708254218101501 -0.9989879727363586 -0.040483418852090836 0.019596628844738007 -1.9806787967681885
-0.04068353772163391 0.9991623759269714 0.0043855528347194195 -0.021359656006097794 -0.019941383972764015 0.0035764125641435385 -0.9997947216033936 -0.6708598732948303 -0.99897301197052 -0.04076269268989563 0.019779233261942863 -1.980813980102539
-0.040697671473026276 0.9991616606712341 0.004421114921569824 -0.021370135247707367 -0.01996796391904354 0.0036106319166719913 -0.999794065952301 -0.6709015369415283 -0.9989718794822693 -0.040777623653411865 0.0198043342679739 -1.9808506965637207
-0.041306138038635254 0.9991337060928345 0.005058808717876673 -0.021201154217123985 -0.01975649781525135 0.004245439078658819 -0.9997957348823547 -0.6710643172264099 -0.9989511370658875 -0.04139770194888115 0.019564073532819748 -1.9808905124664307
-0.0413159616291523 0.9991322159767151 0.00526202330365777 -0.02132498472929001 -0.019706301391124725 0.004450676962733269 -0.9997958540916443 -0.6709268093109131 -0.9989517331123352 -0.041411276906728745 0.019505370408296585 -1.980651617050171
-0.04129771143198013 0.9991334676742554 0.0051731267012655735 -0.0216309055685997 -0.019895194098353386 0.004354251082986593 -0.9997925162315369 -0.6706565618515015 -0.9989487528800964 -0.041392117738723755 0.019698187708854675 -1.9809768199920654
-0.0414673276245594 0.999127209186554 0.005021348595619202 -0.02137896977365017 -0.019611792638897896 0.004210814833641052 -0.9997987747192383 -0.6707251667976379 -0.9989473223686218 -0.04155751317739487 0.019420117139816284 -1.9801863431930542
-0.041509319096803665 0.9991263151168823 0.004843647591769695 -0.02144748345017433 -0.01962004043161869 0.004031833726912737 -0.9997993111610413 -0.6706894636154175 -0.998945415019989 -0.041596077382564545 0.019435593858361244 -1.9799963235855103
-0.04175714775919914 0.9991135001182556 0.005334100220352411 -0.02140389196574688 -0.019471492618322372 0.004524020943790674 -0.9998001456260681 -0.6707309484481812 -0.9989379644393921 -0.041852716356515884 0.019265374168753624 -1.9794589281082153
-0.04173382744193077 0.9991136789321899 0.005485042463988066 -0.02137490175664425 -0.019293909892439842 0.004682953003793955 -0.999802827835083 -0.6706067323684692 -0.9989423751831055 -0.04183148220181465 0.01908142678439617 -1.9794200658798218
-0.0419984869658947 0.9991014003753662 0.005688974633812904 -0.02126862294971943 -0.019220000132918358 0.0048850844614207745 -0.9998033046722412 -0.6705191731452942 -0.9989327192306519 -0.04209962114691734 0.018997618928551674 -1.9795042276382446
-0.042191971093416214 0.9990913271903992 0.0060242232866585255 -0.021334657445549965 -0.019322307780385017 0.005212557502090931 -0.9997996687889099 -0.6704645752906799 -0.99892258644104 -0.04229997470974922 0.019084874540567398 -1.9795604944229126
-0.04227324202656746 0.9990914463996887 0.005397748667746782 -0.0213837418705225 -0.018509501591324806 0.00461855623871088 -0.999817967414856 -0.6706939339637756 -0.9989345669746399 -0.042365510016679764 0.018297499045729637 -1.9791523218154907
-0.042653732001781464 0.9990719556808472 0.0059797498397529125 -0.02139020524919033 -0.01845504716038704 0.005196346435695887 -0.9998161196708679 -0.6706231832504272 -0.9989194273948669 -0.042756300419569016 0.0182163305580616 -1.9791802167892456
-0.042632780969142914 0.9990729689598083 0.00595699530094862 -0.021433666348457336 -0.018452029675245285 0.005174086429178715 -0.9998162984848022 -0.670615017414093 -0.9989203214645386 -0.04273492097854614 0.0182143934071064 -1.9791144132614136
-0.04312783107161522 0.9990504384040833 0.00617630872875452 -0.021277254447340965 -0.018142523244023323 0.005397930275648832 -0.9998207688331604 -0.670577347278595 -0.9989047646522522 -0.043232209980487823 0.01789254881441593 -1.9790359735488892
-0.043027590960264206 0.9990556836128235 0.006022212561219931 -0.021474190056324005 -0.0177895650267601 0.00526075204834342 -0.9998278617858887 -0.6705670952796936 -0.998915433883667 -0.04312737286090851 0.017546463757753372 -1.978734016418457
-0.04207911342382431 0.999101459980011 0.005049753002822399 -0.021482480689883232 -0.01831546239554882 0.0042820586822927 -0.9998230338096619 -0.6707196831703186 -0.9989463090896606 -0.042164210230112076 0.018118873238563538 -1.9793978929519653
-0.04136282205581665 0.9991320967674255 0.004910860676318407 -0.02145926095545292 -0.018861211836338043 0.00413342984393239 -0.9998134970664978 -0.6706796288490295 -0.9989660978317261 -0.04144778847694397 0.01867392472922802 -1.9797457456588745
-0.04092651978135109 0.9991492033004761 0.005077442619949579 -0.021499603986740112 -0.019427409395575523 0.00428503705188632 -0.9998020529747009 -0.6704056859016418 -0.9989731907844543 -0.041017111390829086 0.019235562533140182 -1.9806207418441772
-0.04023019224405289 0.9991810321807861 0.004329768009483814 -0.021603519096970558 -0.019656259566545486 0.003541079582646489 -0.9998005032539368 -0.6706007719039917 -0.9989970326423645 -0.04030732437968254 0.019497757777571678 -1.9810500144958496
-0.04070116952061653 0.9991605877876282 0.004624172113835812 -0.021321270614862442 -0.019356517121195793 0.0038387111853808165 -0.999805212020874 -0.6706278324127197 -0.9989838004112244 -0.040782805532217026 0.019184082746505737 -1.9807124137878418
-0.040712855756282806 0.9991599917411804 0.004649092443287373 -0.02129615843296051 -0.019391365349292755 0.003861999837681651 -0.9998044371604919 -0.6706204414367676 -0.9989826679229736 -0.04079510271549225 0.019217897206544876 -1.9807885885238647
-0.04141978546977043 0.999129056930542 0.005038190633058548 -0.021083327010273933 -0.01892814412713051 0.004257000517100096 -0.9998117089271545 -0.6706292033195496 -0.9989624619483948 -0.041507404297590256 0.018735390156507492 -1.9803799390792847
-0.04127607122063637 0.9991334080696106 0.005349684972316027 -0.021408071741461754 -0.019347993656992912 0.004554015584290028 -0.9998024106025696 -0.6703913807868958 -0.9989603757858276 -0.04137147217988968 0.01914330944418907 -1.980670690536499
-0.04128917306661606 0.9991329312324524 0.005338292568922043 -0.02143704518675804 -0.019356559962034225 0.004542009439319372 -0.99980229139328 -0.6703572869300842 -0.9989596605300903 -0.04138439521193504 0.019152294844388962 -1.9807124137878418
-0.04102630913257599 0.9991454482078552 0.005005635321140289 -0.021487385034561157 -0.01946989819407463 0.004209510982036591 -0.999801516532898 -0.6703396439552307 -0.9989683032035828 -0.04111567884683609 0.01928061433136463 -1.9806153774261475
-0.04075334221124649 0.9991607069969177 0.0041121067479252815 -0.021798767149448395 -0.019248727709054947 0.0033297166228294373 -0.9998091459274292 -0.6704038381576538 -0.9989837408065796 -0.0408247709274292 0.01909692957997322 -1.9805495738983154
-0.040922462940216064 0.9991543889045715 0.003974149934947491 -0.0215762909501791 -0.01868698187172413 0.0032114842906594276 -0.9998201727867126 -0.670825719833374 -0.9989874958992004 -0.04098942130804062 0.01853981241583824 -1.9799909591674805
-0.04088655859231949 0.9991563558578491 0.003837374970316887 -0.021550003439188004 -0.018604906275868416 0.0030786495190113783 -0.9998221397399902 -0.6707874536514282 -0.998990535736084 -0.04095073416829109 0.018463389948010445 -1.9797660112380981
-0.0408703051507473 0.9991576075553894 0.0036857323721051216 -0.021463841199874878 -0.01817372255027294 0.002944872947409749 -0.9998304843902588 -0.6709603667259216 -0.9989991188049316 -0.04093041270971298 0.018038110807538033 -1.9792289733886719
-0.040568478405475616 0.9991714358329773 0.0032386991661041975 -0.02171243727207184 -0.018089914694428444 0.002506405580788851 -0.9998331665992737 -0.6707764863967896 -0.9990129470825195 -0.0406203530728817 0.01797330006957054 -1.9792152643203735
-0.04040054231882095 0.9991801381111145 0.0026010542642325163 -0.02165232226252556 -0.018041202798485756 0.0018733382457867265 -0.9998354315757751 -0.6708126664161682 -0.9990206360816956 -0.0404408760368824 0.01795078255236149 -1.9793239831924438
-0.04119214788079262 0.9991471171379089 0.0028430542442947626 -0.021342933177947998 -0.01692808046936989 0.0021472179796546698 -0.999854326248169 -0.6708300113677979 -0.9990077614784241 -0.0412343293428421 0.016825249418616295 -1.9788609743118286
-0.04090818762779236 0.9991613030433655 0.0017482048133388162 -0.021267946809530258 -0.016819464042782784 0.0010608428856357932 -0.9998579025268555 -0.6708247065544128 -0.9990212917327881 -0.040931832045316696 0.016762014478445053 -1.9788132905960083
-0.04074499011039734 0.9991681575775146 0.0016529277199879289 -0.021294377744197845 -0.01679389923810959 0.0009692832827568054 -0.9998584389686584 -0.6706823706626892 -0.9990283846855164 -0.04076703265309334 0.01674048975110054 -1.9787606000900269
-0.040763478726148605 0.9991667866706848 0.001983676804229617 -0.021342230960726738 -0.017222430557012558 0.0012824537698179483 -0.9998508095741272 -0.6704354882240295 -0.9990203380584717 -0.04079161211848259 0.017155857756733894 -1.9789414405822754
-0.04067104309797287 0.999169647693634 0.0024014196824282408 -0.02161133661866188 -0.01740369014441967 0.0016946836840361357 -0.9998470544815063 -0.6701827049255371 -0.9990209341049194 -0.04070667177438736 0.01732036843895912 -1.979480266571045
-0.040830306708812714 0.9991635084152222 0.002261604182422161 -0.021332604810595512 -0.01738942600786686 0.0015525928465649486 -0.9998475313186646 -0.6704090237617493 -0.9990147352218628 -0.04086346551775932 0.017311541363596916 -1.979190707206726
-0.04080895707011223 0.999164342880249 0.0022692151833325624 -0.021308358758687973 -0.017375295981764793 0.0015611570561304688 -0.9998477697372437 -0.6703839898109436 -0.9990158081054688 -0.04084222763776779 0.01729712262749672 -1.9791728258132935
-0.040353212505578995 0.999183714389801 0.0018501579761505127 -0.021586282178759575 -0.017601894214749336 0.0011405586265027523 -0.9998443722724915 -0.6702060103416443 -0.999030351638794 -0.04037955030798912 0.01754155382514 -1.9796327352523804
-0.04004405811429024 0.9991965293884277 0.0016247315797954798 -0.021506227552890778 -0.018090588971972466 0.0009008184424601495 -0.9998359084129333 -0.6702448725700378 -0.9990341067314148 -0.04006693512201309 0.018040036782622337 -1.980101227760315
-0.03980718553066254 0.9992055296897888 0.0019039141479879618 -0.021547676995396614 -0.018453842028975487 0.0011699729366227984 -0.9998289942741394 -0.6702748537063599 -0.9990369081497192 -0.03983556479215622 0.018392661586403847 -1.980538249015808
-0.03976760059595108 0.9992067813873291 0.0020691719837486744 -0.021474959328770638 -0.018723398447036743 0.0013253245269879699 -0.9998237490653992 -0.6702831983566284 -0.9990334510803223 -0.03979938477277756 0.018655894324183464 -1.9808646440505981
-0.039751943200826645 0.9992077946662903 0.0018463286105543375 -0.021412618458271027 -0.018795691430568695 0.0010997576173394918 -0.9998226761817932 -0.6704124212265015 -0.999032735824585 -0.039779648184776306 0.01873713918030262 -1.980891466140747
-0.03970939666032791 0.9992092847824097 0.0019668203312903643 -0.021499140188097954 -0.019082514569163322 0.001209712354466319 -0.9998171329498291 -0.6704868078231812 -0.9990289807319641 -0.03973971679806709 0.019019443541765213 -1.980938196182251
-0.03971785679459572 0.999208927154541 0.0019868118688464165 -0.021495945751667023 -0.019068611785769463 0.0012301080860197544 -0.9998173713684082 -0.6704953908920288 -0.9990289211273193 -0.03974854201078415 0.01900472305715084 -1.9810168743133545
-0.039821989834308624 0.9992038607597351 0.002386372769251466 -0.021515177562832832 -0.019624192267656326 0.001605764264240861 -0.9998061060905457 -0.6704975962638855 -0.9990140199661255 -0.039861150085926056 0.019544679671525955 -1.9815000295639038
-0.03986174240708351 0.9992026686668396 0.0022165183909237385 -0.021517274901270866 -0.019505951553583145 0.001439751242287457 -0.999808669090271 -0.6703964471817017 -0.9990147352218628 -0.03989740461111069 0.01943306252360344 -1.9814702272415161
-0.039761099964380264 0.9992066621780396 0.0022313722874969244 -0.02135279029607773 -0.0196402445435524 0.0014512232737615705 -0.9998059868812561 -0.6706069707870483 -0.9990161061286926 -0.03979726508259773 0.019567014649510384 -1.9818881750106812
-0.039556555449962616 0.9992144703865051 0.0023790046107023954 -0.0215313583612442 -0.019825918599963188 0.0015955925919115543 -0.9998021125793457 -0.6707724928855896 -0.9990205764770508 -0.03959595039486885 0.019747283309698105 -1.9819278717041016
-0.04004450887441635 0.9991950988769531 0.0023376813624054193 -0.021153008565306664 -0.019071191549301147 0.001574874622747302 -0.9998168349266052 -0.6713438034057617 -0.9990158081054688 -0.04008181020617485 0.018992830067873 -1.9811090230941772
-0.040035899728536606 0.999195396900177 0.002351396717131138 -0.02109169214963913 -0.019091937690973282 0.0015879301354289055 -0.9998164176940918 -0.6714475154876709 -0.999015748500824 -0.04007349908351898 0.0190130565315485 -1.9811229705810547
-0.03986687585711479 0.9992014765739441 0.002633720636367798 -0.02158411778509617 -0.019350653514266014 0.0018633109284564853 -0.9998109936714172 -0.6707164645195007 -0.9990175366401672 -0.03991035744547844 0.01926097273826599 -1.9811521768569946
-0.039702314883470535 0.9992076754570007 0.002755057066679001 -0.02159167267382145 -0.019525201991200447 0.0019809503573924303 -0.9998073577880859 -0.6707858443260193 -0.9990206956863403 -0.03974851220846176 0.019431138411164284 -1.9812015295028687
-0.039701785892248154 0.9992077350616455 0.0027444215957075357 -0.021618636325001717 -0.019504450261592865 0.001971144462004304 -0.9998077750205994 -0.670788049697876 -0.9990211129188538 -0.03974773362278938 0.019410794600844383 -1.9812214374542236
-0.04047456383705139 0.999176561832428 0.002815478015691042 -0.02112724259495735 -0.018720589578151703 0.0020590166095644236 -0.9998225569725037 -0.6709643006324768 -0.999005138874054 -0.04052014648914337 0.018621889874339104 -1.9803133010864258
-0.04116743803024292 0.999146580696106 0.003347169840708375 -0.02123674936592579 -0.01824030838906765 0.002597962273284793 -0.9998301863670349 -0.6707251071929932 -0.9989857077598572 -0.041221555322408676 0.018117845058441162 -1.9794193506240845
-0.04141049087047577 0.9991337656974792 0.0040931603871285915 -0.02132023125886917 -0.018147015944123268 0.0033439332619309425 -0.9998297095298767 -0.6706125140190125 -0.9989773631095886 -0.04147777333855629 0.01799287647008896 -1.9794480800628662
-0.04164836183190346 0.9991215467453003 0.004628416616469622 -0.021315423771739006 -0.018181324005126953 0.003873847657814622 -0.9998271465301514 -0.6704385876655579 -0.9989668130874634 -0.041725367307662964 0.01800406724214554 -1.9795291423797607
-0.04147497937083244 0.9991315007209778 0.004000992048531771 -0.021503180265426636 -0.01786579191684723 0.0032622322905808687 -0.9998350143432617 -0.6705420613288879 -0.9989797472953796 -0.041539669036865234 0.017715027555823326 -1.9793959856033325
-0.04157290235161781 0.9991265535354614 0.004214276093989611 -0.021472007036209106 -0.018219077959656715 0.0034592030569911003 -0.9998279809951782 -0.6703926920890808 -0.998969316482544 -0.04164258390665054 0.01805941015481949 -1.9800175428390503
-0.04114523530006409 0.9991486668586731 0.0029848269186913967 -0.021644579246640205 -0.017973989248275757 0.00224675633944571 -0.9998359084129333 -0.6704630851745605 -0.9989914298057556 -0.0411921851336956 0.01786629855632782 -1.9799329042434692
-0.04142943024635315 0.9991365075111389 0.0031161513179540634 -0.021381527185440063 -0.017524976283311844 0.0023917295038700104 -0.9998435378074646 -0.6707320213317871 -0.9989876747131348 -0.041477613151073456 0.01741080917418003 -1.9793630838394165
-0.04113275185227394 0.9991488456726074 0.0030917285475879908 -0.021439967676997185 -0.017945589497685432 0.0023551254998892546 -0.9998361468315125 -0.6704579591751099 -0.9989924430847168 -0.041181549429893494 0.017833495512604713 -1.9800199270248413
-0.04086843132972717 0.9991581439971924 0.0035569549072533846 -0.021542798727750778 -0.018385399132966995 0.002807370852679014 -0.999826967716217 -0.6703874468803406 -0.998995304107666 -0.04092681035399437 0.018255241215229034 -1.9803422689437866
-0.04084807261824608 0.9991586208343506 0.0036630849353969097 -0.02143026329576969 -0.01861077919602394 0.002904714783653617 -0.9998225569725037 -0.6703401207923889 -0.9989919662475586 -0.0409090481698513 0.018476523458957672 -1.9806947708129883
-0.040933508425951004 0.9991573095321655 0.0030043974984437227 -0.021350691094994545 -0.01808248646557331 0.00226567848585546 -0.999833881855011 -0.6708142757415771 -0.9989981651306152 -0.04098109155893326 0.01797456108033657 -1.9802528619766235
-0.040899936109781265 0.999159038066864 0.0028920078184455633 -0.02132163569331169 -0.018110450357198715 0.002152671106159687 -0.9998336434364319 -0.6708656549453735 -0.9989990592002869 -0.04094555974006653 0.018007230013608932 -1.980263590812683
-0.04113541543483734 0.9991469979286194 0.0036167476791888475 -0.021441012620925903 -0.01737377978861332 0.0029040363151580095 -0.9998447895050049 -0.6709225177764893 -0.9990024566650391 -0.04119192063808441 0.017239555716514587 -1.979486346244812
-0.040669217705726624 0.9991692900657654 0.002586864633485675 -0.021409476175904274 -0.01709851622581482 0.0018927212804555893 -0.9998519420623779 -0.6709450483322144 -0.9990262985229492 -0.040707483887672424 0.017007390037178993 -1.9795548915863037
-0.04029503092169762 0.9991825222969055 0.003234169213101268 -0.021468503400683403 -0.01685110665857792 0.0025568241253495216 -0.9998546838760376 -0.6708791851997375 -0.9990456700325012 -0.04034372791647911 0.016734357923269272 -1.979202151298523
-0.04040195420384407 0.9991798400878906 0.002696302020922303 -0.021155033260583878 -0.017080096527934074 0.0020075307693332434 -0.9998520612716675 -0.6706918478012085 -0.9990374445915222 -0.0404420830309391 0.016985034570097923 -1.9795109033584595
-0.04025617986917496 0.9991849064826965 0.002967799548059702 -0.02147343009710312 -0.017370011657476425 0.002269994467496872 -0.9998465180397034 -0.6703145503997803 -0.9990383386611938 -0.0403016060590744 0.017264526337385178 -1.9799546003341675
-0.04065321758389473 0.9991677403450012 0.003313729539513588 -0.02122313156723976 -0.017559194937348366 0.0026015848852694035 -0.9998424053192139 -0.6704080700874329 -0.9990189671516418 -0.04070505127310753 0.017438873648643494 -1.980162262916565
-0.0408458411693573 0.9991599917411804 0.003298375057056546 -0.02119692601263523 -0.017471889033913612 0.0025864294730126858 -0.999843955039978 -0.6705304980278015 -0.9990126490592957 -0.040897149592638016 0.017351621761918068 -1.9800552129745483
-0.04116784408688545 0.9991475343704224 0.0030578679870814085 -0.021173326298594475 -0.017197303473949432 0.0023514863569289446 -0.9998493194580078 -0.6707010269165039 -0.9990041851997375 -0.04121427983045578 0.017085891216993332 -1.979604959487915
-0.04092167317867279 0.9991557598114014 0.0036083178129047155 -0.021462468430399895 -0.01754528097808361 0.002892256947234273 -0.9998418092727661 -0.6704117059707642 -0.9990082383155823 -0.0409785620868206 0.01741216704249382 -1.980096697807312
-0.040768809616565704 0.999161422252655 0.0037755726370960474 -0.02154640667140484 -0.017992500215768814 0.003044014098122716 -0.9998334646224976 -0.6703444123268127 -0.9990065693855286 -0.04083000496029854 0.01785336434841156 -1.980550765991211
-0.04050680622458458 0.9991708993911743 0.004073731601238251 -0.021634100005030632 -0.01847834326326847 0.003327323589473963 -0.9998236894607544 -0.670555591583252 -0.9990083575248718 -0.040574993938207626 0.01832829788327217 -1.9814335107803345
-0.04052955284714699 0.9991705417633057 0.003938169218599796 -0.02162044309079647 -0.0184897780418396 0.0031907905358821154 -0.9998239278793335 -0.6704448461532593 -0.9990072250366211 -0.04059528559446335 0.018345173448324203 -1.9813892841339111
-0.04016668349504471 0.9991858005523682 0.0037847962230443954 -0.021441781893372536 -0.018437815830111504 0.003046079771593213 -0.9998252987861633 -0.671075701713562 -0.9990227818489075 -0.04022950306534767 0.018300507217645645 -1.9806922674179077
-0.04042256996035576 0.9991739988327026 0.004151936154812574 -0.021324751898646355 -0.01855158992111683 0.003404156770557165 -0.9998220801353455 -0.6707289218902588 -0.9990103840827942 -0.040492456406354904 0.018398715183138847 -1.9805715084075928
-0.040416959673166275 0.9991746544837952 0.004050564020872116 -0.02136404626071453 -0.01872916892170906 0.0032956255599856377 -0.9998190999031067 -0.6705262660980225 -0.9990072846412659 -0.04048556461930275 0.018580565229058266 -1.9805306196212769
-0.04051823914051056 0.9991707801818848 0.003992391284555197 -0.02135002613067627 -0.0188106968998909 0.0032322178594768047 -0.9998177886009216 -0.6705045700073242 -0.999001681804657 -0.04058600962162018 0.01866418868303299 -1.9805902242660522
-0.04034300521016121 0.9991762638092041 0.004366864915937185 -0.021459657698869705 -0.018977975472807884 0.0036034397780895233 -0.9998133778572083 -0.670291006565094 -0.9990056157112122 -0.04041840508580208 0.018817022442817688 -1.9807145595550537
-0.04074430465698242 0.9991580843925476 0.004782270640134811 -0.021289369091391563 -0.018689526244997978 0.00402334239333868 -0.9998171925544739 -0.6705248951911926 -0.998994767665863 -0.04082628712058067 0.018509916961193085 -1.9802168607711792
