# 3x4 first row second row third row Freq: 100 current Time: 2020-10-02-13:20:15
-0.03776666894555092 0.999282956123352 -0.002670826856046915 -0.02185610681772232 -0.02038455568253994 -0.0034425307530909777 -0.9997862577438354 -0.6712027192115784 -0.9990785717964172 -0.03770420700311661 0.020500006154179573 -1.9818756580352783
-0.038383204489946365 0.9992584586143494 -0.0030234388541430235 -0.02141864039003849 -0.01923544704914093 -0.0037639166694134474 -0.9998078346252441 -0.6715663075447083 -0.9990778565406799 -0.0383177250623703 0.0193657074123621 -1.9807847738265991
-0.03824944421648979 0.9992606043815613 -0.0038888189010322094 -0.02137753739953041 -0.01931023597717285 -0.00463003059849143 -0.9998027682304382 -0.6716298460960388 -0.999081552028656 -0.03816686198115349 0.019473107531666756 -1.9806203842163086
-0.03839529678225517 0.9992575645446777 -0.00315679470077157 -0.02138862945139408 -0.019382664933800697 -0.0039032280910760164 -0.9998044967651367 -0.6712355017662048 -0.9990745782852173 -0.038326654583215714 0.01951819472014904 -1.980933666229248
-0.03817860409617424 0.9992676973342896 -0.002517376095056534 -0.02139923721551895 -0.02009754441678524 -0.00328650651499629 -0.9997925758361816 -0.6710781455039978 -0.9990687370300293 -0.03812014311552048 0.02020835690200329 -1.9820901155471802
-0.03877296298742294 0.9992465972900391 -0.0016771003138273954 -0.021326115354895592 -0.019669312983751297 -0.0024411974009126425 -0.9998034834861755 -0.6710999608039856 -0.9990543723106384 -0.038732413202524185 0.019749201834201813 -1.9819153547286987
-0.039351481944322586 0.9992243051528931 -0.001480681705288589 -0.021135903894901276 -0.019343232735991478 -0.002243275521323085 -0.9998103380203247 -0.6715663075447083 -0.9990381598472595 -0.03931542858481407 0.019416557624936104 -1.981934905052185
-0.03938063606619835 0.9992232918739319 -0.0013802660396322608 -0.02108883485198021 -0.019415855407714844 -0.0021462279837578535 -0.9998091459274292 -0.6716358065605164 -0.9990355968475342 -0.039346374571323395 0.0194853488355875 -1.9819034337997437
-0.040145061910152435 0.9991936683654785 -0.00047962964163161814 -0.0214499831199646 -0.018874621018767357 -0.001238214666955173 -0.9998210668563843 -0.6712407469749451 -0.9990155100822449 -0.04012887924909592 0.018909165635704994 -1.9819536209106445
-0.03991864621639252 0.9992028474807739 -0.0001355262938886881 -0.021837206557393074 -0.019316598773002625 -0.000907266279682517 -0.9998129606246948 -0.6708497405052185 -0.9990161657333374 -0.03990861400961876 0.019337471574544907 -1.9821473360061646
-0.039541710168123245 0.9992175102233887 -0.0008274937863461673 -0.021865058690309525 -0.019405702129006386 -0.001595869893208146 -0.9998103380203247 -0.6709953546524048 -0.9990293979644775 -0.03951820731163025 0.01945367455482483 -1.9820325374603271
-0.039859671145677567 0.9992048144340515 -0.0009278354700654745 -0.021618254482746124 -0.018770938739180565 -0.0016771573573350906 -0.9998223781585693 -0.6711782813072205 -0.9990289211273193 -0.03983522579073906 0.018822917714715004 -1.98139488697052
-0.03967810794711113 0.9992121458053589 -0.0007778428844176233 -0.021569907665252686 -0.01903768628835678 -0.0015342386905103922 -0.9998175501823425 -0.6710299253463745 -0.9990310668945312 -0.03965611383318901 0.019083617255091667 -1.9816975593566895
-0.039593055844306946 0.9992157220840454 -0.00048499967670068145 -0.021628208458423615 -0.019343556836247444 -0.001251710462383926 -0.9998120665550232 -0.670906662940979 -0.9990285634994507 -0.03957628831267357 0.019378000870347023 -1.981988549232483
-0.03960001468658447 0.9992154240608215 -0.0004728028434328735 -0.02162250131368637 -0.019363323226571083 -0.001240424462594092 -0.9998117089271545 -0.6708746552467346 -0.9990279078483582 -0.03958345577120781 0.019397307187318802 -1.9820022583007812
-0.03986423462629318 0.9992050528526306 0.00010436083539389074 -0.021511297672986984 -0.018773719668388367 -0.0006445195758715272 -0.9998235106468201 -0.6713531613349915 -0.9990286827087402 -0.039859212934970856 0.018784543499350548 -1.9811104536056519
-0.039722830057144165 0.9992105960845947 0.0003827847249340266 -0.021551676094532013 -0.01916605606675148 -0.00037886432255618274 -0.9998161792755127 -0.6709522008895874 -0.9990268349647522 -0.03972291946411133 0.01916602998971939 -1.9817347526550293
-0.0397958904504776 0.9992077350616455 0.00022487259411718696 -0.02150864154100418 -0.019181370735168457 -0.0005388850695453584 -0.999815821647644 -0.6709182858467102 -0.9990236759185791 -0.039792925119400024 0.019187673926353455 -1.9818718433380127
-0.03964041918516159 0.9992138147354126 0.00047728067147545516 -0.02159174159169197 -0.019419478252530098 -0.0002927854366134852 -0.9998113512992859 -0.6708770394325256 -0.9990252256393433 -0.03964225947856903 0.019415870308876038 -1.982201099395752
-0.04018547385931015 0.9991916418075562 0.0010496622417122126 -0.02137785404920578 -0.019046982750296593 0.0002843398542609066 -0.9998185038566589 -0.6711229681968689 -0.9990106225013733 -0.040198225528001785 0.019020214676856995 -1.9817336797714233
-0.04007765278220177 0.9991962313652039 0.0007813582196831703 -0.0214057769626379 -0.018995210528373718 2.0000185031676665e-05 -0.9998195171356201 -0.6711767315864563 -0.9990159273147583 -0.0400853157043457 0.01897919550538063 -1.9816107749938965
-0.04072074964642525 0.9991689324378967 0.0017834604950621724 -0.021479642018675804 -0.0188720915466547 0.0010155504569411278 -0.9998213648796082 -0.6710508465766907 -0.9989922642707825 -0.04074718430638313 0.01881510764360428 -1.9818036556243896
-0.04062565788626671 0.999173104763031 0.0015857876278460026 -0.0213788989931345 -0.018622776493430138 0.0008296858868561685 -0.999826192855835 -0.6714704632759094 -0.9990008473396301 -0.04064818099141121 0.01857372559607029 -1.9818557500839233
-0.04105304554104805 0.9991546273231506 0.0021498592104762793 -0.021367795765399933 -0.018409488722682 0.0013949568383395672 -0.9998295307159424 -0.6713125705718994 -0.9989873170852661 -0.041085679084062576 0.018336713314056396 -1.9816943407058716
-0.04031284898519516 0.9991836547851562 0.0026127134915441275 -0.02162075974047184 -0.019323915243148804 0.0018347670556977391 -0.9998115301132202 -0.6711381673812866 -0.9990001916885376 -0.04035579413175583 0.019234230741858482 -1.9827326536178589
-0.039753831923007965 0.9992080330848694 0.0016896738670766354 -0.021850399672985077 -0.01897614635527134 0.0009357857052236795 -0.9998194575309753 -0.6712626218795776 -0.9990292191505432 -0.03977877274155617 0.018923969939351082 -1.9825204610824585
-0.04001393914222717 0.9991962909698486 0.002359930658712983 -0.0215737447142601 -0.018915759399533272 0.001603950746357441 -0.9998197555541992 -0.6715162396430969 -0.999019980430603 -0.04005141928792 0.018836429342627525 -1.98222017288208
-0.03948839381337166 0.999218761920929 0.001554411486722529 -0.021650487557053566 -0.019186142832040787 0.0007971679442562163 -0.9998155832290649 -0.6713681221008301 -0.9990357756614685 -0.03951098769903183 0.01913972944021225 -1.9825462102890015
-0.03936448693275452 0.9992239475250244 0.0013428559759631753 -0.02146688662469387 -0.01907164603471756 0.0005923759308643639 -0.9998179078102112 -0.6715717315673828 -0.9990428686141968 -0.03938298299908638 0.019033581018447876 -1.982068657875061
-0.038709208369255066 0.999250054359436 0.0009066514321602881 -0.021746089681982994 -0.019052816554903984 0.00016914452135097235 -0.9998183846473694 -0.6714182496070862 -0.9990687966346741 -0.03871950879693031 0.019032035022974014 -1.9823720455169678
-0.038517456501722336 0.9992574453353882 0.0009102722979150712 -0.021671153604984283 -0.01928645558655262 0.00016741231956984848 -0.9998139142990112 -0.6713846921920776 -0.9990717172622681 -0.038527898490428925 0.019265741109848022 -1.9823778867721558
-0.03912072628736496 0.999233603477478 0.001310969004407525 -0.021456096321344376 -0.01920342445373535 0.000559954612981528 -0.9998154044151306 -0.6711434721946716 -0.9990499019622803 -0.039138730615377426 0.0191668551415205 -1.9822697639465332
-0.039501432329416275 0.9992173314094543 0.002058310667052865 -0.02136904187500477 -0.019283635541796684 0.0012972606346011162 -0.9998131394386292 -0.6710180640220642 -0.9990333914756775 -0.03953379765152931 0.0192173533141613 -1.9821770191192627
-0.03855695202946663 0.9992561340332031 0.0006947462679818273 -0.02167612500488758 -0.019774114713072777 -6.78192955092527e-05 -0.9998044371604919 -0.6712134480476379 -0.9990606904029846 -0.03856319934129715 0.019762072712183 -1.9826010465621948
-0.038958240300416946 0.9992401003837585 0.0011575693497434258 -0.02159016579389572 -0.019450390711426735 0.0003999514156021178 -0.9998106956481934 -0.6712222695350647 -0.9990514516830444 -0.03897343575954437 0.019420083612203598 -1.9822171926498413
-0.039064254611730576 0.9992362260818481 0.0008997601689770818 -0.02134285680949688 -0.01886090636253357 0.0001629876933293417 -0.9998220801353455 -0.6716732978820801 -0.9990586042404175 -0.03907432407140732 0.018840188160538673 -1.9820462465286255
-0.03872352093458176 0.9992496371269226 0.0007629746105521917 -0.021531108766794205 -0.018827561289072037 3.38455502060242e-05 -0.9998226761817932 -0.6717358827590942 -0.9990725517272949 -0.03873107582330704 0.01881217770278454 -1.9820374250411987
-0.039030347019433975 0.9992375373840332 0.0009555018041282892 -0.021376095712184906 -0.018748225644230843 0.00022380500740837306 -0.9998241662979126 -0.6715428829193115 -0.9990620613098145 -0.03904145210981369 0.01872524991631508 -1.9821401834487915
-0.039016176015138626 0.999237596988678 0.0013681421987712383 -0.021661881357431412 -0.01900210604071617 0.0006270338199101388 -0.9998192191123962 -0.6712916493415833 -0.9990578293800354 -0.03903517499566078 0.01896320842206478 -1.9826328754425049
-0.039003029465675354 0.9992383122444153 0.0011894983472302556 -0.02148495428264141 -0.018861455842852592 0.00045402877731248736 -0.9998219609260559 -0.6715235114097595 -0.9990609884262085 -0.039018575102090836 0.018829435110092163 -1.982433557510376
-0.0386631041765213 0.9992520213127136 0.00064789381576702 -0.021708467975258827 -0.018861692398786545 -8.148363122018054e-05 -0.9998220205307007 -0.6711959838867188 -0.9990742206573486 -0.038668498396873474 0.018850788474082947 -1.9824472665786743
-0.03876156359910965 0.9992482662200928 0.0006131110712885857 -0.021902447566390038 -0.019043348729610443 -0.00012519388110376894 -0.9998186230659485 -0.6707738637924194 -0.999066948890686 -0.03876626119017601 0.019033940508961678 -1.9828087091445923
-0.03874306008219719 0.9992489218711853 0.0006647563423030078 -0.021945632994174957 -0.019045056775212288 -7.323270256165415e-05 -0.9998185634613037 -0.6706969141960144 -0.9990676641464233 -0.03874874487519264 0.01903364434838295 -1.9828448295593262
-0.03834516927599907 0.9992644786834717 -6.60331133985892e-05 -0.021776312962174416 -0.01888924650847912 -0.0007908639381639659 -0.9998212456703186 -0.6711413860321045 -0.9990859627723694 -0.03833711892366409 0.01890573278069496 -1.9822688102722168
-0.03810008242726326 0.9992736577987671 -0.0006854381063021719 -0.021809803321957588 -0.018673166632652283 -0.0013977319467812777 -0.999824583530426 -0.6711169481277466 -0.9990993738174438 -0.03808065503835678 0.018712911754846573 -1.9822219610214233
-0.038602765649557114 0.999254584312439 5.663381216436392e-06 -0.021474478766322136 -0.018153132870793343 -0.0006955668213777244 -0.9998349547386169 -0.67142254114151 -0.9990896582603455 -0.03859655186533928 0.01816650666296482 -1.9814848899841309
-0.0389695018529892 0.9992403388023376 -5.0713955715764314e-05 -0.021397840231657028 -0.0178130641579628 -0.0007453879225067794 -0.999841034412384 -0.6714673638343811 -0.999081552028656 -0.03896245360374451 0.01782863400876522 -1.981234073638916
-0.03894197195768356 0.9992414116859436 -9.030354704009369e-05 -0.021379200741648674 -0.017798902466893196 -0.0007839578320272267 -0.9998412132263184 -0.6714862585067749 -0.9990828633308411 -0.03893423452973366 0.017815982922911644 -1.9811818599700928
-0.03881857916712761 0.9992462396621704 -5.241377220954746e-05 -0.021681223064661026 -0.017641162499785423 -0.0007377160945907235 -0.9998440742492676 -0.6713870763778687 -0.9990904927253723 -0.03881165385246277 0.017656555399298668 -1.9809410572052002
-0.038828033953905106 0.9992458820343018 3.734662095666863e-05 -0.021588925272226334 -0.017832063138484955 -0.0006554872379638255 -0.9998407363891602 -0.6712210178375244 -0.9990867376327515 -0.03882256895303726 0.017844121903181076 -1.9810675382614136
-0.03889631852507591 0.9992431998252869 -0.00022416823776438832 -0.021409979090094566 -0.017962900921702385 -0.0009234711760655046 -0.9998381733894348 -0.6710526943206787 -0.9990817308425903 -0.03888605162501335 0.017985278740525246 -1.9811604022979736
-0.03899558261036873 0.9992393255233765 0.00022288413310889155 -0.021575868129730225 -0.017974894493818283 -0.0004784069024026394 -0.9998382925987244 -0.670932948589325 -0.9990776181221008 -0.038993336260318756 0.017979931086301804 -1.9815670251846313
-0.03946198150515556 0.9992207288742065 0.0007565629202872515 -0.02141663059592247 -0.01760748028755188 6.171801214804873e-05 -0.9998449087142944 -0.6710215210914612 -0.9990658760070801 -0.03946923837065697 0.017591379582881927 -1.981263279914856
-0.03935292735695839 0.9992250204086304 0.00080883625196293 -0.021507853642106056 -0.01812283881008625 9.564112406224012e-05 -0.999835729598999 -0.670860230922699 -0.9990609884262085 -0.039361171424388885 0.01810508407652378 -1.9816393852233887
-0.04007212445139885 0.99919593334198 0.0012829441111534834 -0.02126331999897957 -0.018119731917977333 0.0005571354413405061 -0.9998356103897095 -0.6709395051002502 -0.9990324378013611 -0.04008883982896805 0.018082890659570694 -1.9815585613250732
-0.04006228595972061 0.9991963505744934 0.0012561710318550467 -0.021279532462358475 -0.018114564940333366 0.0005307307001203299 -0.999835729598999 -0.6710204482078552 -0.9990329146385193 -0.04007851332426071 0.018078798428177834 -1.9816697835922241
-0.03996669128537178 0.9992005228996277 0.0009294568444602191 -0.0215489249676466 -0.0177525095641613 0.0002200276212533936 -0.9998423457145691 -0.671302080154419 -0.9990432262420654 -0.03997694328427315 0.01772957667708397 -1.9812413454055786
-0.040600523352622986 0.9991743564605713 0.00143262161873281 -0.021316690370440483 -0.017368698492646217 0.0007278781849890947 -0.9998488426208496 -0.6713168025016785 -0.9990244507789612 -0.040619321167469025 0.017324861139059067 -1.981183648109436
-0.040586162358522415 0.9991748929023743 0.001467122696340084 -0.02151540480554104 -0.01748436689376831 0.0007579504163004458 -0.9998468160629272 -0.6710978746414185 -0.9990230202674866 -0.04060564935207367 0.017439233139157295 -1.9813201427459717
-0.04084647446870804 0.9991644024848938 0.001416721730493009 -0.02156057581305504 -0.01647964119911194 0.0007440658519044518 -0.999863862991333 -0.6712870597839355 -0.9990294575691223 -0.04086431488394737 0.016435531899333 -1.9805023670196533
-0.0409729890525341 0.9991597533226013 0.000968978856690228 -0.021455662325024605 -0.016666583716869354 0.0002862554101739079 -0.9998610019683838 -0.6711978912353516 -0.9990211725234985 -0.040983498096466064 0.016640905290842056 -1.980542540550232
-0.0402083694934845 0.9991903901100159 0.00132946262601763 -0.02168320305645466 -0.017655229195952415 0.0006199194467626512 -0.9998438954353333 -0.670835018157959 -0.9990352988243103 -0.040225617587566376 0.017616063356399536 -1.9813464879989624
-0.04049837216734886 0.999177873134613 0.0018344370182603598 -0.021408837288618088 -0.01779237948358059 0.0011145496973767877 -0.999841034412384 -0.6708910465240479 -0.9990211129188538 -0.04052462801337242 0.017732668668031693 -1.981379508972168
-0.04013432189822197 0.9991940259933472 0.0006919401348568499 -0.021560002118349075 -0.0176071859896183 -1.4781186109757982e-05 -0.9998449087142944 -0.6710688471794128 -0.9990391135215759 -0.04014033451676369 0.017593642696738243 -1.981210708618164
-0.03997600078582764 0.9992001056671143 0.0009735890198498964 -0.021671023219823837 -0.017709529027342796 0.0002657430595718324 -0.9998430609703064 -0.6710345149040222 -0.9990436434745789 -0.039987023919820786 0.01768479496240616 -1.981114149093628
-0.03969645872712135 0.9992117285728455 4.7902554797474295e-05 -0.02161586284637451 -0.01771540939807892 -0.0006558105815201998 -0.9998428225517273 -0.6709762215614319 -0.9990546703338623 -0.03969112038612366 0.017727533355355263 -1.9812936782836914
-0.03967491164803505 0.9992125630378723 5.264441642793827e-05 -0.02161668799817562 -0.01773734577000141 -0.0006515540881082416 -0.9998424053192139 -0.6709582209587097 -0.9990551471710205 -0.03966964781284332 0.017749283462762833 -1.9812941551208496
-0.03979423642158508 0.9992078542709351 7.920035568531603e-05 -0.02137330360710621 -0.017710963264107704 -0.0006260518566705287 -0.9998428821563721 -0.6709702610969543 -0.9990508556365967 -0.039789438247680664 0.01772190071642399 -1.9812699556350708
-0.0390426404774189 0.9992374777793884 -0.0002686064108274877 -0.021627044305205345 -0.018143177032470703 -0.0009776146616786718 -0.9998348951339722 -0.6711918711662292 -0.999072790145874 -0.03903137519955635 0.018167564645409584 -1.9813685417175293
-0.03891407325863838 0.9992423057556152 -0.0006630931166000664 -0.021515492349863052 -0.018062010407447815 -0.0013668359024450183 -0.9998359084129333 -0.6713700294494629 -0.9990792274475098 -0.03889575973153114 0.018101569265127182 -1.9813957214355469
-0.03886160999536514 0.9992438554763794 -0.0011857376666739583 -0.02138444408774376 -0.017698664218187332 -0.001874715555459261 -0.999841570854187 -0.6714286208152771 -0.9990878105163574 -0.03883451968431473 0.017758190631866455 -1.9811625480651855
-0.038673724979162216 0.9992518424987793 6.019542524882127e-06 -0.021512771025300026 -0.018696127459406853 -0.0007175168721005321 -0.9998248815536499 -0.6710716485977173 -0.9990769028663635 -0.038667116314172745 0.018709944561123848 -1.982497215270996
-0.03840072080492973 0.999262273311615 -0.0004661735729314387 -0.021706553176045418 -0.01876632682979107 -0.0011875573545694351 -0.9998231530189514 -0.6708784699440002 -0.9990861415863037 -0.03838523477315903 0.018798138946294785 -1.9825576543807983
-0.0381423756480217 0.9992711544036865 -0.001494343625381589 -0.021778278052806854 -0.01874692738056183 -0.002210690639913082 -0.9998217821121216 -0.6708885431289673 -0.9990963935852051 -0.03810761496424675 0.018817638978362083 -1.9822896718978882
-0.038075510412454605 0.9992741346359253 -0.0011714897118508816 -0.021754931658506393 -0.018831884488463402 -0.00188963464461267 -0.9998208284378052 -0.6709222197532654 -0.9990973472595215 -0.03804668039083481 0.018890216946601868 -1.98243248462677
-0.038280587643384933 0.9992667436599731 -0.0006403374718502164 -0.021616118028759956 -0.018504496663808823 -0.0013495293678715825 -0.9998278021812439 -0.6710986495018005 -0.999095618724823 -0.038262199610471725 0.018542643636465073 -1.9817222356796265
-0.0387006439268589 0.9992507696151733 -0.00020484144624788314 -0.021479886025190353 -0.01837068796157837 -0.0009164004004560411 -0.9998307824134827 -0.6710458993911743 -0.9990819096565247 -0.03869038447737694 0.018392443656921387 -1.9815090894699097
-0.03909319266676903 0.9992354512214661 0.000373770366422832 -0.021476484835147858 -0.01807759888470173 -0.000333206175127998 -0.9998365044593811 -0.6710472702980042 -0.9990719556808472 -0.039093609899282455 0.018076857551932335 -1.9812531471252441
-0.03901734948158264 0.9992381930351257 0.0007725147879682481 -0.02156178653240204 -0.018685022369027138 4.3423366150818765e-05 -0.9998253583908081 -0.6708073019981384 -0.9990637898445129 -0.03902502357959747 0.018669147044420242 -1.9816949367523193
-0.03933953866362572 0.9992251992225647 0.0011330980341881514 -0.021488798782229424 -0.018629444763064384 0.0004003880894742906 -0.9998263120651245 -0.6708637475967407 -0.9990521669387817 -0.0393538698554039 0.018599314615130424 -1.9815236330032349
-0.03935955464839935 0.9992244243621826 0.0011105402372777462 -0.021539729088544846 -0.018588487058877945 0.00037905792123638093 -0.9998270869255066 -0.6709066033363342 -0.9990521669387817 -0.03937344625592232 0.018559206277132034 -1.9815787076950073
-0.03964614495635033 0.9992125034332275 0.00156903057359159 -0.021470574662089348 -0.018337486311793327 0.0008424692205153406 -0.9998314380645752 -0.671004056930542 -0.9990454316139221 -0.039668288081884384 0.018289700150489807 -1.9813048839569092
-0.03971200808882713 0.9992100596427917 0.0014402795350179076 -0.02148674614727497 -0.018530303612351418 0.0007047632825560868 -0.9998279809951782 -0.6708804965019226 -0.9990392923355103 -0.03973191976547241 0.018487732857465744 -1.9815398454666138
-0.03951478376984596 0.9992175698280334 0.0016403369372710586 -0.021678589284420013 -0.018643466755747795 0.0009041162556968629 -0.9998257160186768 -0.6707744002342224 -0.9990450143814087 -0.03953853249549866 0.018593208864331245 -1.9816536903381348
-0.03903547674417496 0.9992364048957825 0.0016677528619766235 -0.021492023020982742 -0.01859726570546627 0.0009422803996130824 -0.9998265504837036 -0.6713152527809143 -0.9990646839141846 -0.039059776812791824 0.01854633539915085 -1.9813933372497559
-0.039297640323638916 0.9992269277572632 0.001044949167408049 -0.021407611668109894 -0.018471593037247658 0.0003191779542248696 -0.9998292922973633 -0.6712242960929871 -0.9990567564964294 -0.039310283958911896 0.01844482496380806 -1.9812660217285156
-0.039350029081106186 0.9992250204086304 0.0009255135082639754 -0.02142077311873436 -0.01842530444264412 0.0002005258429562673 -0.9998301863670349 -0.6711015701293945 -0.9990555644035339 -0.03936045244336128 0.0184031892567873 -1.980993390083313
-0.03931272774934769 0.9992260932922363 0.0012813301291316748 -0.02150859124958515 -0.018736381083726883 0.0005449989112094045 -0.9998242855072021 -0.6706550121307373 -0.9990512132644653 -0.039329878985881805 0.018700508400797844 -1.9815468788146973
-0.03996323049068451 0.9991993308067322 0.0018869113409891725 -0.021337416023015976 -0.018465939909219742 0.0011496004881337285 -0.9998287558555603 -0.6707255244255066 -0.9990304708480835 -0.039991285651922226 0.018405267968773842 -1.9811972379684448
-0.04010586440563202 0.9991938471794128 0.0017584851011633873 -0.021682102233171463 -0.01857573911547661 0.0010140525409951806 -0.9998269081115723 -0.6706485748291016 -0.9990227222442627 -0.04013163968920708 0.01852015033364296 -1.9815746545791626
-0.04012170433998108 0.9991931915283203 0.0017663240432739258 -0.021709909662604332 -0.01854921318590641 0.0010226686717942357 -0.9998273849487305 -0.6706103682518005 -0.9990225434303284 -0.04014759510755539 0.018493270501494408 -1.9815884828567505
-0.04010586440563202 0.9991925358772278 0.0023785321973264217 -0.021267849951982498 -0.018996374681591988 0.0016175900818780065 -0.9998182058334351 -0.671030580997467 -0.9990147948265076 -0.04014381021261215 0.018916215747594833 -1.9817695617675781
-0.040441129356622696 0.9991775155067444 0.002952993381768465 -0.02117394655942917 -0.018598411232233047 0.002202196279540658 -0.999824583530426 -0.6713137626647949 -0.9990087747573853 -0.04048900678753853 0.01849410869181156 -1.98155677318573
-0.040532276034355164 0.999172031879425 0.0035089626908302307 -0.021382564678788185 -0.018790265545248985 0.0027490442153066397 -0.9998196363449097 -0.6709870100021362 -0.9990015029907227 -0.04059095308184624 0.01866333745419979 -1.9815188646316528
-0.04022090882062912 0.9991832375526428 0.0038797762244939804 -0.021519262343645096 -0.01948724314570427 0.003097806591540575 -0.9998052716255188 -0.6710024476051331 -0.9990007281303406 -0.040288735181093216 0.01934678480029106 -1.9823132753372192
-0.03987101837992668 0.999197244644165 0.0038744276389479637 -0.021629074588418007 -0.0198346134275198 0.0030853478237986565 -0.9997984766960144 -0.6708517074584961 -0.9990078806877136 -0.03993988409638405 0.01969572901725769 -1.9822392463684082
-0.03984009101986885 0.9991992115974426 0.0036871437914669514 -0.021623194217681885 -0.019720764830708504 0.002903108950704336 -0.9998012781143188 -0.6707015633583069 -0.9990113973617554 -0.039904940873384476 0.019589366391301155 -1.9821407794952393
-0.03981379047036171 0.9992023706436157 0.0030655229929834604 -0.021488131955266 -0.01930636167526245 0.0022981674410402775 -0.9998109340667725 -0.6710144281387329 -0.999020516872406 -0.03986550122499466 0.019199518486857414 -1.9812740087509155
-0.03972746431827545 0.9992057681083679 0.003077824367210269 -0.021655874326825142 -0.019464025273919106 0.002305858302861452 -0.9998078346252441 -0.6709070801734924 -0.9990209341049194 -0.03977978974580765 0.019357014447450638 -1.981385350227356
-0.0395343191921711 0.9992156028747559 0.002264343900606036 -0.021744225174188614 -0.019070660695433617 0.0015112195396795869 -0.9998169541358948 -0.6710743308067322 -0.9990361332893372 -0.039570316672325134 0.01899600960314274 -1.9809097051620483
-0.039628516882658005 0.9992120265960693 0.0021899389103055 -0.021745698526501656 -0.01902594044804573 0.0014367528492584825 -0.9998179078102112 -0.6710664629936218 -0.9990332722663879 -0.03966302052140236 0.018954066559672356 -1.9807853698730469
-0.03997097536921501 0.9991966485977173 0.0028759397100657225 -0.02155495621263981 -0.019358962774276733 0.002103337785229087 -0.9998103380203247 -0.6708377003669739 -0.9990132451057434 -0.04001912102103233 0.019259393215179443 -1.9810720682144165
-0.03946058824658394 0.9992190003395081 0.0020426183473318815 -0.021621223539114 -0.019252877682447433 0.0012835609959438443 -0.9998137950897217 -0.670778214931488 -0.9990355968475342 -0.039492618292570114 0.01918724551796913 -1.981258511543274
-0.03944290801882744 0.9992199540138245 0.001921657007187605 -0.02153061330318451 -0.01951511763036251 0.001152506098151207 -0.9998088479042053 -0.6706899404525757 -0.9990311861038208 -0.039472922682762146 0.019454490393400192 -1.981467604637146
-0.03952287510037422 0.9992172718048096 0.0016279825940728188 -0.021366795524954796 -0.019318731501698494 0.0008648735238239169 -0.9998129606246948 -0.6711872816085815 -0.9990318417549133 -0.03954698517918587 0.019269481301307678 -1.9813427925109863
-0.03984813764691353 0.9992044568061829 0.0015835928497835994 -0.021430395543575287 -0.018930118530988693 0.000829688913654536 -0.9998204112052917 -0.6712446212768555 -0.999026358127594 -0.039871010929346085 0.01888205111026764 -1.9810357093811035
-0.039777398109436035 0.9992077350616455 0.0012423869920894504 -0.021525995805859566 -0.018287435173988342 0.0005152110243216157 -0.9998325705528259 -0.6713220477104187 -0.9990411400794983 -0.03979350998997688 0.018252506852149963 -1.9804133176803589
-0.03961624950170517 0.9992141127586365 0.0012613886501640081 -0.02144809067249298 -0.018490204587578773 0.0005291263805702329 -0.9998288750648499 -0.6714935302734375 -0.9990438222885132 -0.03963284566998482 0.018454765900969505 -1.9806172847747803
-0.040344029664993286 0.9991839528083801 0.001918166526593268 -0.02125966176390648 -0.0181023720651865 0.0011885483982041478 -0.9998353719711304 -0.6713326573371887 -0.9990218281745911 -0.04037216678261757 0.018039703369140625 -1.980844259262085
-0.039313215762376785 0.9992265701293945 0.0007912736036814749 -0.02185867726802826 -0.018549013882875443 6.20143036940135e-05 -0.9998279213905334 -0.6708658933639526 -0.9990547299385071 -0.0393211804330349 0.0185322854667902 -1.9815565347671509
-0.03912897780537605 0.9992337822914124 0.0008175029652193189 -0.021747920662164688 -0.018750004470348358 8.380521467188373e-05 -0.9998241662979126 -0.6709703803062439 -0.999058187007904 -0.03913747891783714 0.01873241364955902 -1.9819129705429077
-0.03892558813095093 0.9992417097091675 0.0008522919961251318 -0.021767491474747658 -0.018974708393216133 0.00011367336264811456 -0.9998199343681335 -0.6707273721694946 -0.9990618824958801 -0.038934800773859024 0.018955949693918228 -1.9819008111953735
-0.039138298481702805 0.999233067035675 0.001180486986413598 -0.0214938186109066 -0.018984055146574974 0.00043765647569671273 -0.9998196363449097 -0.6708517670631409 -0.999053418636322 -0.039153702557086945 0.018952419981360435 -1.9816395044326782
-0.03845394030213356 0.9992603063583374 0.00026198168052360415 -0.021548563614487648 -0.018890488892793655 -0.0004647723108064383 -0.9998214244842529 -0.6712411046028137 -0.9990817308425903 -0.03845207393169403 0.018894443288445473 -1.9814975261688232
-0.03827979415655136 0.9992667436599731 0.0006969938986003399 -0.021644623950123787 -0.019202668219804764 -3.818649202003144e-05 -0.9998155832290649 -0.6710736155509949 -0.9990825057029724 -0.03828617185354233 0.0191901046782732 -1.9819918870925903
-0.03839447721838951 0.9992624521255493 0.0005719537730328739 -0.02149481698870659 -0.01954028010368347 -0.0001784756314009428 -0.9998090267181396 -0.6709814667701721 -0.9990715384483337 -0.0383983738720417 0.01953277550637722 -1.982234239578247
-0.03836419805884361 0.9992636442184448 0.0005520390113815665 -0.021484367549419403 -0.019522249698638916 -0.00019711647473741323 -0.9998093247413635 -0.6709786653518677 -0.9990730285644531 -0.03836771100759506 0.019515490159392357 -1.9823898077011108
-0.03860480710864067 0.9992538690567017 0.0011086283484473825 -0.021395334973931313 -0.019633430987596512 0.00035078180371783674 -0.9998071193695068 -0.6710044145584106 -0.9990615844726562 -0.03861917927861214 0.019605295732617378 -1.9823269844055176
-0.03916042670607567 0.9992313385009766 0.0017465661512687802 -0.021282430738210678 -0.019529055804014206 0.000982271390967071 -0.9998087286949158 -0.6711291074752808 -0.9990420341491699 -0.039187099784612656 0.019475631415843964 -1.9821332693099976
-0.039160169661045074 0.9992313385009766 0.0017747043166309595 -0.02132771909236908 -0.019632555544376373 0.0010063709923997521 -0.9998067021369934 -0.6711434125900269 -0.9990400075912476 -0.03918749466538429 0.019578108564019203 -1.9821736812591553
-0.03905513882637024 0.9992349147796631 0.002031362149864435 -0.021472644060850143 -0.019798770546913147 0.001258731703273952 -0.9998031258583069 -0.6710895299911499 -0.9990408420562744 -0.039087723940610886 0.019734518602490425 -1.982485294342041
-0.03928162530064583 0.9992247223854065 0.002612675540149212 -0.021443314850330353 -0.01978948526084423 0.0018362700939178467 -0.9998024106025696 -0.6711620092391968 -0.9990321397781372 -0.03932562097907066 0.019702065736055374 -1.982263207435608
-0.039277322590351105 0.999224841594696 0.002619293751195073 -0.021475953981280327 -0.019867343828082085 0.0018399127293378115 -0.9998008608818054 -0.6711568832397461 -0.9990307688713074 -0.039321593940258026 0.019779730588197708 -1.982288122177124
-0.03969472646713257 0.99920654296875 0.0032383580692112446 -0.02136051282286644 -0.019825393334031105 0.002452744636684656 -0.9998003840446472 -0.6711784601211548 -0.9990150928497314 -0.03975105658173561 0.019712354987859726 -1.9822285175323486
-0.03972558304667473 0.9992053508758545 0.003233227413147688 -0.021429380401968956 -0.019659938290715218 0.002453590277582407 -0.9998036623001099 -0.6710425019264221 -0.9990171194076538 -0.03978139907121658 0.01954689808189869 -1.9819995164871216
-0.03966834768652916 0.9992071986198425 0.0033606160432100296 -0.021637145429849625 -0.019715985283255577 0.0025799465365707874 -0.9998022317886353 -0.6708598136901855 -0.9990183115005493 -0.03972681239247322 0.019598066806793213 -1.9819483757019043
-0.03908020630478859 0.9992329478263855 0.002481773030012846 -0.021845215931534767 -0.01931927166879177 0.001727680442854762 -0.9998118281364441 -0.6708725094795227 -0.9990492463111877 -0.03912085294723511 0.019236989319324493 -1.9816373586654663
-0.03910239785909653 0.9992324113845825 0.0023522309493273497 -0.021724404767155647 -0.019587760791182518 0.0015871167415753007 -0.999806821346283 -0.6707224249839783 -0.9990431666374207 -0.0391409732401371 0.019510718062520027 -1.9819892644882202
-0.03931206464767456 0.9992246627807617 0.002140034455806017 -0.021723750978708267 -0.019470591098070145 0.0013753141975030303 -0.9998094439506531 -0.6706235408782959 -0.9990372061729431 -0.03934629261493683 0.019401483237743378 -1.9820398092269897
-0.039289407432079315 0.9992255568504333 0.0021318101789802313 -0.021736692637205124 -0.019446391612291336 0.0013684779405593872 -0.9998099207878113 -0.670594334602356 -0.999038577079773 -0.03932344540953636 0.01937761902809143 -1.9820486307144165
-0.03909026086330414 0.9992349743843079 0.0011405466357246041 -0.021467192098498344 -0.01869126409292221 0.00041006499668583274 -0.9998251795768738 -0.6712175607681274 -0.9990608096122742 -0.03910479694604874 0.01866098865866661 -1.9812240600585938
-0.03913106024265289 0.9992329478263855 0.001477219513617456 -0.02161904238164425 -0.018763186410069466 0.000743356067687273 -0.9998236298561096 -0.6711011528968811 -0.9990578293800354 -0.03915192931890488 0.018719760701060295 -1.9814387559890747
-0.039149414747953415 0.9992329478263855 0.0008432469912804663 -0.021374410018324852 -0.018440740182995796 0.00012130275717936456 -0.999829888343811 -0.6713173985481262 -0.9990631341934204 -0.03915835916996002 0.018421901389956474 -1.9804637432098389
-0.0388001911342144 0.9992468357086182 0.00039553645183332264 -0.021678678691387177 -0.018480435013771057 -0.0003217675257474184 -0.999829113483429 -0.6710550785064697 -0.9990760087966919 -0.0388009250164032 0.018479054793715477 -1.98086416721344
-0.03880801796913147 0.9992465972900391 0.00026169486227445304 -0.02167596109211445 -0.018431246280670166 -0.000453921384178102 -0.9998299479484558 -0.6710227131843567 -0.9990766048431396 -0.03880629688501358 0.018435031175613403 -1.98072350025177
-0.03904150053858757 0.9992375373840332 5.464929563459009e-05 -0.02152746170759201 -0.018395451828837395 -0.0006640018546022475 -0.9998305439949036 -0.6710233092308044 -0.9990682005882263 -0.039035942405462265 0.01840740256011486 -1.9805856943130493
-0.03904073312878609 0.9992375373840332 6.973253039177507e-05 -0.02151116542518139 -0.01837020367383957 -0.0006479090661741793 -0.9998310208320618 -0.6710197329521179 -0.9990686774253845 -0.03903546929359436 0.018381547182798386 -1.9805024862289429
-0.038914553821086884 0.9992424249649048 -0.0003505846834741533 -0.02152213454246521 -0.018722819164395332 -0.001079880865290761 -0.9998241066932678 -0.6708340048789978 -0.9990670680999756 -0.0389011986553669 0.018750714138150215 -1.9805606603622437
-0.03935564309358597 0.9992251992225647 -0.00012751761823892593 -0.021196000277996063 -0.01878219284117222 -0.0008673019474372268 -0.9998231530189514 -0.6711437702178955 -0.99904865026474 -0.03934634104371071 0.018801826983690262 -1.980853796005249
-0.03919631987810135 0.9992314577102661 0.000288220850052312 -0.021562514826655388 -0.019071228802204132 -0.0004596565559040755 -0.999817967414856 -0.670819103717804 -0.9990494847297668 -0.0391947366297245 0.019074643030762672 -1.9812333583831787
-0.0390254408121109 0.9992380142211914 0.0004976260825060308 -0.021673904731869698 -0.019358674064278603 -0.00025809428188949823 -0.9998125433921814 -0.6707137227058411 -0.9990506172180176 -0.03902781009674072 0.01935405097901821 -1.9814486503601074
-0.03932764753699303 0.9992262721061707 0.00025095828459598124 -0.021443253383040428 -0.018922103568911552 -0.0004935800679959357 -0.9998207688331604 -0.6711232662200928 -0.9990471601486206 -0.039325401186943054 0.01892692968249321 -1.9809197187423706
-0.039199747145175934 0.9992312788963318 0.00027846891316585243 -0.02133718878030777 -0.018986675888299942 -0.0004661621933337301 -0.9998195767402649 -0.6713386178016663 -0.9990509152412415 -0.03919801488518715 0.018990408629179 -1.981235384941101
-0.04001311957836151 0.9991989731788635 0.0005413679755292833 -0.021261844784021378 -0.018234889954328537 -0.00018845747399609536 -0.9998336434364319 -0.6713640689849854 -0.9990326762199402 -0.04001639038324356 0.018227877095341682 -1.9805876016616821
-0.03964913636445999 0.9992130994796753 0.0010367963695898652 -0.021552443504333496 -0.018823998048901558 0.0002905363216996193 -0.999822735786438 -0.6710891127586365 -0.9990363121032715 -0.039661675691604614 0.018797719851136208 -1.9815361499786377
-0.039967045187950134 0.9992004036903381 0.0010535940527915955 -0.021294891834259033 -0.018799949437379837 0.0003023214521817863 -0.9998231530189514 -0.6711354851722717 -0.9990240931510925 -0.03997983783483505 0.01877288706600666 -1.981580138206482
-0.0400506965816021 0.9991971254348755 0.0009710309677757323 -0.021364135667681694 -0.01872687041759491 0.00022106424148660153 -0.999824583530426 -0.6710690259933472 -0.9990220665931702 -0.04006190598011017 0.01870303601026535 -1.9818072319030762
-0.03999403491616249 0.9991995096206665 0.0008738537435419858 -0.02140871249139309 -0.018737128004431725 0.00012447699555195868 -0.9998244047164917 -0.6709118485450745 -0.9990241527557373 -0.04000343754887581 0.01871720515191555 -1.9817054271697998
-0.04004519432783127 0.9991971850395203 0.0010997956851497293 -0.02144068293273449 -0.01859988272190094 0.0003551047993823886 -0.9998269081115723 -0.6707791686058044 -0.9990246891975403 -0.04005877301096916 0.018570786342024803 -1.9811164140701294
-0.04039723053574562 0.999182403087616 0.0015770376194268465 -0.021426096558570862 -0.018614618107676506 0.0008255101274698973 -0.9998263120651245 -0.6707327961921692 -0.9990102648735046 -0.040419623255729675 0.018566103652119637 -1.9810696840286255
-0.04005083814263344 0.9991970062255859 0.0010983787942677736 -0.021644718945026398 -0.01839161477982998 0.0003619343333411962 -0.9998307228088379 -0.6706873178482056 -0.9990283250808716 -0.04006431624293327 0.01836240477859974 -1.9810850620269775
-0.04049565643072128 0.9991791248321533 0.0010291766375303268 -0.02155216597020626 -0.0177234448492527 0.0003115985309705138 -0.9998428225517273 -0.6710655093193054 -0.9990224838256836 -0.040507588535547256 0.017696332186460495 -1.9804831743240356
-0.04017917439341545 0.9991918802261353 0.0010602547554299235 -0.021449286490678787 -0.018008960410952568 0.00033682011417113245 -0.9998376965522766 -0.6712765097618103 -0.9990301132202148 -0.04019180312752724 0.01798092946410179 -1.9808353185653687
-0.040263593196868896 0.9991883635520935 0.001171521027572453 -0.02153528667986393 -0.017601145431399345 0.0004630803596228361 -0.9998449087142944 -0.6713646054267883 -0.9990339875221252 -0.04027802124619484 0.01756826788187027 -1.9805192947387695
-0.04027183726429939 0.9991880655288696 0.001121491426602006 -0.02155936323106289 -0.017558231949806213 0.0004146031860727817 -0.9998456835746765 -0.6712327003479004 -0.9990344047546387 -0.040285367518663406 0.01752733439207077 -1.980147361755371
-0.040253397077322006 0.9991888999938965 0.0010506846010684967 -0.021548684686422348 -0.01708182506263256 0.00036327476846054196 -0.9998539686203003 -0.6710878610610962 -0.9990434050559998 -0.0402655228972435 0.017053401097655296 -1.9799751043319702
-0.03984694182872772 0.9992057085037231 -0.0001241198042407632 -0.021631872281432152 -0.017357436940073967 -0.000816339801531285 -0.9998489618301392 -0.6709743738174438 -0.9990549683570862 -0.039838820695877075 0.017376232892274857 -1.9798784255981445
-0.03952167555689812 0.9992186427116394 0.00016330955259036273 -0.021714331582188606 -0.017969049513339996 -0.0005472609773278236 -0.9998383522033691 -0.670624315738678 -0.9990570545196533 -0.03951827436685562 0.01797669194638729 -1.9804872274398804
-0.04013726860284805 0.9991940855979919 0.00020915565255563706 -0.021316654980182648 -0.017638074234128 -0.0004991728928871453 -0.9998442530632019 -0.6709304451942444 -0.9990384578704834 -0.04013475775718689 0.017643949016928673 -1.980494737625122
-0.0401083305478096 0.9991952776908875 0.00017420804942958057 -0.021277518942952156 -0.01768307574093342 -0.0005354383611120284 -0.999843418598175 -0.6709280610084534 -0.999038815498352 -0.0401051864027977 0.017690375447273254 -1.980472445487976
