# 3x4 first row second row third row Freq: 100 current Time: 2020-10-02-13:38:10
-0.040724948048591614 0.9988011717796326 0.02715969644486904 -0.007649735081940889 -0.009901685640215874 0.02677750587463379 -0.9995923638343811 -0.6527058482170105 -0.9991213083267212 -0.040977299213409424 0.008799329400062561 -1.986649513244629
-0.04131214693188667 0.9987690448760986 0.027451742440462112 -0.007249739021062851 -0.009659988805651665 0.027074676007032394 -0.9995867013931274 -0.6529738306999207 -0.9990995526313782 -0.04156028479337692 0.008529611863195896 -1.9867674112319946
-0.0410606786608696 0.9987785816192627 0.0274825319647789 -0.007311959285289049 -0.009272159077227116 0.027123672887682915 -0.9995890855789185 -0.6531594395637512 -0.9991136193275452 -0.041298653930425644 0.008147144690155983 -1.9867513179779053
-0.04105163365602493 0.9987786412239075 0.02749452367424965 -0.007284120190888643 -0.009295240044593811 0.027134794741868973 -0.9995885491371155 -0.6532319188117981 -0.9991137385368347 -0.04129033908247948 0.008169987238943577 -1.986740231513977
-0.03976673632860184 0.9988527297973633 0.026678137481212616 -0.007645262870937586 -0.009284396655857563 0.026328759267926216 -0.999610185623169 -0.6529934406280518 -0.9991658329963684 -0.03999895229935646 0.00822676345705986 -1.987800121307373
-0.04031979292631149 0.9988253712654114 0.026873238384723663 -0.007448755670338869 -0.008925875648856163 0.026534009724855423 -0.999608039855957 -0.6527174711227417 -0.9991469383239746 -0.04054388403892517 0.00784557219594717 -1.9868193864822388
-0.040172938257455826 0.9988460540771484 0.026318222284317017 -0.007490828167647123 -0.008505886420607567 0.02599669247865677 -0.9996258020401001 -0.6527743339538574 -0.9991565346717834 -0.040381792932748795 0.007451734971255064 -1.9862325191497803
-0.040620919317007065 0.9988235831260681 0.026482973247766495 -0.00761886453256011 -0.008432417176663876 0.026161236688494682 -0.9996221661567688 -0.652624785900116 -0.9991390109062195 -0.04082891345024109 0.007359830662608147 -1.9865680932998657
-0.0408012717962265 0.9988182187080383 0.02640874870121479 -0.007606795988976955 -0.00807520467787981 0.02610028348863125 -0.9996266961097717 -0.6526702642440796 -0.9991346001625061 -0.04099932685494423 0.007000764366239309 -1.9860587120056152
-0.041104912757873535 0.9987919330596924 0.026925377547740936 -0.007640104740858078 -0.008735980838537216 0.02658788487315178 -0.9996082782745361 -0.6525383591651917 -0.9991165995597839 -0.041324056684970856 0.007632561959326267 -1.9858793020248413
-0.04126418009400368 0.9987890124320984 0.02678997814655304 -0.007600026670843363 -0.008463195525109768 0.026462480425834656 -0.9996139407157898 -0.6524999141693115 -0.9991124272346497 -0.04147500917315483 0.0073610213585197926 -1.9857884645462036
-0.03996451944112778 0.9988524317741394 0.026394104585051537 -0.00758002232760191 -0.010121646337211132 0.02600918896496296 -0.999610424041748 -0.6524356603622437 -0.9991497993469238 -0.04021612927317619 0.00907061342149973 -1.9880645275115967
-0.040530528873205185 0.9988179802894592 0.02682941034436226 -0.007413728628307581 -0.010029380209743977 0.026443464681506157 -0.9995999932289124 -0.6524869203567505 -0.9991279244422913 -0.04078342765569687 0.008945785462856293 -1.9876294136047363
-0.04156706854701042 0.9987189769744873 0.028854314237833023 -0.007406147196888924 -0.009972385130822659 0.028463153168559074 -0.9995450973510742 -0.6528213024139404 -0.9990859031677246 -0.041835933923721313 0.008776507340371609 -1.9862408638000488
-0.03982982411980629 0.9988824129104614 0.025444045662879944 -0.0075127617456018925 -0.010935957543551922 0.025026971474289894 -0.9996269345283508 -0.6524303555488586 -0.999146580696106 -0.04009324684739113 0.009926943108439445 -1.987505555152893
-0.039152782410383224 0.9989497661590576 0.02379940263926983 -0.007610714994370937 -0.011161747388541698 0.02337898127734661 -0.9996643662452698 -0.6524658799171448 -0.9991708397865295 -0.03940531238913536 0.01023470051586628 -1.987019419670105
-0.0401775985956192 0.9988815188407898 0.02492709271609783 -0.007666099350899458 -0.0106419762596488 0.02451806701719761 -0.9996427297592163 -0.6527368426322937 -0.9991358518600464 -0.04042854532599449 0.009645024314522743 -1.9867252111434937
-0.04141481965780258 0.998807430267334 0.025854164734482765 -0.007223653607070446 -0.010199141688644886 0.025452427566051483 -0.9996239542961121 -0.6529862880706787 -0.9990899562835693 -0.04166296496987343 0.009132898412644863 -1.9871585369110107
-0.0411350354552269 0.9988294839859009 0.025447286665439606 -0.007557019125670195 -0.010012499056756496 0.02505551278591156 -0.9996358752250671 -0.6530575156211853 -0.9991034269332886 -0.04137487709522247 0.008970146998763084 -1.9871294498443604
-0.0414792075753212 0.9987991452217102 0.026071621105074883 -0.007335062604397535 -0.009683668613433838 0.025691000744700432 -0.9996230006217957 -0.6528410315513611 -0.9990924000740051 -0.041716068983078 0.008606425486505032 -1.9868180751800537
-0.04184742271900177 0.9987756013870239 0.02638310194015503 -0.0073696342296898365 -0.00957844965159893 0.02600400149822235 -0.9996159076690674 -0.6524434089660645 -0.999078094959259 -0.042084090411663055 0.008478549309074879 -1.9866918325424194
-0.04155592992901802 0.9987860918045044 0.026446713134646416 -0.007293667644262314 -0.009898328222334385 0.026056760922074318 -0.9996114373207092 -0.6527308225631714 -0.9990870952606201 -0.04180159047245979 0.008803526870906353 -1.987223505973816
-0.04144725948572159 0.9987877607345581 0.026552386581897736 -0.007774795405566692 -0.009785463102161884 0.02616818994283676 -0.999609649181366 -0.6525239944458008 -0.9990927577018738 -0.04169093444943428 0.008689028210937977 -1.9870920181274414
-0.041916847229003906 0.9987571835517883 0.026962190866470337 -0.007404555566608906 -0.009625595062971115 0.02658100053668022 -0.9996002912521362 -0.6525260210037231 -0.9990746974945068 -0.04215964674949646 0.008499468676745892 -1.9868768453598022
-0.04176102951169014 0.9987881183624268 0.02604251727461815 -0.007401301059871912 -0.009096859954297543 0.02568410523235798 -0.9996286630630493 -0.6527039408683777 -0.9990862011909485 -0.04198245704174042 0.008013268932700157 -1.986336588859558
-0.04159330576658249 0.9988044500350952 0.025682782754302025 -0.007623453624546528 -0.009054324589669704 0.025327196344733238 -0.9996381998062134 -0.6524975895881653 -0.9990935921669006 -0.04181082546710968 0.00799008458852768 -1.9863357543945312
-0.04109485447406769 0.9988008141517639 0.026610195636749268 -0.007806988433003426 -0.008930862881243229 0.026264464482665062 -0.9996151328086853 -0.652500331401825 -0.9991152882575989 -0.041316717863082886 0.007840845733880997 -1.9867217540740967
-0.04109368100762367 0.9988169074058533 0.026000890880823135 -0.007402221206575632 -0.00890315230935812 0.02565581724047661 -0.9996311664581299 -0.652687668800354 -0.9991155862808228 -0.04131004214286804 0.0078383544459939 -1.9868699312210083
-0.04117259383201599 0.998831570148468 0.0253025833517313 -0.007356889545917511 -0.008465146645903587 0.024974457919597626 -0.9996522068977356 -0.6527872085571289 -0.9991161823272705 -0.04137249290943146 0.007427019998431206 -1.9862890243530273
-0.041072435677051544 0.9988290667533875 0.025563880801200867 -0.007538548670709133 -0.00883210264146328 0.025221554562449455 -0.9996428489685059 -0.652507483959198 -0.9991171360015869 -0.04128357768058777 0.007785877678543329 -1.986526608467102
-0.04079462215304375 0.9988580942153931 0.024865182116627693 -0.0075225383043289185 -0.00924085546284914 0.024507686495780945 -0.9996569156646729 -0.6524997353553772 -0.9991247653961182 -0.041010431945323944 0.008230548352003098 -1.9867546558380127
-0.04060160368680954 0.9988504648208618 0.02547924779355526 -0.007607036270201206 -0.009832714684307575 0.02509964257478714 -0.9996365904808044 -0.6523607969284058 -0.9991270303726196 -0.040837403386831284 0.008802353404462337 -1.987646222114563
-0.04107135534286499 0.9988171458244324 0.026025770232081413 -0.00730592105537653 -0.009593877010047436 0.025652341544628143 -0.9996248483657837 -0.6525391936302185 -0.9991101026535034 -0.04130566492676735 0.008528979495167732 -1.9873237609863281
-0.04139859601855278 0.9987841248512268 0.026764463633298874 -0.007117491215467453 -0.009400276467204094 0.026396917179226875 -0.9996073246002197 -0.6529401540756226 -0.9990984797477722 -0.041633959859609604 0.008296079002320766 -1.9872699975967407
-0.042004868388175964 0.9987431764602661 0.02734311670064926 -0.007170785218477249 -0.008937925100326538 0.026990573853254318 -0.9995957016944885 -0.6530506610870361 -0.9990773797035217 -0.04223230481147766 0.007792983204126358 -1.9870684146881104
-0.04279952123761177 0.9987068176269531 0.0274368803948164 -0.007212331984192133 -0.008378876373171806 0.02710229903459549 -0.9995975494384766 -0.6531654596328735 -0.9990485310554504 -0.043012216687202454 0.007208103314042091 -1.98652184009552
-0.04254372417926788 0.9986770749092102 0.028880592435598373 -0.00731470575556159 -0.009273416362702847 0.02851082757115364 -0.999550461769104 -0.6527386903762817 -0.9990515112876892 -0.04279244691133499 0.008048218674957752 -1.9873182773590088
-0.04246363788843155 0.9986814260482788 0.02884753793478012 -0.007319420110434294 -0.009300341829657555 0.02847723849117756 -0.9995511770248413 -0.6526891589164734 -0.9990546703338623 -0.042712897062301636 0.008078859187662601 -1.9873645305633545
-0.04201975837349892 0.9986822009086609 0.02946518547832966 -0.0076156617142260075 -0.010208114050328732 0.02906058542430401 -0.9995254874229431 -0.6523807644844055 -0.9990646243095398 -0.04230063036084175 0.008973570540547371 -1.9882673025131226
-0.04180021584033966 0.9986889958381653 0.0295461043715477 -0.007532704621553421 -0.010520357638597488 0.029130391776561737 -0.9995202422142029 -0.6524611711502075 -0.9990705847740173 -0.04209102690219879 0.009288935922086239 -1.9886420965194702
-0.04102460667490959 0.9987438917160034 0.02876732312142849 -0.007813491858541965 -0.010365884751081467 0.028364600613713264 -0.9995438456535339 -0.6527747511863708 -0.9991043210029602 -0.041304122656583786 0.009189245291054249 -1.988418698310852
-0.04091008007526398 0.9987558722496033 0.028514262288808823 -0.007726613432168961 -0.010478133335709572 0.028107764199376106 -0.999549925327301 -0.6525561809539795 -0.999107837677002 -0.04119047522544861 0.009315232746303082 -1.9880634546279907
-0.04061764478683472 0.9987720847129822 0.02836277335882187 -0.007665276527404785 -0.010635722428560257 0.027952436357736588 -0.9995526671409607 -0.6525241732597351 -0.9991181492805481 -0.04090116173028946 0.009487328119575977 -1.9878958463668823
-0.04123486950993538 0.9987360835075378 0.028738422319293022 -0.0073467460460960865 -0.010162636637687683 0.02834218554198742 -0.9995465874671936 -0.6527374386787415 -0.9990977644920349 -0.0415082611143589 0.008981132879853249 -1.987257719039917
-0.04129249230027199 0.998735785484314 0.028666416183114052 -0.007410057354718447 -0.010133384726941586 0.028270820155739784 -0.9995489120483398 -0.6526814103126526 -0.9990956783294678 -0.04156437888741493 0.00895322859287262 -1.987047553062439
-0.041420042514801025 0.9987302422523499 0.02867378294467926 -0.007472463883459568 -0.01009226031601429 0.028278766199946404 -0.9995490908622742 -0.65257728099823 -0.999090850353241 -0.041690777987241745 0.008908165618777275 -1.9868391752243042
-0.04120923951268196 0.9987360239028931 0.028776338323950768 -0.007532981224358082 -0.010383079759776592 0.028371209278702736 -0.9995434880256653 -0.652425229549408 -0.9990965723991394 -0.041489243507385254 0.009200827218592167 -1.9871623516082764
-0.0412721186876297 0.998738169670105 0.028612172231078148 -0.007431774865835905 -0.01025592815130949 0.028211619704961777 -0.9995493292808533 -0.652719259262085 -0.9990952610969543 -0.04154699295759201 0.009078660979866982 -1.9865546226501465
-0.04131115600466728 0.9987415671348572 0.028436847031116486 -0.007355696056038141 -0.010273465886712074 0.028035065159201622 -0.9995540976524353 -0.6526027321815491 -0.9990934729576111 -0.041584908962249756 0.009102403186261654 -1.9865903854370117
-0.04124170541763306 0.998725414276123 0.029095733538269997 -0.007488249335438013 -0.010657371953129768 0.02867916412651539 -0.9995318055152893 -0.6522665619850159 -0.9990923404693604 -0.04153250902891159 0.009461037814617157 -1.986682415008545
-0.041244350373744965 0.9987395405769348 0.028604744002223015 -0.0076148491352796555 -0.010708032175898552 0.0281856469810009 -0.9995453357696533 -0.6525458693504333 -0.9990916848182678 -0.04153192415833473 0.009532063268125057 -1.9864201545715332
-0.04112096503376961 0.9987401366233826 0.02876000851392746 -0.007620973512530327 -0.010910934768617153 0.02833380363881588 -0.9995389580726624 -0.6523863077163696 -0.999094545841217 -0.04141583293676376 0.00973210297524929 -1.9867223501205444
-0.0415341891348362 0.998712956905365 0.02910776250064373 -0.007393971551209688 -0.010700829327106476 0.028686612844467163 -0.9995311498641968 -0.6525603532791138 -0.9990797638893127 -0.04182622209191322 0.009495609439909458 -1.9863433837890625
-0.041528984904289246 0.9987125992774963 0.029127657413482666 -0.00738690746948123 -0.010694311931729317 0.02870684675872326 -0.9995306134223938 -0.6525750756263733 -0.9990800619125366 -0.04182102158665657 0.009488404728472233 -1.9862967729568481
-0.04291659966111183 0.9986202716827393 0.030259374529123306 -0.007128600496798754 -0.009997069835662842 0.029856549575924873 -0.9995041489601135 -0.6526687741279602 -0.9990286231040955 -0.04319785535335541 0.008701962418854237 -1.9859198331832886
-0.04199017584323883 0.9986571669578552 0.030342428013682365 -0.007545160129666328 -0.010844686068594456 0.029911888763308525 -0.9994936585426331 -0.6523103713989258 -0.9990591406822205 -0.04229800030589104 0.009574145078659058 -1.9874706268310547
-0.04165320470929146 0.9986723065376282 0.030308136716485023 -0.0075914631597697735 -0.010865260846912861 0.029879938811063766 -0.9994944334030151 -0.6523715853691101 -0.9990730285644531 -0.04196147993206978 0.00960626732558012 -1.987465262413025
-0.04186581075191498 0.9986620545387268 0.03035266511142254 -0.007431077305227518 -0.010943501256406307 0.029919156804680824 -0.9994924068450928 -0.6525171399116516 -0.99906325340271 -0.042176753282547 0.009676297195255756 -1.9875848293304443
-0.04118313640356064 0.9987231492996216 0.029257701709866524 -0.007716151420027018 -0.010686425492167473 0.02884061075747013 -0.999526858329773 -0.6527921557426453 -0.9990944266319275 -0.04147633910179138 0.009485061280429363 -1.9871643781661987
-0.04100241884589195 0.9987325072288513 0.029191788285970688 -0.007422962691634893 -0.010416398756206036 0.0287875235080719 -0.9995312690734863 -0.652770459651947 -0.9991047382354736 -0.04128729924559593 0.009222865104675293 -1.986872911453247
-0.041410040110349655 0.9987200498580933 0.02904188632965088 -0.0071878256276249886 -0.010173310525715351 0.028643878176808357 -0.9995378851890564 -0.6526265740394592 -0.9990904331207275 -0.04168638214468956 0.008974172174930573 -1.9864528179168701
-0.041635919362306595 0.9986926913261414 0.02965237945318222 -0.007321073208004236 -0.010356410406529903 0.02924516424536705 -0.9995185732841492 -0.6524001359939575 -0.999079167842865 -0.04192299395799637 0.009125249460339546 -1.9865660667419434
-0.04203532636165619 0.9986691474914551 0.02988222986459732 -0.007383009884506464 -0.01002706028521061 0.029485510662198067 -0.9995148777961731 -0.6523218154907227 -0.9990657567977905 -0.042314592748880386 0.008774309419095516 -1.9863864183425903
-0.042148806154727936 0.9986718893051147 0.02962980419397354 -0.0071540893986821175 -0.009822745807468891 0.029240548610687256 -0.9995241165161133 -0.652589738368988 -0.9990630149841309 -0.04241982102394104 0.008577273227274418 -1.9858129024505615
-0.04201601818203926 0.9986853003501892 0.029364870861172676 -0.007474563550204039 -0.009695190005004406 0.028981931507587433 -0.9995328783988953 -0.6525037288665771 -0.99906986951828 -0.04228111729025841 0.00846476573497057 -1.9856401681900024
-0.041310422122478485 0.9987086057662964 0.029572051018476486 -0.007507647853344679 -0.01004452258348465 0.029180731624364853 -0.9995236396789551 -0.6523829698562622 -0.9990958571434021 -0.04158781096339226 0.008826109580695629 -1.9869588613510132
-0.04156073182821274 0.9986801147460938 0.030177252367138863 -0.007275328040122986 -0.010757027193903923 0.02975437231361866 -0.9994993209838867 -0.6530131101608276 -0.9990780353546143 -0.04186457023024559 0.009506243281066418 -1.9872121810913086
-0.04166937619447708 0.9986603260040283 0.030678732320666313 -0.007420586422085762 -0.010760962031781673 0.030255066230893135 -0.9994842410087585 -0.6525945067405701 -0.9990734457969666 -0.04197804629802704 0.009485863149166107 -1.987088680267334
-0.042386528104543686 0.9985934495925903 0.03185126930475235 -0.007278349716216326 -0.010533427819609642 0.03143152594566345 -0.9994503855705261 -0.6523297429084778 -0.999045729637146 -0.04269876331090927 0.009186365641653538 -1.9855352640151978
-0.04192711040377617 0.9986119270324707 0.03187903016805649 -0.007421850226819515 -0.011315223760902882 0.031430479139089584 -0.9994418621063232 -0.652266800403595 -0.9990565776824951 -0.04226445406675339 0.009981755167245865 -1.9866613149642944
-0.04119466617703438 0.9987161755561829 0.029478680342435837 -0.007533394731581211 -0.01098579727113247 0.0290492232888937 -0.999517560005188 -0.652209460735321 -0.9990907311439514 -0.04149866849184036 0.009775047190487385 -1.9866609573364258
-0.041534196585416794 0.9986688494682312 0.030584055930376053 -0.007375164423137903 -0.011522283777594566 0.030129704624414444 -0.9994795322418213 -0.6523732542991638 -0.9990705847740173 -0.04186500608921051 0.010255560278892517 -1.9872411489486694
-0.04063216969370842 0.9987450242042542 0.02928129956126213 -0.007560842204838991 -0.011639363132417202 0.02883041836321354 -0.9995165467262268 -0.6523193717002869 -0.9991063475608826 -0.040953367948532104 0.010453340597450733 -1.9873437881469727
-0.03955134004354477 0.9988242387771606 0.02803233452141285 -0.0076073454692959785 -0.012106314301490784 0.027573246508836746 -0.999546468257904 -0.6528594493865967 -0.9991441965103149 -0.039872799068689346 0.011001547798514366 -1.9882935285568237
-0.03950037062168121 0.9988291263580322 0.02792816050350666 -0.007581037934869528 -0.012398980557918549 0.027457892894744873 -0.9995460510253906 -0.6527149081230164 -0.999142587184906 -0.039828747510910034 0.01129989419132471 -1.9885636568069458
-0.03925219178199768 0.9988652467727661 0.026969872415065765 -0.007745077367872 -0.012229044921696186 0.02650846540927887 -0.9995737671852112 -0.6528081297874451 -0.9991544485092163 -0.0395653061568737 0.011174679733812809 -1.9885339736938477
-0.039159175008535385 0.9989076256752014 0.02549588494002819 -0.007797067053616047 -0.011888084001839161 0.025047942996025085 -0.9996155500411987 -0.6525401473045349 -0.9991622567176819 -0.03944724425673485 0.01089426875114441 -1.9879134893417358
-0.040286362171173096 0.9988694190979004 0.02523656003177166 -0.006984952371567488 -0.010821586474776268 0.024819431826472282 -0.9996333718299866 -0.6531566977500916 -0.9991295337677002 -0.040544718503952026 0.009809494018554688 -1.9860107898712158
-0.04019378870725632 0.9988477230072021 0.0262236837297678 -0.00763625418767333 -0.011287668719887733 0.02578933909535408 -0.9996036291122437 -0.6524932384490967 -0.9991281032562256 -0.04047388955950737 0.010238118469715118 -1.9865784645080566
-0.04107819125056267 0.9988080263137817 0.026364080607891083 -0.007284884341061115 -0.010552141815423965 0.02595123089849949 -0.999607503414154 -0.6528246998786926 -0.9991002082824707 -0.04134029150009155 0.009473561309278011 -1.9859392642974854
-0.04110348969697952 0.9988011121749878 0.02658507041633129 -0.007508950307965279 -0.010052362456917763 0.02619284577667713 -0.9996063113212585 -0.6528317332267761 -0.9991043210029602 -0.04135458171367645 0.008963720872998238 -1.9857022762298584
-0.04143671318888664 0.9987814426422119 0.026806022971868515 -0.007244903594255447 -0.010330701246857643 0.02639937400817871 -0.9995980858802795 -0.6526636481285095 -0.9990876913070679 -0.04169701039791107 0.009224236011505127 -1.9860447645187378
-0.042006731033325195 0.9987502098083496 0.027080874890089035 -0.0071593704633414745 -0.010178381577134132 0.026675639674067497 -0.9995923042297363 -0.6526797413825989 -0.9990654587745667 -0.04226527363061905 0.009045131504535675 -1.9860055446624756
-0.04266906902194023 0.9986947178840637 0.028074299916625023 -0.007310871034860611 -0.009802254848182201 0.02768009714782238 -0.99956876039505 -0.652514636516571 -0.9990411400794983 -0.0429258868098259 0.00860840268433094 -1.9865773916244507
-0.04266209900379181 0.9986757636070251 0.028750520199537277 -0.0074357944540679455 -0.010126480832695961 0.028343036770820618 -0.9995469450950623 -0.6523966193199158 -0.9990382194519043 -0.04293393716216087 0.00890392530709505 -1.9867496490478516
-0.04254438355565071 0.998654842376709 0.0296392310410738 -0.007323780562728643 -0.010321546345949173 0.02922520600259304 -0.9995195269584656 -0.6523043513298035 -0.9990412592887878 -0.04282989352941513 0.009064321406185627 -1.9866911172866821
-0.0420503169298172 0.9986787438392639 0.029537498950958252 -0.007558771409094334 -0.010213866829872131 0.02913244068622589 -0.9995233416557312 -0.6526475548744202 -0.99906325340271 -0.0423319935798645 0.008975370787084103 -1.9864344596862793
-0.041879769414663315 0.9986796975135803 0.02974795363843441 -0.007529736030846834 -0.01023006159812212 0.029343921691179276 -0.999517023563385 -0.6526092290878296 -0.9990702271461487 -0.04216389358043671 0.008987665176391602 -1.9862116575241089
-0.04083475470542908 0.9987773895263672 0.027861109003424644 -0.007843391969799995 -0.009793798439204693 0.027482949197292328 -0.9995742440223694 -0.6524189114570618 -0.999117910861969 -0.041090261191129684 0.008659591898322105 -1.986881971359253
-0.04179299995303154 0.9987523555755615 0.027332277968525887 -0.007220820058137178 -0.009152805432677269 0.026972344145178795 -0.9995942711830139 -0.652283251285553 -0.9990843534469604 -0.04202623665332794 0.008014158345758915 -1.9859216213226318
-0.04116259887814522 0.9987344145774841 0.028899144381284714 -0.007501248270273209 -0.01054410357028246 0.02848786488175392 -0.9995384812355042 -0.6523873805999756 -0.9990968108177185 -0.04144834727048874 0.009358151815831661 -1.987174153327942
-0.0411728173494339 0.998721182346344 0.02933889999985695 -0.007411068771034479 -0.010732942260801792 0.028920041397213936 -0.9995240569114685 -0.6525601148605347 -0.9990943670272827 -0.041468143463134766 0.009528524242341518 -1.987504482269287
-0.04017213359475136 0.9988055229187012 0.027815483510494232 -0.007850822992622852 -0.01084107719361782 0.027400650084018707 -0.9995657205581665 -0.6522902846336365 -0.9991339445114136 -0.04045626521110535 0.009727411903440952 -1.9873939752578735
-0.0404997244477272 0.9988169074058533 0.026916751638054848 -0.007118174806237221 -0.009639452211558819 0.026547051966190338 -0.9996010661125183 -0.6530973315238953 -0.9991330504417419 -0.040743060410022736 0.00855292659252882 -1.9861299991607666
-0.041154541075229645 0.9987538456916809 0.028231436386704445 -0.007536534685641527 -0.010195115581154823 0.02783416584134102 -0.999560534954071 -0.6522387266159058 -0.9991007447242737 -0.041424304246902466 0.009036935865879059 -1.98691987991333
-0.041076429188251495 0.9987522959709167 0.028400160372257233 -0.0075884005054831505 -0.010515168309211731 0.027990486472845078 -0.999552845954895 -0.6520975828170776 -0.9991006255149841 -0.04135672375559807 0.009352326393127441 -1.987365961074829
-0.03997298702597618 0.9988532662391663 0.026349442079663277 -0.0075813583098351955 -0.01004005130380392 0.02596770040690899 -0.9996123313903809 -0.6526821851730347 -0.999150276184082 -0.04022206738591194 0.008990558795630932 -1.9866058826446533
-0.03912365436553955 0.9989069104194641 0.025578148663043976 -0.007437566760927439 -0.010243999771773815 0.025195470079779625 -0.9996300339698792 -0.6530968546867371 -0.999181866645813 -0.03937122970819473 0.009247091598808765 -1.987587571144104
-0.03903685510158539 0.9989109039306641 0.025555439293384552 -0.007543792016804218 -0.011045335792005062 0.025142034515738487 -0.9996228218078613 -0.6523155570030212 -0.9991766810417175 -0.039304427802562714 0.010051867924630642 -1.9878729581832886
-0.03993937000632286 0.99886155128479 0.026083512231707573 -0.007337905466556549 -0.01048497948795557 0.025683974847197533 -0.9996150732040405 -0.6526800394058228 -0.9991470575332642 -0.04019751027226448 0.009447268210351467 -1.9872924089431763
-0.0396188385784626 0.9988397359848022 0.027376027777791023 -0.007492220029234886 -0.011514960788190365 0.026939349249005318 -0.9995707273483276 -0.6527998447418213 -0.9991484880447388 -0.03991709277033806 0.01043432205915451 -1.988381266593933
-0.039296407252550125 0.9988858699798584 0.026130687445402145 -0.0077249277383089066 -0.011189662851393223 0.025709370151162148 -0.9996067881584167 -0.6525997519493103 -0.9991649389266968 -0.03957337513566017 0.010166937485337257 -1.9876291751861572
-0.03901742026209831 0.9989164471626282 0.02536807209253311 -0.007706189062446356 -0.010297033935785294 0.024984141811728477 -0.9996348023414612 -0.6528006196022034 -0.9991854429244995 -0.039264414459466934 0.009311086498200893 -1.9864561557769775
-0.03907015174627304 0.9989246129989624 0.024962078779935837 -0.0078046889975667 -0.010161316022276878 0.024582702666521072 -0.9996461272239685 -0.6525805592536926 -0.999184787273407 -0.03931000083684921 0.009189966134727001 -1.986851692199707
-0.03983701765537262 0.9988902807235718 0.02512325346469879 -0.007575566414743662 -0.009932153858244419 0.024746140465140343 -0.99964439868927 -0.65288907289505 -0.9991567730903625 -0.04007240757346153 0.008935346268117428 -1.9869791269302368
-0.04062242805957794 0.9988253712654114 0.026413392275571823 -0.007481778506189585 -0.00987599603831768 0.026032570749521255 -0.9996122717857361 -0.6524772644042969 -0.9991257190704346 -0.04086756333708763 0.008806915953755379 -1.9870896339416504
-0.04086394980549812 0.9988182187080383 0.026311632245779037 -0.007373839616775513 -0.009707155637443066 0.025935545563697815 -0.9996164441108704 -0.6525378227233887 -0.9991175532341003 -0.04110371321439743 0.008635882288217545 -1.9866410493850708
-0.04188648983836174 0.9987624883651733 0.026813406497240067 -0.007184869144111872 -0.008972257375717163 0.026459893211722374 -0.9996095895767212 -0.6526427268981934 -0.999082088470459 -0.04211074113845825 0.007852870039641857 -1.9860445261001587
-0.04304424300789833 0.998669445514679 0.02839868888258934 -0.007326959632337093 -0.008460193872451782 0.028059689328074455 -0.9995704293251038 -0.652508556842804 -0.9990373253822327 -0.043266039341688156 0.007241155952215195 -1.9860285520553589
-0.0430089496076107 0.9986567497253418 0.028894422575831413 -0.0073796967044472694 -0.00868056621402502 0.028546588495373726 -0.9995547533035278 -0.6524046659469604 -0.999036967754364 -0.04324064776301384 0.007441174238920212 -1.9861228466033936
-0.0431804284453392 0.99863600730896 0.029351819306612015 -0.00735984044149518 -0.008673901669681072 0.029003409668803215 -0.9995416402816772 -0.6524136066436768 -0.9990296363830566 -0.04341525956988335 0.007409717887639999 -1.9861772060394287
-0.04302246868610382 0.9986292123794556 0.029810940846800804 -0.007551648188382387 -0.009056410752236843 0.02944755181670189 -0.999525249004364 -0.6522796750068665 -0.9990330338478088 -0.043272051960229874 0.007777117192745209 -1.9864779710769653
-0.042777299880981445 0.9986472129821777 0.029559988528490067 -0.007519012317061424 -0.009021667763590813 0.029199786484241486 -0.9995328783988953 -0.6527702212333679 -0.999043881893158 -0.04302402213215828 0.0077604022808372974 -1.986411452293396
-0.04313002899289131 0.9986177086830139 0.030040716752409935 -0.007449814584106207 -0.008838802576065063 0.02968614548444748 -0.9995201826095581 -0.6527398824691772 -0.999030351638794 -0.043374884873628616 0.007546247914433479 -1.9860811233520508
-0.043168872594833374 0.9986154437065125 0.03006010316312313 -0.007468712516129017 -0.008854006417095661 0.02970459684729576 -0.9995194673538208 -0.652778685092926 -0.9990285038948059 -0.04341430962085724 0.007559461053460836 -1.9860388040542603
-0.0423084981739521 0.9986539483070374 0.03000432439148426 -0.007176078390330076 -0.009155048057436943 0.02964247204363346 -0.999518632888794 -0.6526265740394592 -0.9990625977516174 -0.04256284981966019 0.007888623513281345 -1.9866831302642822
-0.042334023863077164 0.9986528754234314 0.030003122985363007 -0.007156531326472759 -0.009149161167442799 0.029641319066286087 -0.9995186924934387 -0.6526370644569397 -0.9990615844726562 -0.04258817806839943 0.007882026955485344 -1.986710786819458
-0.04110340029001236 0.9987426996231079 0.028696568682789803 -0.007664898876100779 -0.010012744925916195 0.028307689353823662 -0.9995490908622742 -0.6526151299476624 -0.9991046786308289 -0.04137222468852997 0.008836640976369381 -1.9871044158935547
-0.04099810868501663 0.9987762570381165 0.027660945430397987 -0.007708861026912928 -0.009164107963442802 0.02730720117688179 -0.9995850324630737 -0.6525844931602478 -0.9991171956062317 -0.041234612464904785 0.008033376187086105 -1.985886812210083
-0.040588248521089554 0.9988148212432861 0.02685948833823204 -0.00741735240444541 -0.009903116151690483 0.02647821046411991 -0.9996002912521362 -0.6526071429252625 -0.9991268515586853 -0.04083804786205292 0.008816702291369438 -1.9862345457077026
-0.040305864065885544 0.9988366961479187 0.026470398530364037 -0.007786714471876621 -0.009967675432562828 0.026088694110512733 -0.9996098875999451 -0.6522904634475708 -0.9991376399993896 -0.04055401682853699 0.008904579095542431 -1.986500859260559
-0.03910314291715622 0.9989336133003235 0.024547001346945763 -0.007700537331402302 -0.010535201989114285 0.024152299389243126 -0.9996527433395386 -0.6522904634475708 -0.9991796016693115 -0.03934819996356964 0.009579564444720745 -1.9871845245361328
-0.039407823234796524 0.9989265203475952 0.024345872923731804 -0.00716840336099267 -0.010354090481996536 0.023955289274454117 -0.9996593594551086 -0.6529227495193481 -0.9991695284843445 -0.03964650630950928 0.009398977272212505 -1.9874119758605957
-0.039199359714984894 0.9989223480224609 0.024848876520991325 -0.007499479688704014 -0.01108932588249445 0.024431591853499413 -0.9996399879455566 -0.6526315808296204 -0.9991698265075684 -0.03946083039045334 0.01011970080435276 -1.987840175628662
-0.04026976227760315 0.9988620281219482 0.025551827624440193 -0.0073868040926754475 -0.010504848323762417 0.025147950276732445 -0.9996285438537598 -0.6526579856872559 -0.9991335868835449 -0.04052324965596199 0.009480220265686512 -1.9866045713424683
-0.04006793349981308 0.998869776725769 0.025567634031176567 -0.007452307268977165 -0.010913090780377388 0.025149209424853325 -0.9996241331100464 -0.6527132987976074 -0.9991373419761658 -0.040331922471523285 0.009893106296658516 -1.9869792461395264
-0.03896186873316765 0.9989501237869263 0.024095457047224045 -0.007761508692055941 -0.010509329847991467 0.02370280586183071 -0.999663770198822 -0.6525282263755798 -0.9991853833198547 -0.039202023297548294 0.009574818424880505 -1.9869396686553955
-0.03921239450573921 0.9989194869995117 0.024943584576249123 -0.0075017488561570644 -0.010945221409201622 0.024531926959753036 -0.999639093875885 -0.6526122689247131 -0.9991708993911743 -0.03947128355503082 0.009971466846764088 -1.9874924421310425
-0.03911623731255531 0.9989292025566101 0.024703867733478546 -0.007611619308590889 -0.011307260021567345 0.024278730154037476 -0.9996412396430969 -0.6525052189826965 -0.9991706609725952 -0.039381563663482666 0.010345486924052238 -1.9879430532455444
-0.04068320617079735 0.9988228678703308 0.026413606479763985 -0.007332325913012028 -0.01042246725410223 0.026009857654571533 -0.9996073246002197 -0.6526766419410706 -0.9991177320480347 -0.04094255343079567 0.00935206189751625 -1.9865379333496094
-0.04083412513136864 0.998797595500946 0.02712666615843773 -0.007703729905188084 -0.010295412503182888 0.02672729641199112 -0.999589741230011 -0.6524972319602966 -0.9991128444671631 -0.041096679866313934 0.00919167511165142 -1.9868497848510742
-0.039812054485082626 0.9988821148872375 0.025483515113592148 -0.007697104010730982 -0.010920138098299503 0.02506728284060955 -0.999626100063324 -0.6525502800941467 -0.9991474747657776 -0.040075480937957764 0.00990997813642025 -1.9871766567230225
-0.040357816964387894 0.9988803863525391 0.02468167617917061 -0.007359385024756193 -0.009631311520934105 0.02431178279221058 -0.9996579885482788 -0.6531685590744019 -0.9991388320922852 -0.04058175906538963 0.008639384992420673 -1.9858559370040894
-0.04053853824734688 0.9988805651664734 0.024375297129154205 -0.007414469961076975 -0.009948134422302246 0.023990673944354057 -0.9996626377105713 -0.6525068283081055 -0.9991284012794495 -0.040767379105091095 0.008964478969573975 -1.9864948987960815
-0.041138656437397 0.9988195300102234 0.02582775428891182 -0.007320573553442955 -0.009732799604535103 0.025447838008403778 -0.9996287226676941 -0.6525916457176208 -0.9991059899330139 -0.04137478768825531 0.008674448356032372 -1.986457109451294
-0.04168248176574707 0.9987714290618896 0.0267991591244936 -0.0073617734014987946 -0.009399253875017166 0.026429327204823494 -0.9996064901351929 -0.6524590253829956 -0.9990866780281067 -0.04191799834370613 0.008286094292998314 -1.985534906387329
-0.04066862165927887 0.9987989664077759 0.027324631810188293 -0.007310064043849707 -0.01040491834282875 0.026922455057501793 -0.99958336353302 -0.6524834632873535 -0.9991185069084167 -0.04093601554632187 0.009297550655901432 -1.9868677854537964
-0.04089011624455452 0.9987874031066895 0.027416439726948738 -0.007392312400043011 -0.010019809938967228 0.02702813595533371 -0.999584436416626 -0.6522648930549622 -0.9991133809089661 -0.0411478616297245 0.008902504108846188 -1.9858278036117554
-0.04067278653383255 0.9987883567810059 0.027704061940312386 -0.007617211900651455 -0.010347622446715832 0.02730449102818966 -0.9995735883712769 -0.6521024703979492 -0.9991189241409302 -0.04094214364886284 0.009224561974406242 -1.9860986471176147
-0.04049743711948395 0.9988004565238953 0.0275227390229702 -0.007643066346645355 -0.010863671079277992 0.027103589847683907 -0.9995735883712769 -0.6519729495048523 -0.9991205334663391 -0.04077919200062752 0.00975304190069437 -1.9865984916687012
-0.04133105278015137 0.9987316131591797 0.028754161670804024 -0.007133839651942253 -0.010752343572676182 0.028332510963082314 -0.9995406866073608 -0.6526103019714355 -0.9990876317024231 -0.04162127152085304 0.00956772081553936 -1.9866667985916138
-0.04100921377539635 0.9987137913703918 0.02981509082019329 -0.007560542784631252 -0.011324416846036911 0.029373714700341225 -0.9995043277740479 -0.652344286441803 -0.999094545841217 -0.041326552629470825 0.010105284862220287 -1.986883521080017
-0.040983352810144424 0.9987155199050903 0.02979288250207901 -0.007449644152075052 -0.011153975501656532 0.029358794912695885 -0.9995066523551941 -0.6523157358169556 -0.9990975260734558 -0.04129547253251076 0.009936453774571419 -1.9863296747207642
-0.04102637246251106 0.998710036277771 0.029917065054178238 -0.007626498583704233 -0.011395447887480259 0.029472656548023224 -0.9995006322860718 -0.6521098613739014 -0.9990930557250977 -0.04134682938456535 0.01017161924391985 -1.9867287874221802
-0.040876273065805435 0.9987472891807556 0.028860382735729218 -0.007677295245230198 -0.010748914442956448 0.028443319723010063 -0.9995375871658325 -0.6524258255958557 -0.9991063475608826 -0.041167616844177246 0.00957281980663538 -1.985860824584961
-0.04109913483262062 0.9987402558326721 0.028788188472390175 -0.00741445692256093 -0.010780003853142262 0.028367644175887108 -0.9995393753051758 -0.6523410081863403 -0.9990968704223633 -0.041390568017959595 0.00960056483745575 -1.9857984781265259
-0.0409603975713253 0.9987424612045288 0.02890896424651146 -0.007539565209299326 -0.011151982471346855 0.028474487364292145 -0.9995322823524475 -0.6521952152252197 -0.9990984797477722 -0.04126365855336189 0.009971658699214458 -1.9860196113586426
-0.04093846678733826 0.9987427592277527 0.02892890013754368 -0.007557758130133152 -0.01114555262029171 0.028494924306869507 -0.9995317459106445 -0.6521800756454468 -0.9990994930267334 -0.041241757571697235 0.009965028613805771 -1.9860177040100098
-0.04041672870516777 0.9987820386886597 0.028299177065491676 -0.007833746261894703 -0.011114513501524925 0.02787119336426258 -0.9995496869087219 -0.6522502303123474 -0.9991210699081421 -0.04071308672428131 0.009974542073905468 -1.9858782291412354
-0.040294233709573746 0.9987969398498535 0.027946986258029938 -0.0075727710500359535 -0.011386933736503124 0.027508890256285667 -0.9995566606521606 -0.6522337794303894 -0.9991229176521301 -0.04059462621808052 0.010264812037348747 -1.9860870838165283
-0.04066821187734604 0.9987594485282898 0.028733357787132263 -0.007422213908284903 -0.011484714224934578 0.028288019821047783 -0.9995338320732117 -0.652146577835083 -0.9991066455841064 -0.04097927734255791 0.010320071130990982 -1.986164927482605
-0.040679268538951874 0.9987651705741882 0.028518235310912132 -0.007456053514033556 -0.011548724956810474 0.028069987893104553 -0.9995391964912415 -0.6521597504615784 -0.9991055130958557 -0.04098990187048912 0.010392624884843826 -1.9861804246902466
-0.04027348384261131 0.9988165497779846 0.027266841381788254 -0.007700668647885323 -0.011357706040143967 0.026829630136489868 -0.9995754957199097 -0.6520323753356934 -0.9991241097450256 -0.040566105395555496 0.010263769887387753 -1.9867041110992432
-0.040788378566503525 0.9987733960151672 0.028070615604519844 -0.007335714064538479 -0.011237525381147861 0.027633683755993843 -0.9995549321174622 -0.652414858341217 -0.9991045594215393 -0.04108569771051407 0.010096635669469833 -1.9866949319839478
-0.04065545275807381 0.998787522315979 0.02775944583117962 -0.007375702727586031 -0.011144326068460941 0.027327436953783035 -0.9995644092559814 -0.6525081992149353 -0.9991110563278198 -0.04094713181257248 0.010019832290709019 -1.9867563247680664
-0.04047983139753342 0.9987973570823669 0.027662096545100212 -0.007370152045041323 -0.010730245150625706 0.027248671278357506 -0.9995710849761963 -0.6529756188392639 -0.9991227388381958 -0.04075931757688522 0.00961434654891491 -1.9864814281463623
-0.040925025939941406 0.9987796545028687 0.027646057307720184 -0.007102430332452059 -0.010628550313413143 0.02723252773284912 -0.9995725750923157 -0.6530125141143799 -0.9991056323051453 -0.041201401501894 0.00950111448764801 -1.9862697124481201
-0.04094012454152107 0.9987666606903076 0.028089988976716995 -0.007498933933675289 -0.010611695237457752 0.02767736278474331 -0.999560534954071 -0.6522465348243713 -0.9991052150726318 -0.04122024402022362 0.009465520270168781 -1.9859843254089355
-0.04027190059423447 0.998825192451477 0.026950756087899208 -0.007789787836372852 -0.010359213687479496 0.026553843170404434 -0.9995936751365662 -0.6522520780563354 -0.9991350173950195 -0.04053475335240364 0.00927769672125578 -1.9855064153671265
-0.03997600078582764 0.9988611340522766 0.02604346163570881 -0.007831470109522343 -0.010507460683584213 0.02564264088869095 -0.9996159076690674 -0.6521350741386414 -0.9991453886032104 -0.04023432731628418 0.009470431134104729 -1.9857239723205566
-0.04030034318566322 0.998857855796814 0.025667767971754074 -0.007479674182832241 -0.010506276972591877 0.025263631716370583 -0.999625563621521 -0.652321994304657 -0.9991323351860046 -0.0405549518764019 0.009476171806454659 -1.9857697486877441
