# 3x4 first row second row third row Freq: 100 current Time: 2020-10-02-13:19:42
-0.04010191187262535 0.9991815090179443 0.005292853806167841 -0.021489648148417473 -0.02001689001917839 0.0044927517883479595 -0.9997894763946533 -0.6709723472595215 -0.9989950060844421 -0.04019946977496147 0.01982039213180542 -1.982023000717163
-0.03991096839308739 0.9991888403892517 0.005352853797376156 -0.021513529121875763 -0.020419718697667122 0.004540444817394018 -0.9997811317443848 -0.6708734035491943 -0.9989945292472839 -0.04001158848404884 0.020221997052431107 -1.982647180557251
-0.03984943404793739 0.9991907477378845 0.0054585435427725315 -0.021503347903490067 -0.020485075190663338 0.0046448297798633575 -0.9997793436050415 -0.6709338426589966 -0.9989956617355347 -0.039952509105205536 0.02028345689177513 -1.982936143875122
-0.03956596925854683 0.9992011785507202 0.005602519027888775 -0.02146908827126026 -0.020794738084077835 0.004782349802553654 -0.9997722506523132 -0.6708861589431763 -0.9990004897117615 -0.039673514664173126 0.020588964223861694 -1.9834544658660889
-0.03881080821156502 0.999236524105072 0.0044663748703897 -0.021744515746831894 -0.020326705649495125 0.0036793851759284735 -0.9997865557670593 -0.6710425019264221 -0.9990397691726685 -0.03889336436986923 0.020168442279100418 -1.9825952053070068
-0.03906191885471344 0.9992266297340393 0.004491565749049187 -0.02132570371031761 -0.02032201923429966 0.003699701512232423 -0.9997866153717041 -0.6711829900741577 -0.9990300536155701 -0.039144910871982574 0.020161839202046394 -1.9823286533355713
-0.03917890414595604 0.9992220401763916 0.004503360018134117 -0.021355794742703438 -0.020184073597192764 0.0037145616952329874 -0.9997893571853638 -0.671014666557312 -0.9990282654762268 -0.039261601865291595 0.020022893324494362 -1.982033610343933
-0.039029184728860855 0.9992305636405945 0.003865886479616165 -0.02143242210149765 -0.019787365570664406 0.0030952580273151398 -0.999799370765686 -0.6712417602539062 -0.9990420937538147 -0.03909790515899658 0.019651388749480247 -1.9815317392349243
-0.03868763893842697 0.9992466568946838 0.0030435852240771055 -0.021721381694078445 -0.019679434597492218 0.002283407375216484 -0.9998036623001099 -0.6711145043373108 -0.9990574717521667 -0.03873999044299126 0.01957632414996624 -1.9814850091934204
-0.03941700607538223 0.9992173314094543 0.0033045760355889797 -0.021348701789975166 -0.0193612203001976 0.002542824950069189 -0.9998092651367188 -0.6709592342376709 -0.9990351796150208 -0.0394735224545002 0.01924588903784752 -1.9812474250793457
-0.039522022008895874 0.9992135763168335 0.003191178198903799 -0.021422026678919792 -0.019326863810420036 0.002428696257993579 -0.9998102188110352 -0.6709807515144348 -0.9990317225456238 -0.039576251059770584 0.01921573095023632 -1.9811891317367554
-0.039486706256866455 0.9992141723632812 0.0034207466524094343 -0.021447528153657913 -0.019654734060168266 0.0026461025699973106 -0.9998032450675964 -0.6707479357719421 -0.9990267157554626 -0.03954622521996498 0.01953485794365406 -1.9816710948944092
-0.04008203744888306 0.9991902112960815 0.0034959856420755386 -0.02123350091278553 -0.019347380846738815 0.002722090343013406 -0.9998090863227844 -0.6710506081581116 -0.9990090131759644 -0.04014207422733307 0.01922265999019146 -1.981268286705017
-0.04016568511724472 0.9991867542266846 0.003521823789924383 -0.021151382476091385 -0.019082320854067802 0.002757007023319602 -0.9998140931129456 -0.6715592741966248 -0.9990107417106628 -0.040225476026535034 0.018956119194626808 -1.9811739921569824
-0.039432838559150696 0.9992189407348633 0.0025292672216892242 -0.02143852785229683 -0.018989726901054382 0.0017814298626035452 -0.9998180270195007 -0.6715487241744995 -0.999041736125946 -0.039473745971918106 0.018904702737927437 -1.9812601804733276
-0.039148490875959396 0.9992315173149109 0.0019270434277132154 -0.021647674962878227 -0.018955186009407043 0.0011855904012918472 -0.9998195767402649 -0.6715313792228699 -0.9990535378456116 -0.03917800635099411 0.0188942588865757 -1.9814424514770508
-0.039240725338459015 0.9992287755012512 0.0013873985735699534 -0.021440522745251656 -0.01909070648252964 0.0006385549786500633 -0.9998174905776978 -0.6711282134056091 -0.9990473389625549 -0.039260100573301315 0.019050979986786842 -1.9815436601638794
-0.04019545391201973 0.9991892576217651 0.002245100447908044 -0.021309003233909607 -0.01831892691552639 0.0015096577117219567 -0.9998310208320618 -0.6709202527999878 -0.9990238547325134 -0.04022984206676483 0.018243446946144104 -1.9809529781341553
-0.040178440511226654 0.9991899728775024 0.0022314367815852165 -0.02129705622792244 -0.018314382061362267 0.0014964791480451822 -0.9998310804367065 -0.6708776354789734 -0.9990246295928955 -0.04021257534623146 0.018239475786685944 -1.9809298515319824
-0.04045692831277847 0.9991779923439026 0.002542899688705802 -0.021405600011348724 -0.01818411983549595 0.0018083382165059447 -0.9998329877853394 -0.6707185506820679 -0.999015748500824 -0.04049646481871605 0.018096067011356354 -1.981151819229126
-0.04042501747608185 0.9991784691810608 0.0028544070664793253 -0.021549006924033165 -0.01862136460840702 0.002102914731949568 -0.9998243451118469 -0.6706395149230957 -0.9990090131759644 -0.04047112166881561 0.018521109595894814 -1.9817171096801758
-0.04050485044717789 0.9991743564605713 0.0031327803153544664 -0.02163131907582283 -0.01872638240456581 0.0023757244925945997 -0.9998217821121216 -0.6705290079116821 -0.9990037679672241 -0.04055635258555412 0.018614748492836952 -1.9822020530700684
-0.04013083502650261 0.9991931915283203 0.001536626718007028 -0.02164030261337757 -0.017719002440571785 0.0008260233444161713 -0.9998425841331482 -0.671224057674408 -0.9990372657775879 -0.04015180096030235 0.0176716111600399 -1.9809730052947998
-0.040120404213666916 0.9991936683654785 0.001494497642852366 -0.021660996600985527 -0.017752382904291153 0.0007827103836461902 -0.9998420476913452 -0.671268880367279 -0.9990370869636536 -0.040140654891729355 0.017706720158457756 -1.980942964553833
-0.03974097594618797 0.9992089867591858 0.0014062649570405483 -0.021742958575487137 -0.018179642036557198 0.0006841469439677894 -0.9998344779014587 -0.6711251139640808 -0.9990445971488953 -0.03976001590490341 0.018138127401471138 -1.9810813665390015
-0.03957829251885414 0.9992152452468872 0.001531585119664669 -0.021632172167301178 -0.018339186906814575 0.0008061762782745063 -0.9998314380645752 -0.6707261800765991 -0.999048113822937 -0.039599765092134476 0.018292943015694618 -1.9816275835037231
-0.03878573328256607 0.9992472529411316 0.0007215307559818029 -0.021645301952958107 -0.018445847555994987 6.027097697369754e-06 -0.9998298287391663 -0.6710302829742432 -0.9990772008895874 -0.03879249468445778 0.018431782722473145 -1.981876254081726
-0.03881481662392616 0.9992461204528809 0.0006849038763903081 -0.021634718403220177 -0.018528318032622337 -3.436257247813046e-05 -0.9998282790184021 -0.6710475087165833 -0.9990745782852173 -0.03882089629769325 0.01851573772728443 -1.98192298412323
-0.03970916196703911 0.9992103576660156 0.0013057442847639322 -0.021295007318258286 -0.01797546073794365 0.0005922606214880943 -0.9998381733894348 -0.6711657643318176 -0.9990495443344116 -0.03972626104950905 0.017937803640961647 -1.9815322160720825
-0.039714258164167404 0.9992101788520813 0.0012845552992075682 -0.021218648180365562 -0.018001645803451538 0.0005699253524653614 -0.9998377561569214 -0.6712184548377991 -0.9990488290786743 -0.039730992168188095 0.01796484924852848 -1.9815524816513062
-0.03994317352771759 0.9992001056671143 0.001896279165521264 -0.021260295063257217 -0.018019214272499084 0.001177217229269445 -0.9998369216918945 -0.6711284518241882 -0.9990394115447998 -0.03997088223695755 0.017957834526896477 -1.9812431335449219
-0.03968789428472519 0.9992092847824097 0.0023675321135669947 -0.02152225747704506 -0.01825716719031334 0.0016438958700746298 -0.9998319149017334 -0.6708624362945557 -0.9990452527999878 -0.039724498987197876 0.018177540972828865 -1.9817168712615967
-0.03972509130835533 0.9992074370384216 0.0025213928893208504 -0.021669339388608932 -0.018594931811094284 0.0017837315099313855 -0.9998254776000977 -0.6705806255340576 -0.9990375638008118 -0.039765097200870514 0.018509387969970703 -1.9822969436645508
-0.039947763085365295 0.9992014169692993 -0.0008080849656835198 -0.021156618371605873 -0.01702813431620598 -0.001489341608248651 -0.9998538494110107 -0.6710736155509949 -0.9990566372871399 -0.039928216487169266 0.017074085772037506 -1.9801266193389893
-0.03958529233932495 0.9992157816886902 -0.00087287015048787 -0.0215888824313879 -0.01714036427438259 -0.0015524141490459442 -0.9998518228530884 -0.6710163354873657 -0.999069094657898 -0.03956452012062073 0.017188427969813347 -1.980742335319519
-0.040093887597322464 0.9991958737373352 0.00012496161798480898 -0.021549731492996216 -0.017269352450966835 -0.0005678586894646287 -0.9998506903648376 -0.6707084774971008 -0.9990466237068176 -0.04009011387825012 0.017278287559747696 -1.9810924530029297
-0.03996158018708229 0.9992011189460754 0.00034808999043889344 -0.021619455888867378 -0.01774424873292446 -0.0003612913133110851 -0.9998424649238586 -0.6705850958824158 -0.9990435838699341 -0.03996151685714722 0.01774456538259983 -1.9816139936447144
-0.04000585526227951 0.9991993308067322 0.0004237961838953197 -0.0215810164809227 -0.01770063117146492 -0.00028457658481784165 -0.9998432397842407 -0.670605480670929 -0.9990425705909729 -0.04000713676214218 0.017697898671030998 -1.9817829132080078
-0.040005505084991455 0.999199390411377 0.00026141430134885013 -0.021508296951651573 -0.01797635667026043 -0.0004580975801218301 -0.9998382329940796 -0.6705978512763977 -0.9990376830101013 -0.040003787726163864 0.017980344593524933 -1.9819637537002563
-0.04009627923369408 0.9991957545280457 0.0002757044858299196 -0.021488571539521217 -0.018038960173726082 -0.0004479454946704209 -0.9998371601104736 -0.6706777215003967 -0.9990329146385193 -0.0400947742164135 0.018042467534542084 -1.9823496341705322
-0.039939627051353455 0.9992020130157471 0.000324325286783278 -0.021215438842773438 -0.018210895359516144 -0.0004033363948110491 -0.9998340606689453 -0.6709495782852173 -0.9990360736846924 -0.03993895649909973 0.01821252703666687 -1.982714056968689
-0.040185149759054184 0.9991916418075562 0.0010378638980910182 -0.021244866773486137 -0.018119966611266136 0.000309840717818588 -0.999835729598999 -0.6711985468864441 -0.9990279078483582 -0.04019740968942642 0.018092922866344452 -1.982189655303955
-0.04050089046359062 0.999177098274231 0.0021669373381882906 -0.021301008760929108 -0.01811353862285614 0.001434195670299232 -0.9998348355293274 -0.6710578203201294 -0.9990152716636658 -0.040533509105443954 0.018040601164102554 -1.9819269180297852
-0.04038885235786438 0.99918133020401 0.002295524813234806 -0.02163250930607319 -0.018436599522829056 0.0015518193831667304 -0.9998287558555603 -0.6709296107292175 -0.9990139007568359 -0.04042430967092514 0.018358884379267693 -1.9820208549499512
-0.040312305092811584 0.9991840124130249 0.0024655514862388372 -0.021691886708140373 -0.018550794571638107 0.0017187509220093489 -0.9998263716697693 -0.6708554029464722 -0.9990148544311523 -0.04035109654068947 0.018466424196958542 -1.9821325540542603
-0.040189653635025024 0.9991891980171204 0.0023748474195599556 -0.02166563831269741 -0.018728509545326233 0.0016231017652899027 -0.9998232126235962 -0.6708387732505798 -0.9990164637565613 -0.04022708162665367 0.018648145720362663 -1.982093095779419
-0.04000324010848999 0.9991959929466248 0.0026354528963565826 -0.02155831642448902 -0.01891833171248436 0.0018797434167936444 -0.9998192191123962 -0.671061098575592 -0.9990203976631165 -0.04004592075943947 0.018827980384230614 -1.9825669527053833
-0.040278587490320206 0.9991829991340637 0.0032877782359719276 -0.021438991650938988 -0.018771395087242126 0.0025332230143249035 -0.9998205304145813 -0.6710799932479858 -0.9990121126174927 -0.04033312946557999 0.018654078245162964 -1.9821113348007202
-0.040262848138809204 0.9991827011108398 0.0035635640379041433 -0.021396372467279434 -0.018816888332366943 0.0028076423332095146 -0.9998189806938171 -0.6711116433143616 -0.9990118741989136 -0.040322668850421906 0.018688520416617393 -1.9818474054336548
-0.04001834616065025 0.9991918206214905 0.0037534332368522882 -0.021318892017006874 -0.019166352227330208 0.0029881864320486784 -0.9998117685317993 -0.6712610721588135 -0.9990150332450867 -0.04008280485868454 0.019031334668397903 -1.9821288585662842
-0.03987782821059227 0.9991971254348755 0.003841988742351532 -0.021387746557593346 -0.019304614514112473 0.0030739465728402138 -0.9998088479042053 -0.6712061762809753 -0.9990180134773254 -0.03994442895054817 0.01916658692061901 -1.9825481176376343
-0.04038158804178238 0.9991769194602966 0.0038354280404746532 -0.021083790808916092 -0.01887647435069084 0.00307504553347826 -0.9998170137405396 -0.67132169008255 -0.9990059733390808 -0.040446653962135315 0.018736816942691803 -1.9820518493652344
-0.04104820638895035 0.9991486072540283 0.004115961492061615 -0.020936643704771996 -0.018484244123101234 0.003359400201588869 -0.9998234510421753 -0.6714891791343689 -0.9989861249923706 -0.041117094457149506 0.018330663442611694 -1.9817378520965576
-0.04146210476756096 0.9991277456283569 0.004956977441906929 -0.02118619717657566 -0.018558155745267868 0.004190325271338224 -0.9998189210891724 -0.6713189482688904 -0.9989676475524902 -0.041546642780303955 0.018368281424045563 -1.9818171262741089
-0.0413861982524395 0.9991298317909241 0.005159247666597366 -0.02124442718923092 -0.01860899105668068 0.004392020870000124 -0.9998171329498291 -0.6712614893913269 -0.9989698529243469 -0.04147469252347946 0.01841108314692974 -1.9817299842834473
-0.041260264813899994 0.9991333484649658 0.005482542794197798 -0.02154298685491085 -0.019022367894649506 0.004700746387243271 -0.9998079538345337 -0.6710340976715088 -0.9989672899246216 -0.041356686502695084 0.01881198212504387 -1.9822701215744019
-0.04156911373138428 0.9991220831871033 0.005187154747545719 -0.021364599466323853 -0.018620600923895836 0.004416089504957199 -0.9998168349266052 -0.671198308467865 -0.9989620447158813 -0.04165814071893692 0.018420735374093056 -1.981752872467041
-0.04119112342596054 0.9991365671157837 0.005411173216998577 -0.02148418128490448 -0.019070055335760117 0.004628661088645458 -0.9998073577880859 -0.6710430383682251 -0.9989692568778992 -0.04128643497824669 0.01886298507452011 -1.982354998588562
-0.040902283042669296 0.9991494417190552 0.005224897060543299 -0.02162574604153633 -0.019178204238414764 0.004443281330168247 -0.9998061656951904 -0.6709007620811462 -0.9989790320396423 -0.040994614362716675 0.018980205059051514 -1.9823662042617798
-0.04033435136079788 0.9991760849952698 0.0044866567477583885 -0.02176404744386673 -0.01951499842107296 0.003701746929436922 -0.9998026490211487 -0.6712182760238647 -0.9989956021308899 -0.040414001792669296 0.01934966817498207 -1.9824271202087402
-0.03995606675744057 0.9991934895515442 0.003968664910644293 -0.02154996246099472 -0.01953553780913353 0.0031899467576295137 -0.9998040199279785 -0.6710016131401062 -0.9990103840827942 -0.04002581909298897 0.019392378628253937 -1.9821468591690063
-0.039878688752651215 0.999197781085968 0.0036558792926371098 -0.021479381248354912 -0.019626859575510025 0.002874822821468115 -0.9998031854629517 -0.6709367036819458 -0.9990116953849792 -0.03994264826178551 0.019496524706482887 -1.98202645778656
-0.03979314863681793 0.9992011189460754 0.0036828164011240005 -0.02149972692131996 -0.019812999293208122 0.0028960201889276505 -0.9997994303703308 -0.6707941889762878 -0.9990114569664001 -0.03985818848013878 0.019681984558701515 -1.982176423072815
-0.039884794503450394 0.9991953372955322 0.004210175946354866 -0.021339353173971176 -0.019842036068439484 0.0034207296557724476 -0.9997972249984741 -0.6709188222885132 -0.9990072250366211 -0.03996029868721962 0.019689688459038734 -1.9819073677062988
-0.040438394993543625 0.9991737604141235 0.004045908804982901 -0.021175570785999298 -0.019075555726885796 0.003276522969827056 -0.9998126029968262 -0.6712430119514465 -0.9989998936653137 -0.040508050471544266 0.018927352502942085 -1.9811251163482666
-0.04039906710386276 0.9991719126701355 0.0048326062969863415 -0.02146846428513527 -0.019565006718039513 0.004044633358716965 -0.9998003840446472 -0.670831024646759 -0.9989920258522034 -0.04048560559749603 0.019385460764169693 -1.9814271926879883
-0.04039999470114708 0.999171793460846 0.00483901659026742 -0.021498654037714005 -0.01956239715218544 0.004051135387271643 -0.9998003840446472 -0.6708102822303772 -0.9989920258522034 -0.040486644953489304 0.01938258297741413 -1.9814190864562988
-0.0399227999150753 0.9991948008537292 0.003971942700445652 -0.021740995347499847 -0.019389256834983826 0.0031997289042919874 -0.999806821346283 -0.6708758473396301 -0.9990145564079285 -0.039992157369852066 0.01924595795571804 -1.9814097881317139
-0.04084932804107666 0.9991613626480103 0.0027948792558163404 -0.02127327397465706 -0.018097713589668274 0.0020569113548845053 -0.9998340606689453 -0.6712730526924133 -0.9990013241767883 -0.040893182158470154 0.01799856685101986 -1.9803544282913208
-0.04034746065735817 0.999183714389801 0.0019804174080491066 -0.02131342515349388 -0.018268048763275146 0.0012440817663446069 -0.999832272529602 -0.6712327599525452 -0.999018669128418 -0.040376927703619 0.018202994018793106 -1.9797492027282715
-0.04038860648870468 0.9991815686225891 0.00220129475928843 -0.02147487737238407 -0.017865044996142387 0.001480658887885511 -0.9998392462730408 -0.6710999011993408 -0.9990242719650269 -0.0404214933514595 0.017790677025914192 -1.9797698259353638
-0.04037516564130783 0.9991820454597473 0.0022324733436107635 -0.021489305421710014 -0.017845720052719116 0.0015128791565075517 -0.9998395442962646 -0.6711175441741943 -0.9990251660346985 -0.040408581495285034 0.01777009293437004 -1.9796841144561768
-0.04003028944134712 0.999196469783783 0.0019775419495999813 -0.021444639191031456 -0.018116038292646408 0.0012530827661976218 -0.9998350739479065 -0.6711075305938721 -0.9990341663360596 -0.040059566497802734 0.018051374703645706 -1.9801840782165527
-0.039731863886117935 0.9992092251777649 0.001462988555431366 -0.021623289212584496 -0.01830323413014412 0.0007361539755947888 -0.9998321533203125 -0.6708664298057556 -0.9990426898002625 -0.03975202515721321 0.01825956627726555 -1.9807591438293457
-0.03977980837225914 0.9992064833641052 0.0019779494032263756 -0.02149534597992897 -0.018690811470150948 0.0012351158075034618 -0.9998245239257812 -0.6709173321723938 -0.9990335702896118 -0.03980984911322594 0.018626902252435684 -1.981130599975586
-0.03975627198815346 0.9992073178291321 0.002011357806622982 -0.021497977897524834 -0.01863645762205124 0.0012711486779153347 -0.9998254776000977 -0.670901358127594 -0.9990355372428894 -0.039786871522665024 0.01857120171189308 -1.9812101125717163
-0.03980091214179993 0.9992047548294067 0.0023837843909859657 -0.021435044705867767 -0.01874835230410099 0.0016385141061618924 -0.9998228549957275 -0.6707795858383179 -0.999031662940979 -0.039838604629039764 0.018668282777071 -1.9812159538269043
-0.04041100665926933 0.9991790056228638 0.0028596152551472187 -0.021287739276885986 -0.018334411084651947 0.0021200068295001984 -0.9998295903205872 -0.6708132028579712 -0.9990148544311523 -0.04045660421252251 0.01823374256491661 -1.9809932708740234
-0.040396787226200104 0.9991796612739563 0.002835003426298499 -0.021262817084789276 -0.01837071031332016 0.002094169380143285 -0.9998289942741394 -0.6708076000213623 -0.9990147948265076 -0.04044201225042343 0.01827109605073929 -1.981029987335205
-0.040244556963443756 0.9991860389709473 0.0027455436065793037 -0.021284978836774826 -0.018271178007125854 0.0020114516373723745 -0.9998310208320618 -0.6711335182189941 -0.9990227222442627 -0.04028797149658203 0.018175410106778145 -1.9810563325881958
-0.0399186797440052 0.9992010593414307 0.0019207731820642948 -0.021491024643182755 -0.018233532086014748 0.0011935979127883911 -0.9998329877853394 -0.6710073947906494 -0.9990364909172058 -0.039947088807821274 0.018171371892094612 -1.9810675382614136
-0.0398787185549736 0.9992026686668396 0.0019032530253753066 -0.021501559764146805 -0.01821940764784813 0.0011773580918088555 -0.9998332858085632 -0.6710247993469238 -0.9990383386611938 -0.03990679979324341 0.01815798319876194 -1.98110032081604
-0.040472377091646194 0.9991782307624817 0.00216504349373281 -0.021261993795633316 -0.01776236854493618 0.001447053742595017 -0.9998411536216736 -0.6710866689682007 -0.9990227222442627 -0.04050445556640625 0.017689261585474014 -1.9810121059417725
-0.04054998233914375 0.9991748929023743 0.0022683534771203995 -0.02135220728814602 -0.01769912801682949 0.0015516268322244287 -0.99984210729599 -0.6709561944007874 -0.9990206956863403 -0.0405837781727314 0.017621658742427826 -1.9807864427566528
-0.04013218358159065 0.9991926550865173 0.0018175903242081404 -0.02169022522866726 -0.017909331247210503 0.001099495100788772 -0.9998389482498169 -0.6708067059516907 -0.9990338087081909 -0.04015832766890526 0.017850803211331367 -1.9811952114105225
-0.04028061404824257 0.9991867542266846 0.0017993873916566372 -0.021640432998538017 -0.017308512702584267 0.0011028664885088801 -0.9998495578765869 -0.6709944009780884 -0.9990384578704834 -0.04030574858188629 0.017250066623091698 -1.9806232452392578
-0.040057532489299774 0.9991959929466248 0.0016432924894616008 -0.021964620798826218 -0.01739044301211834 0.0009472369565628469 -0.9998482465744019 -0.6709097623825073 -0.9990459680557251 -0.04008008539676666 0.017338572070002556 -1.9807268381118774
-0.03992689773440361 0.9992015361785889 0.0014296778244897723 -0.021503297612071037 -0.016826478764414787 0.0007583018159493804 -0.9998580813407898 -0.6709544658660889 -0.999060869216919 -0.039945341646671295 0.016782820224761963 -1.980440616607666
-0.039705220609903336 0.9992107152938843 0.0011467854492366314 -0.021371694281697273 -0.016889294609427452 0.0004764550249092281 -0.9998571872711182 -0.6709169745445251 -0.9990686178207397 -0.03971897438168526 0.016857102513313293 -1.9801024198532104
-0.03928302228450775 0.9992278218269348 0.0006920170853845775 -0.021765204146504402 -0.017219895496964455 1.5527326468145475e-05 -0.9998517036437988 -0.6707385778427124 -0.999079704284668 -0.039289165288209915 0.017206043004989624 -1.9806079864501953
-0.03938126936554909 0.9992241859436035 0.00027004285948351026 -0.021670741960406303 -0.017367124557495117 -0.0004142082470934838 -0.9998490214347839 -0.6706199645996094 -0.9990732669830322 -0.03938006982207298 0.017370017245411873 -1.98075270652771
-0.03909516707062721 0.9992352724075317 0.000587587128393352 -0.02172052673995495 -0.017692632973194122 -0.00010423062485642731 -0.999843418598175 -0.6705564856529236 -0.9990788102149963 -0.039099495857954025 0.017683232203125954 -1.98100745677948
-0.03955582156777382 0.9992167353630066 0.0010634340578690171 -0.021436499431729317 -0.017748720943927765 0.0003615347668528557 -0.9998423457145691 -0.6706487536430359 -0.9990596771240234 -0.03956851363182068 0.017720572650432587 -1.9811701774597168
-0.039603352546691895 0.9992151260375977 0.0007802982581779361 -0.021491050720214844 -0.01779588870704174 7.550750160589814e-05 -0.999841570854187 -0.6707205176353455 -0.9990569353103638 -0.03961101546883583 0.01777898520231247 -1.9811177253723145
-0.040395669639110565 0.9991833567619324 0.0008132118382491171 -0.021137019619345665 -0.01739932969212532 0.00011037171498173848 -0.9998485445976257 -0.6710261106491089 -0.999032199382782 -0.04040375351905823 0.017380716279149055 -1.9807102680206299
-0.040425725281238556 0.9991821646690369 0.0007938554626889527 -0.021209117025136948 -0.017386851832270622 9.098415466723964e-05 -0.9998487830162048 -0.6709994673728943 -0.9990311861038208 -0.04043347015976906 0.01736900955438614 -1.9802743196487427
-0.04029032215476036 0.9991870522499084 0.0013645889703184366 -0.021423254162073135 -0.01762239634990692 0.0006549475947394967 -0.9998444318771362 -0.6708670854568481 -0.9990325570106506 -0.0403081551194191 0.01758173480629921 -1.980838418006897
-0.039611030369997025 0.9992144703865051 0.001148580457083881 -0.021709002554416656 -0.017945202067494392 0.0004379618330858648 -0.9998388290405273 -0.671012282371521 -0.999053955078125 -0.03962530940771103 0.017913812771439552 -1.9814237356185913
-0.038917943835258484 0.9992420673370361 0.0007682467112317681 -0.02178964391350746 -0.018032362684607506 6.644001405220479e-05 -0.999837338924408 -0.6711196899414062 -0.9990796446800232 -0.038925521075725555 0.018016165122389793 -1.9817860126495361
-0.038289595395326614 0.9992662072181702 0.0009341847035102546 -0.021711798384785652 -0.01867917738854885 0.00021901454601902515 -0.9998254776000977 -0.6710677742958069 -0.9990920424461365 -0.038300417363643646 0.01865713857114315 -1.9819414615631104
-0.038157884031534195 0.9992713928222656 0.0007297275587916374 -0.021574027836322784 -0.01899471879005432 4.851430730923312e-06 -0.9998195171356201 -0.6710144281387329 -0.9990911483764648 -0.03816491365432739 0.01898074895143509 -1.9823625087738037
-0.038166072219610214 0.9992710947990417 0.0007416259031742811 -0.021552598103880882 -0.01907913200557232 1.337541289103683e-05 -0.9998179078102112 -0.6710094213485718 -0.9990891814231873 -0.03817332535982132 0.0190647691488266 -1.9824568033218384
-0.038953378796577454 0.9992401003837585 0.0013237668899819255 -0.021297764033079147 -0.01845530979335308 0.0006051546661183238 -0.9998294711112976 -0.6709827780723572 -0.9990705251693726 -0.03897121921181679 0.01841776818037033 -1.9816296100616455
-0.039066288620233536 0.9992355108261108 0.0014497943921014667 -0.021355735138058662 -0.018355440348386765 0.0007330815424211323 -0.9998311996459961 -0.6707821488380432 -0.9990679621696472 -0.03908635675907135 0.01831282302737236 -1.9812874794006348
-0.0396420992910862 0.9992116093635559 0.0021342230029404163 -0.021305130794644356 -0.018520111218094826 0.001400833367370069 -0.9998274445533752 -0.6708359718322754 -0.9990422129631042 -0.03967483714222908 0.01845003291964531 -1.9812140464782715
-0.04044340178370476 0.9991760849952698 0.003377249464392662 -0.02139204367995262 -0.018293853849172592 0.0026390315033495426 -0.999829113483429 -0.6708142757415771 -0.9990143179893494 -0.04049832746386528 0.01817210391163826 -1.9808142185211182
-0.040460556745529175 0.999175488948822 0.0033346707932651043 -0.02140660397708416 -0.018308619037270546 0.002595513826236129 -0.9998289346694946 -0.6708127856254578 -0.9990133047103882 -0.0405147410929203 0.018188562244176865 -1.9807544946670532
-0.04058755934238434 0.9991713166236877 0.003041187534108758 -0.021538376808166504 -0.017873674631118774 0.0023172153159976006 -0.9998375177383423 -0.6710426211357117 -0.9990160465240479 -0.040635377168655396 0.0177648663520813 -1.9803390502929688
-0.040907375514507294 0.9991586208343506 0.0029226026963442564 -0.02147628180682659 -0.017080901190638542 0.0022253571078181267 -0.9998515844345093 -0.6711328029632568 -0.9990168809890747 -0.04095127806067467 0.01697554998099804 -1.9798678159713745
-0.04062393680214882 0.9991721510887146 0.0021408942993730307 -0.021637218073010445 -0.017191458493471146 0.0014434362528845668 -0.9998511075973511 -0.6708108186721802 -0.9990265369415283 -0.0406547449529171 0.01711864210665226 -1.9801206588745117
-0.04067854583263397 0.9991698861122131 0.0021651724819093943 -0.021606117486953735 -0.01718578301370144 0.001467025838792324 -0.9998511672019958 -0.6708624362945557 -0.9990244507789612 -0.040709756314754486 0.017111893743276596 -1.9801417589187622
-0.04072432965040207 0.9991689920425415 0.0016437069280073047 -0.021290896460413933 -0.0167606882750988 0.0009617570322006941 -0.9998590350151062 -0.6710953712463379 -0.9990297555923462 -0.04074619337916374 0.01670764945447445 -1.979354739189148
-0.04087196663022041 0.9991618394851685 0.0022338712587952614 -0.021345507353544235 -0.017074117437005043 0.0015370289329439402 -0.9998530149459839 -0.6707224249839783 -0.9990184307098389 -0.040904153138399124 0.016997039318084717 -1.9798463582992554
-0.040973011404275894 0.9991574287414551 0.002351045375689864 -0.021375777199864388 -0.016921760514378548 0.0016588181024417281 -0.9998553991317749 -0.6706739664077759 -0.9990168809890747 -0.04100692272186279 0.016839589923620224 -1.9801751375198364
-0.04096362739801407 0.9991577863693237 0.0023574121296405792 -0.021369101479649544 -0.01694941706955433 0.0016642126720398664 -0.9998549222946167 -0.6706490516662598 -0.9990168213844299 -0.040997691452503204 0.016867022961378098 -1.9801644086837769
-0.0408906526863575 0.999160885810852 0.0023137114476412535 -0.021459368988871574 -0.016521494835615158 0.0016392436809837818 -0.9998621344566345 -0.6708840727806091 -0.9990269541740417 -0.04092329367995262 0.016440656036138535 -1.9800429344177246
-0.0407150499522686 0.9991687536239624 0.0019970976281911135 -0.02154081128537655 -0.0164805818349123 0.001326970406807959 -0.9998632669448853 -0.670802891254425 -0.9990348219871521 -0.04074244946241379 0.01641290821135044 -1.9799695014953613
-0.040740545839071274 0.9991675019264221 0.0021045368630439043 -0.021386120468378067 -0.016509270295500755 0.0014328944962471724 -0.9998626112937927 -0.6706965565681458 -0.9990333318710327 -0.04076974838972092 0.01643720455467701 -1.9799778461456299
-0.04058568552136421 0.9991729259490967 0.0024831846822053194 -0.02153084985911846 -0.01718759536743164 0.001786771579645574 -0.9998506307601929 -0.6704181432723999 -0.9990281462669373 -0.04062235727906227 0.017100917175412178 -1.9807348251342773
-0.04047008603811264 0.9991767406463623 0.0028081568889319897 -0.021492615342140198 -0.01757720112800598 0.0020981435663998127 -0.9998432397842407 -0.6704053282737732 -0.9990260601043701 -0.04051315784454346 0.017477871850132942 -1.9811863899230957
-0.040330007672309875 0.9991817474365234 0.0030446816235780716 -0.02150566130876541 -0.017992539331316948 0.002320490311831236 -0.9998353719711304 -0.6704604625701904 -0.9990243315696716 -0.040378205478191376 0.017884286120533943 -1.9815714359283447
-0.040337029844522476 0.9991813898086548 0.0030665737576782703 -0.021504951640963554 -0.017997698858380318 0.002342062536627054 -0.9998352527618408 -0.6704420447349548 -0.999023973941803 -0.04038562998175621 0.017888547852635384 -1.9817382097244263
-0.04022166132926941 0.9991861581802368 0.003022328019142151 -0.02151445299386978 -0.018194029107689857 0.0022919410839676857 -0.9998317956924438 -0.6705203056335449 -0.9990250468254089 -0.04026993736624718 0.01808709092438221 -1.981884241104126
-0.04009624198079109 0.999190092086792 0.0033735258039087057 -0.021406222134828568 -0.018756259232759476 0.0026230397634208202 -0.9998205900192261 -0.6707742214202881 -0.9990197420120239 -0.040152378380298615 0.01863594725728035 -1.982513427734375
-0.03964638337492943 0.9992109537124634 0.0023506861180067062 -0.021609121933579445 -0.018547657877206802 0.0016162566607818007 -0.9998266100883484 -0.67105633020401 -0.9990415573120117 -0.03968316316604614 0.01846899837255478 -1.9822206497192383
-0.03962676599621773 0.9992124438285828 0.0020388609264045954 -0.021383510902523994 -0.018112000077962875 0.0013218960957601666 -0.9998350143432617 -0.6714739203453064 -0.9990503191947937 -0.03965720906853676 0.01804540678858757 -1.981847882270813
-0.03934813663363457 0.999224841594696 0.001175177050754428 -0.021517733111977577 -0.018202535808086395 0.00045915262307971716 -0.9998341798782349 -0.6712386012077332 -0.9990596771240234 -0.03936305642127991 0.018170412629842758 -1.9814327955245972
-0.039463967084884644 0.9992201328277588 0.0012758346274495125 -0.021609708666801453 -0.01808815449476242 0.0005622842581942677 -0.9998362064361572 -0.6711452603340149 -0.9990572333335876 -0.03948063403367996 0.018051911145448685 -1.9812042713165283
-0.03937345743179321 0.999223530292511 0.001407517702318728 -0.021576911211013794 -0.018523285165429115 0.0006785274017602205 -0.9998281598091125 -0.6708970069885254 -0.9990528225898743 -0.03939281404018402 0.018482239916920662 -1.9815928936004639
-0.03936663642525673 0.9992241263389587 0.0011166922049596906 -0.021526476368308067 -0.018287191167473793 0.0003969584358856082 -0.9998326301574707 -0.6709291338920593 -0.999057412147522 -0.039380524307489395 0.01825742982327938 -1.9811288118362427
-0.03944442793726921 0.999220609664917 0.0014840514631941915 -0.021417126059532166 -0.018451306968927383 0.0007566371932625771 -0.9998294115066528 -0.6708600521087646 -0.9990513324737549 -0.03946513682603836 0.01840713620185852 -1.9807977676391602
-0.03961464762687683 0.999214231967926 0.0012033979874104261 -0.021404171362519264 -0.018095381557941437 0.00048679145402275026 -0.9998360872268677 -0.6709203124046326 -0.9990510940551758 -0.0396299846470356 0.018061934038996696 -1.9804491996765137
-0.0396675281226635 0.9992117881774902 0.0014903806149959564 -0.021601328626275063 -0.018124034628272057 0.0007718584965914488 -0.9998353719711304 -0.6707248687744141 -0.9990484714508057 -0.03968806192278862 0.018079185858368874 -1.980634093284607
-0.0398213192820549 0.999205470085144 0.0015998121816664934 -0.02164560556411743 -0.018489040434360504 0.0008640168816782534 -0.9998286366462708 -0.6705766320228577 -0.9990357160568237 -0.039844125509262085 0.018439998850226402 -1.9810876846313477
-0.039834942668676376 0.9992051124572754 0.0015040948055684566 -0.021655971184372902 -0.0187409408390522 0.0007579387165606022 -0.999824047088623 -0.670530378818512 -0.9990304708480835 -0.03985617309808731 0.018695903941988945 -1.9812126159667969
-0.039349619299173355 0.9992252588272095 0.0006097627920098603 -0.021550480276346207 -0.018714655190706253 -0.0001268064952455461 -0.9998248219490051 -0.6707876324653625 -0.9990501999855042 -0.03935419023036957 0.018705200403928757 -1.9811040163040161
-0.039741870015859604 0.9992092847824097 0.0011372490553185344 -0.021418601274490356 -0.018465420231223106 0.0004035742022097111 -0.9998293519020081 -0.6708326935768127 -0.9990392923355103 -0.03975614160299301 0.018434833735227585 -1.9810012578964233
-0.039541251957416534 0.9992172122001648 0.0011794829042628407 -0.021237097680568695 -0.018740886822342873 0.00043863122118636966 -0.9998242259025574 -0.6710755228996277 -0.9990420937538147 -0.039556462317705154 0.01870892569422722 -1.9815328121185303
-0.039434436708688736 0.9992210268974304 0.00147298164665699 -0.021412648260593414 -0.01892099715769291 0.0007271955255419016 -0.9998206496238708 -0.6708593964576721 -0.9990429282188416 -0.039455290883779526 0.018877634778618813 -1.9820609092712402
-0.03941660374403 0.9992215633392334 0.0015956801362335682 -0.02151814103126526 -0.019010087475180626 0.0008467875304631889 -0.9998188614845276 -0.6708658933639526 -0.9990419745445251 -0.0394398532807827 0.018961966037750244 -1.9820950031280518
-0.040253400802612305 0.9991874098777771 0.002017255173996091 -0.02147241309285164 -0.018371595069766045 0.0012784829596057534 -0.9998303651809692 -0.6711294054985046 -0.999020516872406 -0.0402836836874485 0.018305256962776184 -1.9807915687561035
-0.040047451853752136 0.9991955161094666 0.002106855856254697 -0.021612465381622314 -0.01856802962720394 0.0013640362303704023 -0.9998266100883484 -0.6707417964935303 -0.9990251660346985 -0.04007968306541443 0.01849851943552494 -1.9810330867767334
-0.04006830230355263 0.9991945624351501 0.00214368780143559 -0.021613406017422676 -0.018512915819883347 0.0014027172001078725 -0.9998275637626648 -0.6707430481910706 -0.9990253448486328 -0.04010113328695297 0.018441855907440186 -1.9810365438461304
-0.04083601385354996 0.9991631507873535 0.0023106560111045837 -0.021104153245687485 -0.01792939193546772 0.0015794888604432344 -0.9998379349708557 -0.6709370017051697 -0.9990049004554749 -0.04087087884545326 0.017849940806627274 -1.9803177118301392
-0.04060438647866249 0.9991730451583862 0.0021105220075696707 -0.021532325074076653 -0.017725545912981033 0.0013916547177359462 -0.9998418688774109 -0.6709091663360596 -0.9990180134773254 -0.040635429322719574 0.017654433846473694 -1.979966640472412
-0.040626008063554764 0.9991719722747803 0.002196208806708455 -0.021579541265964508 -0.017330778762698174 0.0014930828474462032 -0.9998486638069153 -0.6709780693054199 -0.9990240335464478 -0.040657974779605865 0.01725582592189312 -1.9797298908233643
-0.04062335565686226 0.9991720914840698 0.0021913028322160244 -0.021606026217341423 -0.017320511862635612 0.0014886371791362762 -0.9998488426208496 -0.6710013747215271 -0.9990243315696716 -0.0406552217900753 0.01724575273692608 -1.979623794555664
-0.04078057408332825 0.9991652369499207 0.0023713090922683477 -0.021413179114460945 -0.01742352358996868 0.0016618419904261827 -0.9998467564582825 -0.6708005666732788 -0.9990161657333374 -0.040815696120262146 0.017341263592243195 -1.9797236919403076
-0.04046392813324928 0.9991781115531921 0.002387208864092827 -0.021558713167905807 -0.01772119104862213 0.0016711854841560125 -0.9998415112495422 -0.6705319285392761 -0.9990237951278687 -0.04049987345933914 0.017639057710766792 -1.980347990989685
-0.040046367794275284 0.9991965889930725 0.0015270700678229332 -0.021700287237763405 -0.017393769696354866 0.0008309991681016982 -0.9998483061790466 -0.6706674695014954 -0.9990463852882385 -0.040066909044981 0.017346570268273354 -1.980246663093567
-0.039948638528585434 0.9992002248764038 0.0016937351319938898 -0.021756647154688835 -0.0176226906478405 0.0009903110330924392 -0.9998441934585571 -0.670691728591919 -0.999046266078949 -0.03997231274843216 0.01756908930838108 -1.9807567596435547
-0.03999825194478035 0.9991992712020874 0.0009098828886635602 -0.021379200741648674 -0.016745368018746376 0.00024021258286666125 -0.9998596906661987 -0.6710558533668518 -0.9990593791007996 -0.040007930248975754 0.016722407191991806 -1.9797617197036743
-0.0400298647582531 0.9991979598999023 0.0009933592518791556 -0.02137422375380993 -0.01676272414624691 0.0003225191030651331 -0.9998593926429749 -0.671043872833252 -0.9990578293800354 -0.04004094377160072 0.01673642359673977 -1.979592204093933
-0.03991108387708664 0.9992021322250366 0.0014548735925927758 -0.021476946771144867 -0.017065931111574173 0.0007742095622234046 -0.9998540282249451 -0.6707954406738281 -0.999057412147522 -0.03993013873696327 0.01702146977186203 -1.9798318147659302
-0.03999583423137665 0.9991987943649292 0.0014022927498444915 -0.021450959146022797 -0.016980167478322983 0.0007235843222588301 -0.9998555183410645 -0.6707722544670105 -0.9990555047988892 -0.04001392051577568 0.016937676817178726 -1.9797282218933105
-0.0401923730969429 0.9991917610168457 0.0005010254681110382 -0.0213006641715765 -0.016845382750034332 -0.0001761935418471694 -0.999858021736145 -0.6709477305412292 -0.9990499019622803 -0.04019515961408615 0.016838904470205307 -1.9794608354568481
-0.04016391560435295 0.9991920590400696 0.0014026975259184837 -0.02144816517829895 -0.017049087211489677 0.0007183659472502768 -0.999854326248169 -0.6706094741821289 -0.999047577381134 -0.04018203541636467 0.017006514593958855 -1.9799208641052246
-0.04027767479419708 0.9991875290870667 0.0013706308091059327 -0.021428780630230904 -0.017377402633428574 0.0006710978341288865 -0.9998487234115601 -0.6704361438751221 -0.9990373253822327 -0.04029545187950134 0.01733630709350109 -1.9804319143295288
-0.03970152139663696 0.9992111325263977 0.0009110923274420202 -0.021737512201070786 -0.017627298831939697 0.00021133727568667382 -0.9998445510864258 -0.6704859733581543 -0.9990560412406921 -0.03971146047115326 0.01760505698621273 -1.9803919792175293
-0.03964092209935188 0.9992135167121887 0.0008975567761808634 -0.021778354421257973 -0.017676373943686485 0.0001969140284927562 -0.9998437166213989 -0.6704601645469666 -0.9990575909614563 -0.03965064510703087 0.017654720693826675 -1.980424165725708
