# 3x4 first row second row third row Freq: 250 current Time: 2020-10-02-15:31:00
-0.9978880882263184 0.01929566077888012 -0.06202304735779762 0.070051409304142 0.06178226321935654 -0.012834577821195126 -0.99800705909729 -1.3830772638320923 -0.02005324885249138 -0.9997314214706421 0.011615424416959286 -2.4420623779296875
-0.9978790879249573 0.019070973619818687 -0.06223731115460396 0.0701589435338974 0.061996981501579285 -0.012944535352289677 -0.9979923367500305 -1.3829710483551025 -0.019838321954011917 -0.9997342824935913 0.01173481997102499 -2.442203998565674
-0.9978942275047302 0.01939486525952816 -0.06189338117837906 0.07018496841192245 0.06165125221014023 -0.01284337230026722 -0.9980150461196899 -1.3835794925689697 -0.02015128917992115 -0.9997293949127197 0.011620690114796162 -2.442751169204712
-0.9978870153427124 0.019455665722489357 -0.06199019029736519 0.0702618807554245 0.061752524226903915 -0.012588301673531532 -0.9980120658874512 -1.3832805156707764 -0.020197344943881035 -0.9997314214706421 0.01136034820228815 -2.442439079284668
-0.997906506061554 0.02005171589553356 -0.06148502975702286 0.07012905180454254 0.061243556439876556 -0.012442691251635551 -0.9980452656745911 -1.3835994005203247 -0.020777560770511627 -0.9997214674949646 0.011188684962689877 -2.442800760269165
-0.997922420501709 0.019789792597293854 -0.061311062425374985 0.07015080749988556 0.061071231961250305 -0.01250449102371931 -0.9980550408363342 -1.3834201097488403 -0.020517967641353607 -0.9997259378433228 0.011270007118582726 -2.4425501823425293
-0.9978721737861633 0.019958369433879852 -0.06206932291388512 0.07014477252960205 0.06183551251888275 -0.012126610614359379 -0.9980126619338989 -1.383069396018982 -0.02067139931023121 -0.9997272491455078 0.010866752825677395 -2.4422037601470947
-0.9978536367416382 0.020034756511449814 -0.06234200298786163 0.07025156915187836 0.06211424618959427 -0.011796659789979458 -0.9979993104934692 -1.3830018043518066 -0.02073010429739952 -0.9997296333312988 0.010526977479457855 -2.442141532897949
-0.9978540539741516 0.020029138773679733 -0.062337834388017654 0.07025445997714996 0.06211007386445999 -0.011799703352153301 -0.9979994893074036 -1.3829909563064575 -0.020724643021821976 -0.9997297525405884 0.010530452243983746 -2.4421346187591553
-0.9978600740432739 0.019883258268237114 -0.06228816136717796 0.07021258771419525 0.06206075847148895 -0.011856799013912678 -0.9980018734931946 -1.3829447031021118 -0.02058207057416439 -0.9997319579124451 0.010597537271678448 -2.4421348571777344
-0.99787837266922 0.020040057599544525 -0.06194361299276352 0.07011847198009491 0.06171409413218498 -0.011876230128109455 -0.9980231523513794 -1.383151888847351 -0.020736102014780045 -0.9997286200523376 0.010614360682666302 -2.442575216293335
-0.9978817701339722 0.020251555368304253 -0.061820194125175476 0.07004816830158234 0.061592984944581985 -0.011657857336103916 -0.9980332255363464 -1.3832546472549438 -0.02093241922557354 -0.9997268915176392 0.010385890491306782 -2.442647933959961
-0.9978892803192139 0.019845025613904 -0.06183001771569252 0.07028184086084366 0.061605121940374374 -0.01175124291330576 -0.9980313777923584 -1.3828810453414917 -0.02053254097700119 -0.9997339844703674 0.010503965429961681 -2.442265510559082
-0.9978923201560974 0.019857032224535942 -0.06177753582596779 0.0702870711684227 0.06155198812484741 -0.011776520870625973 -0.9980343580245972 -1.382846474647522 -0.02054552733898163 -0.9997334480285645 0.010529540479183197 -2.4422502517700195
-0.9979017972946167 0.019724693149328232 -0.0616670623421669 0.07029594480991364 0.06144125387072563 -0.01185671053826809 -0.9980402588844299 -1.3829206228256226 -0.020417209714651108 -0.9997351169586182 0.010620004497468472 -2.4422149658203125
-0.9978958964347839 0.019806159660220146 -0.06173613667488098 0.07022808492183685 0.06151086837053299 -0.011788644827902317 -0.9980367422103882 -1.3830273151397705 -0.020495064556598663 -0.9997342824935913 0.01054562721401453 -2.4422547817230225
-0.9979027509689331 0.019628096371889114 -0.06168213486671448 0.07017809897661209 0.06145358085632324 -0.012042319402098656 -0.9980372786521912 -1.3828539848327637 -0.020332371816039085 -0.9997347593307495 0.010810927487909794 -2.4422378540039062
-0.9979056715965271 0.019607583060860634 -0.061641350388526917 0.0702337771654129 0.06141301617026329 -0.012042193673551083 -0.998039722442627 -1.3829013109207153 -0.020311448723077774 -0.9997351765632629 0.010812894441187382 -2.442230224609375
-0.9979107975959778 0.0198591910302639 -0.06147773563861847 0.07013974338769913 0.06124886870384216 -0.011934753507375717 -0.998051106929779 -1.3832004070281982 -0.020554212853312492 -0.9997314810752869 0.010693547315895557 -2.4425554275512695
-0.9978959560394287 0.01971423253417015 -0.06176421046257019 0.07016576826572418 0.06153726950287819 -0.011918182484805584 -0.9980335831642151 -1.3829429149627686 -0.02041158638894558 -0.9997345805168152 0.010680027306079865 -2.442304849624634
-0.997898280620575 0.019686345010995865 -0.06173616647720337 0.07016194611787796 0.06151019036769867 -0.011885501444339752 -0.9980356693267822 -1.3829233646392822 -0.020381443202495575 -0.9997355341911316 0.01064969226717949 -2.4422945976257324
-0.9978905916213989 0.01952008716762066 -0.06191243976354599 0.07033015042543411 0.06168406456708908 -0.012092727236449718 -0.9980224370956421 -1.3828927278518677 -0.02023017778992653 -0.9997363090515137 0.010863221250474453 -2.4422357082366943
-0.9979006052017212 0.01939903013408184 -0.06178953871130943 0.07032369077205658 0.06156168505549431 -0.01213146187365055 -0.9980295300483704 -1.3828489780426025 -0.02011040598154068 -0.9997381567955017 0.010911837220191956 -2.442188024520874
-0.9978981614112854 0.019411342218518257 -0.06182432919740677 0.0703250840306282 0.06159680336713791 -0.012108700349926949 -0.9980276226997375 -1.3828204870224 -0.02012167125940323 -0.9997382164001465 0.01088765449821949 -2.4421770572662354
-0.9979205131530762 0.01942356862127781 -0.06145913898944855 0.07025057077407837 0.06122378259897232 -0.012488392181694508 -0.9980459213256836 -1.3832539319992065 -0.020153142511844635 -0.9997333288192749 0.011273319832980633 -2.442538261413574
-0.9979128241539001 0.019281186163425446 -0.06162828207015991 0.07023170590400696 0.061396632343530655 -0.012384447269141674 -0.9980365633964539 -1.3830198049545288 -0.020006565377116203 -0.9997373819351196 0.011174880899488926 -2.4422848224639893
-0.9979123473167419 0.019264942035079002 -0.061641208827495575 0.07022745162248611 0.061409804970026016 -0.012381408363580704 -0.9980357885360718 -1.3829935789108276 -0.019990310072898865 -0.9997376799583435 0.011172586120665073 -2.4422762393951416
-0.9979180097579956 0.01942230388522148 -0.061500489711761475 0.07023076713085175 0.06127571687102318 -0.011963920667767525 -0.9980491399765015 -1.382973313331604 -0.020120203495025635 -0.9997397661209106 0.010748977772891521 -2.4423515796661377
-0.9979208707809448 0.01936456188559532 -0.0614720918238163 0.0702197328209877 0.06124373525381088 -0.012173344381153584 -0.9980485439300537 -1.3829963207244873 -0.020075097680091858 -0.999738335609436 0.010962157510221004 -2.442319393157959
-0.9979226589202881 0.019384372979402542 -0.06143682450056076 0.07021459192037582 0.06120826303958893 -0.012172222137451172 -0.9980507493019104 -1.3829691410064697 -0.020094413310289383 -0.9997379779815674 0.01096053421497345 -2.442307472229004
-0.9979177117347717 0.019378146156668663 -0.06151862442493439 0.07020176947116852 0.06129193678498268 -0.012083028443157673 -0.9980466961860657 -1.3830454349517822 -0.020083628594875336 -0.9997391700744629 0.010870225727558136 -2.442248582839966
-0.9979153275489807 0.019184501841664314 -0.06161772087216377 0.07020223140716553 0.06139015778899193 -0.012233555316925049 -0.9980388283729553 -1.3829535245895386 -0.01990068517625332 -0.9997410774230957 0.011030393652617931 -2.442225456237793
-0.9979154467582703 0.019179873168468475 -0.06161748990416527 0.07019799947738647 0.061389803886413574 -0.012242289260029793 -0.9980387687683105 -1.3829213380813599 -0.019896598532795906 -0.9997410774230957 0.011039402335882187 -2.442211389541626
-0.9979071021080017 0.01910044439136982 -0.06177756190299988 0.07020867615938187 0.06154882535338402 -0.012340466491878033 -0.9980277419090271 -1.3828696012496948 -0.01982514187693596 -0.9997413754463196 0.011139110662043095 -2.4422528743743896
-0.9978767037391663 0.01882089301943779 -0.06235155463218689 0.07022099941968918 0.06211863458156586 -0.012716921977698803 -0.997987687587738 -1.3829753398895264 -0.019575944170355797 -0.9997419714927673 0.011520872823894024 -2.442221164703369
-0.9978773593902588 0.018831932917237282 -0.062337663024663925 0.07018060237169266 0.06210460141301155 -0.012717665173113346 -0.9979885816574097 -1.382958173751831 -0.019586846232414246 -0.9997417330741882 0.011521201580762863 -2.442192316055298
-0.9978692531585693 0.01857771910727024 -0.06254345923662186 0.07027279585599899 0.062311507761478424 -0.012812862172722816 -0.9979744553565979 -1.3829537630081177 -0.019341453909873962 -0.99974524974823 0.011628037318587303 -2.442192554473877
-0.9978575110435486 0.01867198385298252 -0.06270229071378708 0.0702502653002739 0.062470242381095886 -0.012762297876179218 -0.9979651570320129 -1.3828721046447754 -0.019434217363595963 -0.999744176864624 0.011568593792617321 -2.4422695636749268
-0.9978509545326233 0.01866373047232628 -0.06280937790870667 0.07024384289979935 0.06257481873035431 -0.012896810658276081 -0.9979569315910339 -1.3828260898590088 -0.019435644149780273 -0.9997425675392151 0.011701297014951706 -2.442275285720825
-0.9978517889976501 0.01865950971841812 -0.06279734522104263 0.07024695724248886 0.06256299465894699 -0.012888764031231403 -0.9979577660560608 -1.3827886581420898 -0.01943078637123108 -0.9997428059577942 0.011693762615323067 -2.442274808883667
-0.9978607296943665 0.01852833852171898 -0.06269387900829315 0.07029758393764496 0.06245838850736618 -0.01302705705165863 -0.9979625344276428 -1.3829971551895142 -0.01930730603635311 -0.9997434020042419 0.011842019855976105 -2.4423277378082275
-0.9978724122047424 0.018410619348287582 -0.06254185736179352 0.07022607326507568 0.0623043030500412 -0.013206223957240582 -0.9979698061943054 -1.3830927610397339 -0.01919918693602085 -0.9997432231903076 0.012031147256493568 -2.44233775138855
-0.9978713393211365 0.018417783081531525 -0.06255757063627243 0.0702250599861145 0.062320027500391006 -0.013201040215790272 -0.997968852519989 -1.3830782175064087 -0.019206201657652855 -0.9997431635856628 0.012025224976241589 -2.4423389434814453
-0.9978751540184021 0.018479788675904274 -0.06247854232788086 0.07021305710077286 0.06223730742931366 -0.013353666290640831 -0.9979720115661621 -1.3831790685653687 -0.019276631996035576 -0.9997400045394897 0.0121752405539155 -2.4423630237579346
-0.9978744387626648 0.018695101141929626 -0.06242561340332031 0.07000844925642014 0.06218021363019943 -0.013432440347969532 -0.9979745149612427 -1.38313889503479 -0.019495764747262 -0.9997349381446838 0.012241505086421967 -2.4423983097076416
-0.9978680610656738 0.018503643572330475 -0.06258399784564972 0.07017455995082855 0.062338754534721375 -0.013546577654778957 -0.9979630708694458 -1.3831535577774048 -0.01931375451385975 -0.9997369647026062 0.012364284135401249 -2.4423983097076416
-0.9978687763214111 0.018512776121497154 -0.06256994605064392 0.07017431408166885 0.062324948608875275 -0.01352817565202713 -0.9979642033576965 -1.383145809173584 -0.01932154782116413 -0.9997370839118958 0.012345618568360806 -2.4424023628234863
-0.9978684186935425 0.01851413957774639 -0.06257560849189758 0.07017361372709274 0.06233075633645058 -0.013519827276468277 -0.9979639053344727 -1.383129596710205 -0.019322458654642105 -0.9997371435165405 0.012337089516222477 -2.442410707473755
-0.9978717565536499 0.018421735614538193 -0.0625494122505188 0.07017144560813904 0.06230708584189415 -0.013447564095258713 -0.9979664087295532 -1.383145809173584 -0.019225412979722023 -0.9997398257255554 0.012271220795810223 -2.4423820972442627
-0.9979072213172913 0.01886608451604843 -0.061846837401390076 0.07028330862522125 0.06160365045070648 -0.013210452161729336 -0.9980131983757019 -1.3836053609848022 -0.019645629450678825 -0.9997346997261047 0.01202066708356142 -2.44279146194458
-0.9979069232940674 0.018854469060897827 -0.06185517832636833 0.07028760015964508 0.06161176785826683 -0.013228955678641796 -0.9980124831199646 -1.3836205005645752 -0.01963527873158455 -0.9997346997261047 0.01203969120979309 -2.4428231716156006
-0.9979048371315002 0.01860959641635418 -0.06196325272321701 0.07035654783248901 0.06172295659780502 -0.013221106491982937 -0.9980056881904602 -1.3832941055297852 -0.019391708076000214 -0.9997393488883972 0.012044847942888737 -2.442549467086792
-0.9979038834571838 0.01921718940138817 -0.06179308518767357 0.07005634158849716 0.06155965477228165 -0.012510587461292744 -0.9980249404907227 -1.3834583759307861 -0.019952304661273956 -0.999737024307251 0.011301441118121147 -2.4428303241729736
-0.9978889226913452 0.01903778687119484 -0.06208934262394905 0.07016558945178986 0.06186475232243538 -0.012167955748736858 -0.9980103373527527 -1.383243203163147 -0.0197554100304842 -0.9997446537017822 0.010964581742882729 -2.4425137042999268
-0.9978994727134705 0.01952141895890236 -0.06176925450563431 0.07023367285728455 0.06154721602797508 -0.011777786538004875 -0.998034656047821 -1.3833171129226685 -0.02021056041121483 -0.9997400045394897 0.010551638901233673 -2.4424169063568115
-0.9978986382484436 0.019489992409944534 -0.061792612075805664 0.07023755460977554 0.0615716315805912 -0.011742089875042439 -0.9980335831642151 -1.3833025693893433 -0.020177245140075684 -0.9997410774230957 0.010517465882003307 -2.4423940181732178
-0.9979004859924316 0.01941315084695816 -0.0617864765226841 0.07025551795959473 0.061566311866045 -0.01174161210656166 -0.998033881187439 -1.3831628561019897 -0.020100457593798637 -0.9997425675392151 0.010521845892071724 -2.442288637161255
-0.9978696703910828 0.01961183361709118 -0.06222018972039223 0.07005671411752701 0.06200362741947174 -0.011464264243841171 -0.9980100393295288 -1.383264422416687 -0.020286118611693382 -0.9997419118881226 0.010223918594419956 -2.4421422481536865
-0.9978762865066528 0.01956081949174404 -0.06212962791323662 0.07007234543561935 0.06191125884652138 -0.011578412726521492 -0.9980144500732422 -1.3832489252090454 -0.020241346210241318 -0.9997415542602539 0.010342869907617569 -2.4421610832214355
-0.99787837266922 0.01925515942275524 -0.06219220906496048 0.07020118087530136 0.06197284162044525 -0.011787722818553448 -0.9980081915855408 -1.383101463317871 -0.019949914887547493 -0.9997450709342957 0.0105694979429245 -2.442283868789673
-0.9978794455528259 0.019226757809519768 -0.062183380126953125 0.0702037364244461 0.06196417659521103 -0.011794362217187881 -0.998008668422699 -1.383076548576355 -0.019921887665987015 -0.9997455477714539 0.010578063316643238 -2.4422707557678223
-0.9978833794593811 0.019083553925156593 -0.06216486915946007 0.0702061727643013 0.06194707378745079 -0.011799868196249008 -0.9980096220970154 -1.3830996751785278 -0.019779110327363014 -0.9997482299804688 0.010592803359031677 -2.442338705062866
-0.9978999495506287 0.019315801560878754 -0.06182623654603958 0.07022786885499954 0.0616142600774765 -0.01138363964855671 -0.9980350732803345 -1.3832002878189087 -0.019981658086180687 -0.9997485876083374 0.010169685818254948 -2.442619800567627
-0.9979028105735779 0.019189614802598953 -0.06181899830698967 0.0702345073223114 0.06160915270447731 -0.011340969242155552 -0.9980358481407166 -1.3832085132598877 -0.01985301449894905 -0.9997515082359314 0.010135010816156864 -2.442627429962158
-0.9978944659233093 0.01919274590909481 -0.06195281818509102 0.07020031660795212 0.061743106693029404 -0.011333589442074299 -0.9980276823043823 -1.38302743434906 -0.019857043400406837 -0.9997515082359314 0.01012478768825531 -2.4424562454223633
-0.9978944063186646 0.019173473119735718 -0.06195976957678795 0.07020041346549988 0.06175047159194946 -0.011322502978146076 -0.9980273246765137 -1.3829998970031738 -0.019837193191051483 -0.9997520446777344 0.010114772245287895 -2.442451000213623
-0.9978861808776855 0.01903672143816948 -0.06213385611772537 0.07021479308605194 0.06192738562822342 -0.011250540614128113 -0.9980171918869019 -1.3828635215759277 -0.019698018208146095 -0.9997554421424866 0.010047946125268936 -2.4424149990081787
-0.9978967308998108 0.019275641068816185 -0.06189053878188133 0.07019532471895218 0.06167992204427719 -0.011336409486830235 -0.9980315566062927 -1.3835417032241821 -0.019939318299293518 -0.9997498989105225 0.010123726911842823 -2.4426956176757812
-0.9978950023651123 0.01928798481822014 -0.0619138740003109 0.07019127160310745 0.061703093349933624 -0.011338558979332447 -0.9980301260948181 -1.3835467100143433 -0.01995200663805008 -0.9997496604919434 0.010124645195901394 -2.44270658493042
-0.9978779554367065 0.018796129152178764 -0.062339235097169876 0.07031480967998505 0.062136560678482056 -0.011181090027093887 -0.9980049729347229 -1.3832505941390991 -0.01945565454661846 -0.9997607469558716 0.00998951680958271 -2.4423022270202637
-0.9978846311569214 0.018661901354789734 -0.06227252632379532 0.07032760977745056 0.062065623700618744 -0.011468758806586266 -0.9980061054229736 -1.3831933736801147 -0.019338883459568024 -0.9997600317001343 0.010286316275596619 -2.4422926902770996
-0.9978917837142944 0.01852397993206978 -0.06219916045665741 0.07024955004453659 0.061987657099962234 -0.011781697161495686 -0.9980073571205139 -1.3830164670944214 -0.019219882786273956 -0.9997589588165283 0.010608682408928871 -2.442262887954712
-0.997891902923584 0.018521683290600777 -0.06219777837395668 0.07024908810853958 0.06198631227016449 -0.01178104616701603 -0.9980074167251587 -1.3830093145370483 -0.019217535853385925 -0.9997590184211731 0.010608200915157795 -2.4422597885131836
-0.9978858828544617 0.018429240211844444 -0.062321607023477554 0.0702325850725174 0.06211252883076668 -0.011708159931004047 -0.99800044298172 -1.3830373287200928 -0.019122064113616943 -0.9997615814208984 0.010538802482187748 -2.442319869995117
-0.997891366481781 0.018414996564388275 -0.06223808974027634 0.07017839699983597 0.06202300265431404 -0.012029762379825115 -0.9980021715164185 -1.3831154108047485 -0.01912692002952099 -0.9997580051422119 0.010862323455512524 -2.442383289337158
-0.9978834390640259 0.01845848746597767 -0.06235174834728241 0.0702839270234108 0.06213134527206421 -0.012282860465347767 -0.9979923367500305 -1.3832120895385742 -0.019187290221452713 -0.9997541308403015 0.011110094375908375 -2.4423880577087402
-0.9978852272033691 0.01845446042716503 -0.062324799597263336 0.07028547674417496 0.06210489943623543 -0.012258945032954216 -0.9979943037033081 -1.3831874132156372 -0.01918148621916771 -0.9997544884681702 0.01108698919415474 -2.442385196685791
-0.9978770613670349 0.01855141669511795 -0.06242649257183075 0.07017045468091965 0.06220416724681854 -0.01232949085533619 -0.9979872703552246 -1.383215069770813 -0.01928376778960228 -0.9997518658638 0.011149422265589237 -2.4425876140594482
-0.9978808760643005 0.01855156384408474 -0.06236490607261658 0.07016123086214066 0.06214170530438423 -0.012374444864690304 -0.997990608215332 -1.3832037448883057 -0.0192860197275877 -0.9997512698173523 0.011195478029549122 -2.442622184753418
-0.9978814721107483 0.018376866355538368 -0.06240781769156456 0.07016438245773315 0.0621844083070755 -0.012487955391407013 -0.9979864954948425 -1.3831735849380493 -0.01911921426653862 -0.9997531175613403 0.011318826116621494 -2.4424595832824707
-0.9978956580162048 0.01884731836616993 -0.062038905918598175 0.07012007385492325 0.06181040033698082 -0.012474309653043747 -0.9980099201202393 -1.3836218118667603 -0.019583705812692642 -0.9997445344924927 0.011283180676400661 -2.442943572998047
-0.9978975057601929 0.01862139254808426 -0.06207754835486412 0.07015500217676163 0.061855293810367584 -0.012283415533602238 -0.9980095028877258 -1.3832839727401733 -0.019346853718161583 -0.999751091003418 0.011105839163064957 -2.4424848556518555
-0.9978952407836914 0.01868538372218609 -0.062094517052173615 0.07014442980289459 0.06187174469232559 -0.012273671105504036 -0.9980086088180542 -1.383244514465332 -0.019410304725170135 -0.999750018119812 0.011091822758316994 -2.4424610137939453
-0.9979029297828674 0.018941834568977356 -0.061893440783023834 0.07013395428657532 0.06167112663388252 -0.012104514054954052 -0.9980230927467346 -1.3834426403045654 -0.019653581082820892 -0.9997472763061523 0.010911047458648682 -2.4427490234375
-0.9978994131088257 0.01882539875805378 -0.06198561191558838 0.07022306323051453 0.061762891709804535 -0.012190858833491802 -0.998016357421875 -1.3831703662872314 -0.019543718546628952 -0.9997484087944031 0.011002620682120323 -2.442495107650757
-0.9979039430618286 0.018785612657666206 -0.061924807727336884 0.07022865116596222 0.0617029182612896 -0.012170275673270226 -0.9980202913284302 -1.383121371269226 -0.019502067938447 -0.9997494220733643 0.010985719971358776 -2.44248628616333
-0.9979047775268555 0.018748393282294273 -0.06192275509238243 0.07027001678943634 0.0616987980902195 -0.012297399342060089 -0.9980190396308899 -1.3830084800720215 -0.019472746178507805 -0.9997485876083374 0.011114961467683315 -2.442413568496704
-0.9979046583175659 0.018745822831988335 -0.06192547455430031 0.07027094066143036 0.06170153617858887 -0.01229806337505579 -0.9980188608169556 -1.3829998970031738 -0.019470250234007835 -0.9997485876083374 0.011115729808807373 -2.442410945892334
-0.9978979825973511 0.018826350569725037 -0.06200854480266571 0.07014325261116028 0.061785485595464706 -0.012207748368382454 -0.9980147480964661 -1.3830435276031494 -0.019545963034033775 -0.999748170375824 0.011018973775207996 -2.4423716068267822
-0.997888445854187 0.018698014318943024 -0.06219983100891113 0.0701754167675972 0.06197825446724892 -0.012205509468913078 -0.998002827167511 -1.3831114768981934 -0.019419854506850243 -0.9997506141662598 0.011020948179066181 -2.442460536956787
-0.9978911280632019 0.01861005835235119 -0.06218375638127327 0.07022909820079803 0.06196049973368645 -0.01234236266463995 -0.9980022311210632 -1.3831276893615723 -0.019340377300977707 -0.9997506141662598 0.011163326911628246 -2.4424285888671875
-0.9979014992713928 0.01834680512547493 -0.062095314264297485 0.0702374279499054 0.06187202408909798 -0.012497788295149803 -0.9980058073997498 -1.383256435394287 -0.01908627524971962 -0.9997535347938538 0.011336488649249077 -2.442430019378662
-0.997886061668396 0.01834472082555294 -0.062343090772628784 0.0701209306716919 0.062119148671627045 -0.012534435838460922 -0.9979900121688843 -1.3833551406860352 -0.019089285284280777 -0.9997531175613403 0.0113684618845582 -2.4424352645874023
-0.9978929162025452 0.018166763707995415 -0.06228594854474068 0.07022377848625183 0.06206177920103073 -0.012653335928916931 -0.9979920387268066 -1.383366346359253 -0.018918413668870926 -0.9997548460960388 0.011499294079840183 -2.442472219467163
-0.9978930354118347 0.018162522464990616 -0.06228569522500038 0.07022534310817719 0.0620616152882576 -0.012651105411350727 -0.9979920983314514 -1.3833669424057007 -0.01891404017806053 -0.9997549653053284 0.011497335508465767 -2.442472457885742
-0.9978928565979004 0.01812426932156086 -0.06229902058839798 0.07022800296545029 0.0620758943259716 -0.012623834423720837 -0.9979915618896484 -1.3833612203598022 -0.01887432299554348 -0.9997559785842896 0.011472235433757305 -2.4424750804901123
-0.9978913068771362 0.018127135932445526 -0.06232340633869171 0.07025742530822754 0.062097854912281036 -0.012750779278576374 -0.9979885816574097 -1.3832085132598877 -0.018885349854826927 -0.9997543692588806 0.0115983160212636 -2.4425880908966064
-0.9978923201560974 0.018117165192961693 -0.06230999529361725 0.07025744765996933 0.06208140775561333 -0.01291752327233553 -0.9979874491691589 -1.3831971883773804 -0.018885597586631775 -0.999752402305603 0.011765639297664165 -2.442591428756714
-0.9978928565979004 0.017964089289307594 -0.06234539672732353 0.07028337568044662 0.06211729347705841 -0.012988234870135784 -0.9979842901229858 -1.3831535577774048 -0.018737638369202614 -0.9997542500495911 0.011845067143440247 -2.4425973892211914
-0.9978935122489929 0.017977073788642883 -0.06233098730444908 0.07028573006391525 0.062103256583213806 -0.01295994222164154 -0.9979855418205261 -1.3831294775009155 -0.01874866895377636 -0.9997543692588806 0.011816289275884628 -2.4425997734069824
-0.9978695511817932 0.018187912181019783 -0.06265319883823395 0.07006723433732986 0.06242450699210167 -0.012880763038992882 -0.9979665279388428 -1.383144736289978 -0.01895795203745365 -0.9997515678405762 0.011718031018972397 -2.4424962997436523
-0.9978633522987366 0.018199628219008446 -0.06274855136871338 0.0701964795589447 0.06252043694257736 -0.012843886390328407 -0.9979609847068787 -1.3833508491516113 -0.018968457356095314 -0.9997518062591553 0.01167867612093687 -2.4424960613250732
-0.9978638291358948 0.018219254910945892 -0.06273481994867325 0.07019668072462082 0.06250631809234619 -0.012852256186306477 -0.9979617595672607 -1.383342981338501 -0.018988406285643578 -0.9997513890266418 0.011686064302921295 -2.4424877166748047
-0.9978669285774231 0.018719743937253952 -0.0625382587313652 0.07016710191965103 0.062316879630088806 -0.012185045517981052 -0.9979819655418396 -1.3839292526245117 -0.019444001838564873 -0.9997504949569702 0.010992579162120819 -2.443005323410034
-0.9978775978088379 0.01859578676521778 -0.062404435127973557 0.0701824426651001 0.06217941269278526 -0.012443307787179947 -0.9979873895645142 -1.3838597536087036 -0.019334880635142326 -0.9997496008872986 0.011260705068707466 -2.443023681640625
-0.997884213924408 0.018624471500515938 -0.062289804220199585 0.07020717114210129 0.062067195773124695 -0.012301073409616947 -0.9979961514472961 -1.3833492994308472 -0.019353384152054787 -0.9997508525848389 0.011119159869849682 -2.442608118057251
-0.9978852868080139 0.018643338233232498 -0.062267035245895386 0.07020672410726547 0.062044184654951096 -0.012302825227379799 -0.997997522354126 -1.3833181858062744 -0.01937207020819187 -0.9997504353523254 0.011120178736746311 -2.442593574523926
-0.9978932738304138 0.018841328099370003 -0.062079306691884995 0.07010914385318756 0.06185569241642952 -0.012228140607476234 -0.9980101585388184 -1.3835865259170532 -0.01956295408308506 -0.9997476935386658 0.011037017218768597 -2.4429233074188232
-0.9978989362716675 0.019113723188638687 -0.061904627829790115 0.07017190754413605 0.06168144568800926 -0.012053711339831352 -0.9980230331420898 -1.3835320472717285 -0.019822120666503906 -0.9997445940971375 0.010849504731595516 -2.4428107738494873
-0.9979031085968018 0.019129620864987373 -0.06183287501335144 0.0701896995306015 0.061608392745256424 -0.01211017370223999 -0.9980269074440002 -1.3835465908050537 -0.01984068751335144 -0.999743640422821 0.010906316339969635 -2.4428112506866455
-0.9979045987129211 0.01910032518208027 -0.06181814521551132 0.070185586810112 0.0615941621363163 -0.012100966647267342 -0.9980278611183167 -1.3835294246673584 -0.019810719415545464 -0.9997442960739136 0.010899222455918789 -2.4428136348724365
-0.9979293942451477 0.019703906029462814 -0.06122472137212753 0.07032345235347748 0.06100846454501152 -0.011395872570574284 -0.9980721473693848 -1.3830631971359253 -0.02036363258957863 -0.9997408986091614 0.010170252993702888 -2.442509174346924
-0.9979305267333984 0.019726036116480827 -0.061199627816677094 0.07032806426286697 0.06098315492272377 -0.011395329609513283 -0.9980736970901489 -1.3829981088638306 -0.02038543112576008 -0.9997404217720032 0.010168871842324734 -2.4424736499786377
-0.9979290962219238 0.019517814740538597 -0.061289768666028976 0.07028751820325851 0.06107374653220177 -0.011478444561362267 -0.9980672001838684 -1.3828552961349487 -0.020183606073260307 -0.9997435808181763 0.010262728668749332 -2.442373514175415
-0.9979294538497925 0.019476259127259254 -0.06129665672779083 0.070282481610775 0.061075691133737564 -0.011745069175958633 -0.9980639815330505 -1.3829163312911987 -0.020158488303422928 -0.9997413158416748 0.010531305335462093 -2.4424362182617188
-0.9979310631752014 0.019436737522482872 -0.06128352880477905 0.07028322666883469 0.06106436625123024 -0.011676043272018433 -0.9980654716491699 -1.3828667402267456 -0.020114688202738762 -0.999742865562439 0.010465075261890888 -2.4424195289611816
-0.9979295134544373 0.01945977658033371 -0.061301443725824356 0.07028251886367798 0.061081599444150925 -0.011698201298713684 -0.9980641603469849 -1.3827922344207764 -0.02013922482728958 -0.9997421503067017 0.01048542745411396 -2.442390203475952
-0.9979531764984131 0.02032477781176567 -0.06063172593712807 0.06998191773891449 0.06040960177779198 -0.011370704509317875 -0.9981088638305664 -1.3833497762680054 -0.02097577042877674 -0.9997287392616272 0.010119699873030186 -2.442906618118286
-0.9979493618011475 0.020235402509570122 -0.06072415038943291 0.07014050334692001 0.060501351952552795 -0.011446991935372353 -0.9981024265289307 -1.383480429649353 -0.02089211717247963 -0.9997296929359436 0.010199330747127533 -2.442854881286621
-0.9979630708694458 0.020319385454058647 -0.06047029793262482 0.0702509805560112 0.06025388836860657 -0.011099593713879585 -0.9981213212013245 -1.3833513259887695 -0.020952410995960236 -0.9997318983078003 0.009852743707597256 -2.4425814151763916
-0.9979619383811951 0.02033223584294319 -0.06048489362001419 0.07024840265512466 0.06026873737573624 -0.011081507429480553 -0.9981206059455872 -1.3833400011062622 -0.02096429094672203 -0.9997318387031555 0.009833605028688908 -2.4425690174102783
-0.9979647397994995 0.020307626575231552 -0.060447175055742264 0.07024627923965454 0.060230713337659836 -0.011107508093118668 -0.9981226325035095 -1.3833177089691162 -0.02094092406332493 -0.9997320175170898 0.009861839935183525 -2.4425506591796875
-0.9979517459869385 0.020370129495859146 -0.06064009666442871 0.07019640505313873 0.060421813279390335 -0.011166083626449108 -0.9981104135513306 -1.3833638429641724 -0.021008754149079323 -0.999730110168457 0.009912494570016861 -2.4427058696746826
-0.9979509711265564 0.020368071272969246 -0.060653623193502426 0.0701880231499672 0.06043592467904091 -0.011139442212879658 -0.9981098771095276 -1.3833531141281128 -0.02100522443652153 -0.9997304677963257 0.009885734878480434 -2.4427099227905273
-0.9979506134986877 0.020369399338960648 -0.06065933406352997 0.07017853856086731 0.06044131517410278 -0.01115408819168806 -0.9981094002723694 -1.3833436965942383 -0.021007491275668144 -0.9997302889823914 0.009900156408548355 -2.4427103996276855
-0.9979829788208008 0.02081913687288761 -0.05996997281908989 0.07023314386606216 0.05975097045302391 -0.01098724827170372 -0.9981527924537659 -1.383804202079773 -0.02143958956003189 -0.9997228384017944 0.009721203707158566 -2.4431614875793457
-0.9979832172393799 0.02081999182701111 -0.05996524542570114 0.07023025304079056 0.05974625051021576 -0.010986256413161755 -0.9981530904769897 -1.38381028175354 -0.021440336480736732 -0.9997228384017944 0.009720264934003353 -2.4431700706481934
-0.998018741607666 0.02102966234087944 -0.059297069907188416 0.07025928795337677 0.059080470353364944 -0.010776052251458168 -0.9981949925422668 -1.3837050199508667 -0.021630695089697838 -0.9997207522392273 0.009512340649962425 -2.4430980682373047
-0.9980171322822571 0.021067893132567406 -0.059311069548130035 0.07024922221899033 0.05909433588385582 -0.010765690356492996 -0.9981943368911743 -1.3837053775787354 -0.02166837826371193 -0.99972003698349 0.00949943158775568 -2.443103790283203
-0.9980185627937317 0.021066436544060707 -0.05928702652454376 0.07023663818836212 0.059070099145174026 -0.010775024071335793 -0.9981956481933594 -1.3837051391601562 -0.021667247638106346 -0.9997199773788452 0.009509359486401081 -2.4431116580963135
-0.9980181455612183 0.021151850000023842 -0.05926411971449852 0.07021360099315643 0.05905076861381531 -0.010573074221611023 -0.998198926448822 -1.3833706378936768 -0.02174036018550396 -0.9997203350067139 0.009303167462348938 -2.442840337753296
-0.998018205165863 0.021158477291464806 -0.059260763227939606 0.07020828127861023 0.059047434478998184 -0.010569126345217228 -0.9981991648674011 -1.3833614587783813 -0.021746713668107986 -0.9997202157974243 0.009298907592892647 -2.4428343772888184
-0.9980273842811584 0.02132769301533699 -0.059045013040304184 0.07017295062541962 0.05883006751537323 -0.010569345206022263 -0.9982120394706726 -1.3832886219024658 -0.02191362902522087 -0.9997166395187378 0.009293868206441402 -2.4427742958068848
-0.9980192184448242 0.021172620356082916 -0.0592387430369854 0.07021287083625793 0.05902275815606117 -0.010684942826628685 -0.9981994032859802 -1.3829808235168457 -0.02176746167242527 -0.9997186660766602 0.009414193220436573 -2.442427635192871
-0.9980188012123108 0.021159278228878975 -0.059250254184007645 0.07019876688718796 0.0590340830385685 -0.010699423030018806 -0.9981985688209534 -1.3829288482666016 -0.02175510860979557 -0.9997188448905945 0.009429187513887882 -2.442383289337158
-0.9979957342147827 0.021024279296398163 -0.05968483164906502 0.07015678286552429 0.05947112664580345 -0.010647943243384361 -0.998173177242279 -1.382824420928955 -0.021621396765112877 -0.9997222423553467 0.00937634613364935 -2.4422450065612793
-0.997983455657959 0.020661557093262672 -0.0600164458155632 0.0702517032623291 0.059802379459142685 -0.01082767266780138 -0.9981514811515808 -1.3828204870224 -0.021273205056786537 -0.9997278451919556 0.009570308960974216 -2.4422221183776855
-0.9979823231697083 0.02065320499241352 -0.0600382462143898 0.07024653255939484 0.05982295423746109 -0.010889044031500816 -0.998149573802948 -1.3827279806137085 -0.021268751472234726 -0.9997273683547974 0.009631618857383728 -2.442152261734009
-0.9979747533798218 0.019941547885537148 -0.06040308251976967 0.07030177861452103 0.060182567685842514 -0.011479410342872143 -0.9981213212013245 -1.382924199104309 -0.02059747837483883 -0.9997351765632629 0.01025610975921154 -2.4425277709960938
-0.9980127811431885 0.020195627585053444 -0.059686098247766495 0.07021021097898483 0.059451695531606674 -0.012014833278954029 -0.9981588125228882 -1.383611798286438 -0.020875565707683563 -0.9997237920761108 0.01079037506133318 -2.442953109741211
-0.9980148077011108 0.020197799429297447 -0.059652093797922134 0.07020090520381927 0.059417977929115295 -0.011999950744211674 -0.9981610178947449 -1.3836208581924438 -0.020876482129096985 -0.9997239708900452 0.01077609695494175 -2.4429738521575928
-0.9980154037475586 0.020195189863443375 -0.05964246392250061 0.0701824501156807 0.059408340603113174 -0.012001652270555496 -0.9981615543365479 -1.3836467266082764 -0.02087387442588806 -0.9997239708900452 0.0107781533151865 -2.443014621734619
-0.9980161786079407 0.020112330093979836 -0.05965757742524147 0.07016687095165253 0.05942242965102196 -0.012093883007764816 -0.998159646987915 -1.3833134174346924 -0.02079681120812893 -0.9997245669364929 0.010874848812818527 -2.4426653385162354
-0.9980074167251587 0.019800739362835884 -0.05990788713097572 0.07026807963848114 0.059675030410289764 -0.012149211019277573 -0.9981438517570496 -1.383198857307434 -0.020491823554039 -0.999730110168457 0.010943474248051643 -2.4424829483032227
-0.9980095028877258 0.01979915425181389 -0.05987335741519928 0.0702613815665245 0.05964065343141556 -0.012142421677708626 -0.9981459975242615 -1.3831745386123657 -0.020489457994699478 -0.9997302293777466 0.01093749888241291 -2.4424679279327393
-0.9980198740959167 0.019549140706658363 -0.05978332459926605 0.0703849121928215 0.05955241248011589 -0.01218858826905489 -0.9981507062911987 -1.3831437826156616 -0.020241664722561836 -0.9997345805168152 0.011000336147844791 -2.4425017833709717
-0.9980120062828064 0.019332991912961006 -0.059984173625707626 0.07038500159978867 0.05975260213017464 -0.012341470457613468 -0.9981368780136108 -1.3831428289413452 -0.020037267357110977 -0.9997369050979614 0.011161820963025093 -2.442516326904297
-0.9980229735374451 0.019794438034296036 -0.05964988097548485 0.07023200392723083 0.05941397324204445 -0.012299792841076851 -0.9981576204299927 -1.3835277557373047 -0.02049165405333042 -0.9997283816337585 0.011099491268396378 -2.442922830581665
-0.9980217814445496 0.019823960959911346 -0.059660933911800385 0.07022055983543396 0.059424497187137604 -0.012309632264077663 -0.9981568455696106 -1.3835346698760986 -0.020521828904747963 -0.9997276663780212 0.011107333935797215 -2.4429397583007812
-0.9980238080024719 0.01982652023434639 -0.05962564796209335 0.07020451128482819 0.05938936024904251 -0.012300759553909302 -0.9981590509414673 -1.3835411071777344 -0.020523464307188988 -0.999727725982666 0.01109904795885086 -2.442967176437378
-0.9980151057243347 0.019906481727957726 -0.05974417179822922 0.07024640589952469 0.05951523035764694 -0.01190176047384739 -0.9981564283370972 -1.383357286453247 -0.020580846816301346 -0.9997309446334839 0.010693480260670185 -2.442551374435425
-0.9980041980743408 0.019613606855273247 -0.06002303212881088 0.070267453789711 0.05979602783918381 -0.011962681077420712 -0.9981389045715332 -1.383143663406372 -0.020295143127441406 -0.9997360110282898 0.010766071267426014 -2.442411422729492
-0.9979885220527649 0.01963496208190918 -0.06027603894472122 0.07025304436683655 0.060047697275877 -0.012018825858831406 -0.9981231093406677 -1.383040189743042 -0.020322559401392937 -0.9997349381446838 0.010815697722136974 -2.44230055809021
-0.9979893565177917 0.019631456583738327 -0.06026318669319153 0.0702466294169426 0.06003527715802193 -0.01199937891215086 -0.9981240630149841 -1.3830111026763916 -0.02031775377690792 -0.9997352361679077 0.010796753689646721 -2.4422764778137207
-0.9979830384254456 0.0195133276283741 -0.060405973345041275 0.07024553418159485 0.06017366051673889 -0.01228135172277689 -0.9981123208999634 -1.3830348253250122 -0.020218363031744957 -0.999734103679657 0.011082474142313004 -2.442394256591797
-0.9979823231697083 0.019324179738759995 -0.060479022562503815 0.07025666534900665 0.060245443135499954 -0.012449703179299831 -0.9981058835983276 -1.3831181526184082 -0.02004052698612213 -0.9997357130050659 0.011260471306741238 -2.4424493312835693
-0.9979813694953918 0.019302455708384514 -0.06050156429409981 0.07025066763162613 0.06026880815625191 -0.012420984916388988 -0.9981048703193665 -1.3830978870391846 -0.020017366856336594 -0.999736487865448 0.011232656426727772 -2.4424381256103516
-0.9979819655418396 0.019324569031596184 -0.06048431247472763 0.07024302333593369 0.060251571238040924 -0.01240768376737833 -0.998106062412262 -1.3830660581588745 -0.02003844454884529 -0.9997362494468689 0.011218390427529812 -2.442425012588501
-0.9979792237281799 0.019256923347711563 -0.06055120751261711 0.07022768259048462 0.060315974056720734 -0.012570790015161037 -0.9981001615524292 -1.3831325769424438 -0.019981518387794495 -0.9997354745864868 0.011383968405425549 -2.442495822906494
-0.9979742765426636 0.019010981544852257 -0.060710933059453964 0.07022818177938461 0.06047987565398216 -0.01250226516276598 -0.9980911016464233 -1.3832592964172363 -0.019733717665076256 -0.9997410774230957 0.011327238753437996 -2.4424936771392822
-0.9979760050773621 0.019007159397006035 -0.06068366765975952 0.07022104412317276 0.06045334041118622 -0.012467149645090103 -0.9980931282043457 -1.3832415342330933 -0.019727470353245735 -0.9997415542602539 0.011292951181530952 -2.442490339279175
-0.9979705214500427 0.018895627930760384 -0.060808394104242325 0.07030075043439865 0.0605727881193161 -0.012801024131476879 -0.9980816841125488 -1.383178472518921 -0.01963779330253601 -0.9997394680976868 0.01163056492805481 -2.4425899982452393
