# 3x4 first row second row third row Freq: 250 current Time: 2020-10-02-15:26:18
-0.9992721676826477 -0.023162197321653366 -0.03030618093907833 -0.40855783224105835 0.03054574504494667 -0.010059968568384647 -0.9994826912879944 -0.8105590343475342 0.02284533530473709 -0.9996810555458069 0.010760234668850899 -3.0794219970703125
-0.9992622137069702 -0.023973390460014343 -0.030002281069755554 -0.4084303081035614 0.030253740027546883 -0.010196042247116566 -0.9994902014732361 -0.8103615641593933 0.02365526370704174 -0.9996605515480042 0.01091388612985611 -3.078676700592041
-0.9992436170578003 -0.024830816313624382 -0.0299252737313509 -0.40824374556541443 0.030207637697458267 -0.011075301095843315 -0.9994822144508362 -0.810214638710022 0.02448652870953083 -0.9996302723884583 0.011817085556685925 -3.0784192085266113
-0.999241292476654 -0.024864697828888893 -0.0299740731716156 -0.4081583023071289 0.03025766834616661 -0.011108698323369026 -0.9994803667068481 -0.8101082444190979 0.024518802762031555 -0.9996290802955627 0.01185269933193922 -3.0783627033233643
-0.9992631077766418 -0.024301081895828247 -0.029707465320825577 -0.40834107995033264 0.029966257512569427 -0.010355383157730103 -0.9994972348213196 -0.8102193474769592 0.023981232196092606 -0.9996510148048401 0.011076046153903008 -3.0788443088531494
-0.9992636442184448 -0.024313822388648987 -0.029679227620363235 -0.40835070610046387 0.029938913881778717 -0.010387002490460873 -0.9994977116584778 -0.8102108240127563 0.02399333007633686 -0.9996503591537476 0.011107364669442177 -3.078855037689209
-0.9992664456367493 -0.02444463223218918 -0.029477130621671677 -0.4085754156112671 0.029728928580880165 -0.01000204123556614 -0.9995079040527344 -0.8102626800537109 0.024137770757079124 -0.9996511340141296 0.010721498169004917 -3.078615427017212
-0.9992662668228149 -0.024457938969135284 -0.02947196364402771 -0.4086415767669678 0.02972365915775299 -0.00999185349792242 -0.9995081424713135 -0.8102638721466064 0.024151429533958435 -0.9996508955955505 0.010711582377552986 -3.0786280632019043
-0.9992716908454895 -0.02390163764357567 -0.029743541032075882 -0.4082854986190796 0.02999769151210785 -0.010345840826630592 -0.9994964003562927 -0.809962809085846 0.02358187735080719 -0.9996607303619385 0.011055381037294865 -3.0788075923919678
-0.9992720484733582 -0.02389969490468502 -0.029731731861829758 -0.4082869589328766 0.02998567745089531 -0.010338135994970798 -0.9994968175888062 -0.8099380731582642 0.023580297827720642 -0.999660849571228 0.011047339998185635 -3.0788233280181885
-0.9992698431015015 -0.023855913430452347 -0.02984054759144783 -0.4083854854106903 0.03009338118135929 -0.010310405865311623 -0.9994938969612122 -0.8099693655967712 0.02353616990149021 -0.9996622204780579 0.011020864360034466 -3.078810214996338
-0.9992406964302063 -0.02512284554541111 -0.0297768022865057 -0.40836966037750244 0.030059779062867165 -0.010962105356156826 -0.9994879364967346 -0.8101021647453308 0.02478356473147869 -0.9996242523193359 0.01170905027538538 -3.0778071880340576
-0.9992407560348511 -0.025007056072354317 -0.029873348772525787 -0.4083220362663269 0.03017287515103817 -0.011687152087688446 -0.9994763135910034 -0.8096765279769897 0.024644827470183372 -0.9996188879013062 0.012432894669473171 -3.0783796310424805
-0.9992404580116272 -0.02500934898853302 -0.029880739748477936 -0.408334344625473 0.030180979520082474 -0.0117148756980896 -0.9994757771492004 -0.809593915939331 0.02464618906378746 -0.9996185302734375 0.012460866011679173 -3.078380823135376
-0.9992853403091431 -0.024829551577568054 -0.028497880324721336 -0.40868866443634033 0.0287779588252306 -0.010996565222740173 -0.9995253086090088 -0.8108210563659668 0.024504387751221657 -0.9996311664581299 0.01170333195477724 -3.0785605907440186
-0.9992880821228027 -0.02545550838112831 -0.027842286974191666 -0.4085719585418701 0.028112074360251427 -0.010302574373781681 -0.9995516538619995 -0.8108580708503723 0.025157248601317406 -0.9996228218078613 0.011010929010808468 -3.078334093093872
-0.9992881417274475 -0.025465743616223335 -0.027830922976136208 -0.4086468517780304 0.028100235387682915 -0.010279340669512749 -0.9995521903038025 -0.8109676241874695 0.02516825683414936 -0.9996228218078613 0.01098769810050726 -3.0783138275146484
-0.9992699027061462 -0.025332022458314896 -0.02859657071530819 -0.40843328833580017 0.02887830138206482 -0.010826255194842815 -0.9995242357254028 -0.8099789619445801 0.025010377168655396 -0.9996204376220703 0.011549978516995907 -3.078390598297119
-0.9992691278457642 -0.025365743786096573 -0.028595110401511192 -0.40844303369522095 0.02887737564742565 -0.010832090862095356 -0.9995242357254028 -0.8099572658538818 0.025043930858373642 -0.9996194839477539 0.01155675109475851 -3.0783958435058594
-0.9992735981941223 -0.0247440617531538 -0.028979899361729622 -0.40844371914863586 0.0292670875787735 -0.011324082501232624 -0.9995074272155762 -0.8098780512809753 0.024403704330325127 -0.9996296167373657 0.012040125206112862 -3.0785465240478516
-0.9992733001708984 -0.02438611537218094 -0.02929164655506611 -0.4082455337047577 0.029546726495027542 -0.010166172869503498 -0.9995116591453552 -0.8104067444801331 0.024076422676444054 -0.9996508955955505 0.010879396460950375 -3.0784659385681152
-0.9992771148681641 -0.02543557807803154 -0.028250092640519142 -0.4083471894264221 0.02852926217019558 -0.01068029087036848 -0.999535858631134 -0.8106565475463867 0.025122053921222687 -0.9996193647384644 0.011398309841752052 -3.078063726425171
-0.9992377161979675 -0.025115225464105606 -0.029883285984396935 -0.4083530604839325 0.030196284875273705 -0.01217691507190466 -0.9994697570800781 -0.8098298907279968 0.024738023057579994 -0.9996103644371033 0.012926100753247738 -3.0781753063201904
-0.9992372393608093 -0.025143081322312355 -0.02987729385495186 -0.4083631932735443 0.030191367492079735 -0.01220583263784647 -0.9994695782661438 -0.8097940683364868 0.02476506680250168 -0.9996092915534973 0.012955707497894764 -3.078188419342041
-0.9993308186531067 -0.022325988858938217 -0.02897173911333084 -0.40840351581573486 0.029208987951278687 -0.01037463266402483 -0.9995194673538208 -0.8105029463768005 0.022014688700437546 -0.9996968507766724 0.011019891127943993 -3.078975200653076
-0.9993218779563904 -0.022321021184325218 -0.02928178571164608 -0.40839630365371704 0.029519230127334595 -0.010383413173258305 -0.9995102286338806 -0.8104985952377319 0.022006044164299965 -0.9996969103813171 0.011035352945327759 -3.079028606414795
-0.9993302822113037 -0.021811939775943756 -0.029377812519669533 -0.408352255821228 0.029593702405691147 -0.009641767479479313 -0.9995154738426208 -0.810392439365387 0.02151811681687832 -0.9997155666351318 0.010280887596309185 -3.0788142681121826
-0.9993085265159607 -0.0220675989985466 -0.029922299087047577 -0.4081195890903473 0.030145185068249702 -0.009837549179792404 -0.9994970560073853 -0.8098761439323425 0.021762138232588768 -0.9997080564498901 0.010496060363948345 -3.078385353088379
-0.9993075728416443 -0.02211286872625351 -0.029920820146799088 -0.4081052541732788 0.030144449323415756 -0.009849842637777328 -0.9994969964027405 -0.8098348379135132 0.021807029843330383 -0.9997069239616394 0.01050968375056982 -3.078355550765991
-0.9993078708648682 -0.022086551412940025 -0.029929300770163536 -0.4081103205680847 0.03015201911330223 -0.009820600040256977 -0.9994970560073853 -0.8098216652870178 0.021781519055366516 -0.9997077584266663 0.010479838587343693 -3.0783090591430664
-0.9993559718132019 -0.020356368273496628 -0.029547620564699173 -0.40825867652893066 0.02972017414867878 -0.008226837031543255 -0.9995243549346924 -0.8102518916130066 0.02010360360145569 -0.9997588992118835 0.00882661435753107 -3.0786688327789307
-0.9993561506271362 -0.020353779196739197 -0.02954317443072796 -0.4082637131214142 0.02971566841006279 -0.008224940858781338 -0.9995245337486267 -0.8102632761001587 0.020101111382246017 -0.9997589588165283 0.008824552409350872 -3.078662395477295
-0.9993565082550049 -0.020349666476249695 -0.029535282403230667 -0.40827450156211853 0.029707415029406548 -0.008208897896111012 -0.9995248913764954 -0.8102763891220093 0.02009754627943039 -0.9997591972351074 0.00880823191255331 -3.0786471366882324
-0.9993431568145752 -0.020357433706521988 -0.029976969584822655 -0.40826335549354553 0.030156489461660385 -0.008569306693971157 -0.9995084404945374 -0.8099910020828247 0.02009054459631443 -0.9997559785842896 0.009177668951451778 -3.078278064727783
-0.9993480443954468 -0.02008616365492344 -0.029997583478689194 -0.4082808792591095 0.03016071952879429 -0.007868626154959202 -0.9995140433311462 -0.8100709319114685 0.019840361550450325 -0.9997672438621521 0.008469389751553535 -3.0788252353668213
-0.9993460178375244 -0.020027941092848778 -0.030103707686066628 -0.40828490257263184 0.030269457027316093 -0.008024714887142181 -0.9995095133781433 -0.8099055886268616 0.019776543602347374 -0.9997671842575073 0.008625783026218414 -3.078838348388672
-0.9993461966514587 -0.020020781084895134 -0.030103858560323715 -0.40828803181648254 0.030269457027316093 -0.008020357228815556 -0.9995095729827881 -0.8098995089530945 0.019769519567489624 -0.9997673630714417 0.008621212095022202 -3.0788397789001465
-0.9993420243263245 -0.020125780254602432 -0.030172206461429596 -0.4083104431629181 0.03034053184092045 -0.00811135582625866 -0.9995066523551941 -0.8098982572555542 0.019871113821864128 -0.9997645020484924 0.008716725744307041 -3.078838586807251
-0.9993224143981934 -0.020620856434106827 -0.0304841510951519 -0.4082333743572235 0.030670205131173134 -0.008767206221818924 -0.9994910955429077 -0.8098105192184448 0.020343100652098656 -0.9997488856315613 0.009393793530762196 -3.0786426067352295
-0.9992944002151489 -0.021005019545555115 -0.031134525313973427 -0.40838053822517395 0.0313337966799736 -0.009225232526659966 -0.9994663596153259 -0.8098344206809998 0.02070658653974533 -0.9997367858886719 0.009876971133053303 -3.078221082687378
-0.9992101192474365 -0.02197091095149517 -0.03311016783118248 -0.40841203927993774 0.033346835523843765 -0.010494151152670383 -0.9993886947631836 -0.809959352016449 0.021610016003251076 -0.9997034668922424 0.011218603700399399 -3.0781288146972656
-0.9992243051528931 -0.021258609369397163 -0.03314700350165367 -0.4085181653499603 0.033382318913936615 -0.010811452753841877 -0.9993841648101807 -0.8108031153678894 0.02088714949786663 -0.9997155070304871 0.011512809433043003 -3.079289197921753
-0.9991946220397949 -0.02170315571129322 -0.03374800086021423 -0.4083034098148346 0.03399462252855301 -0.011096592992544174 -0.9993603825569153 -0.8101786971092224 0.02131478488445282 -0.9997028112411499 0.011825527995824814 -3.0786149501800537
-0.9991943836212158 -0.02173621952533722 -0.03373445197939873 -0.4082878530025482 0.03398243710398674 -0.011142199859023094 -0.9993602633476257 -0.8101637959480286 0.0213464368134737 -0.9997016191482544 0.011871954426169395 -3.078601121902466
-0.9991839528083801 -0.022014925256371498 -0.03386226296424866 -0.4082375466823578 0.03412377089262009 -0.011613492853939533 -0.9993500709533691 -0.8100298643112183 0.021607358008623123 -0.9996901750564575 0.012355329468846321 -3.078599452972412
-0.9991850256919861 -0.02197604812681675 -0.033854689449071884 -0.40833157300949097 0.03411765769124031 -0.01170341670513153 -0.9993492364883423 -0.8099752068519592 0.021565532311797142 -0.9996899366378784 0.012443731538951397 -3.0785698890686035
-0.9991700649261475 -0.023403100669384003 -0.03333568572998047 -0.408328652381897 0.03363486006855965 -0.012508248910307884 -0.9993558526039124 -0.810149073600769 0.022971054539084435 -0.9996477961540222 0.013285109773278236 -3.0780491828918457
-0.9991928339004517 -0.02278541587293148 -0.03308003768324852 -0.4084039628505707 0.033359184861183167 -0.011981799267232418 -0.9993715882301331 -0.8102855682373047 0.02237473800778389 -0.999668538570404 0.012732312083244324 -3.0786263942718506
-0.9991925358772278 -0.022791370749473572 -0.033085595816373825 -0.40840697288513184 0.03336506336927414 -0.011992706917226315 -0.9993712306022644 -0.8102802634239197 0.022380253300070763 -0.9996682405471802 0.012743540108203888 -3.0786383152008057
-0.9991937875747681 -0.02284877374768257 -0.03300825506448746 -0.4083370268344879 0.033287808299064636 -0.011964583769440651 -0.9993741512298584 -0.8102731704711914 0.022439543157815933 -0.9996672868728638 0.012715605087578297 -3.0786802768707275
-0.9992066025733948 -0.022698448970913887 -0.0327230729162693 -0.4084727168083191 0.03300794959068298 -0.012291409075260162 -0.9993794560432434 -0.8103233575820923 0.022282149642705917 -0.9996667504310608 0.01303096767514944 -3.07863712310791
-0.9992054104804993 -0.02269691415131092 -0.03276000916957855 -0.4084823429584503 0.03304358199238777 -0.012233479879796505 -0.9993789792060852 -0.8103270530700684 0.022282050922513008 -0.9996675252914429 0.012973828241229057 -3.0786499977111816
-0.9991815686225891 -0.02299979142844677 -0.03327196091413498 -0.4084177315235138 0.033565014600753784 -0.012475059367716312 -0.9993586540222168 -0.8101258873939514 0.022569969296455383 -0.9996575713157654 0.013236919417977333 -3.0784718990325928
-0.9991678595542908 -0.023263266310095787 -0.033500105142593384 -0.4084613621234894 0.03380772843956947 -0.012958459556102753 -0.9993442893028259 -0.8101360201835632 0.02281390130519867 -0.9996453523635864 0.013734235428273678 -3.078380823135376
-0.9991685152053833 -0.023261364549398422 -0.03348240256309509 -0.4084610342979431 0.03378975763916969 -0.012948098592460155 -0.999345064163208 -0.8101307153701782 0.02281259559094906 -0.9996455311775208 0.013723409734666348 -3.078381061553955
-0.9991664886474609 -0.0233108289539814 -0.033508218824863434 -0.4084347188472748 0.03381689637899399 -0.012975997291505337 -0.999343752861023 -0.8101839423179626 0.022860728204250336 -0.9996439814567566 0.013753563165664673 -3.0783536434173584
-0.999151885509491 -0.02350173518061638 -0.03380811959505081 -0.4084709882736206 0.034127190709114075 -0.013310505077242851 -0.9993287920951843 -0.8102020025253296 0.023035956546664238 -0.9996351599693298 0.014101346023380756 -3.0782761573791504
-0.9991337656974792 -0.02384302392601967 -0.03410300612449646 -0.4084613025188446 0.03443865850567818 -0.013811424374580383 -0.9993113279342651 -0.8101319670677185 0.023355592042207718 -0.999620258808136 0.014620663598179817 -3.078342914581299
-0.9991381764411926 -0.023884499445557594 -0.03394591063261032 -0.40832147002220154 0.034283529967069626 -0.0138707235455513 -0.9993158578872681 -0.8100511431694031 0.023397304117679596 -0.9996184706687927 0.01467769593000412 -3.078411102294922
-0.9991435408592224 -0.025129355490207672 -0.03287145867943764 -0.40820589661598206 0.03324378281831741 -0.014544865116477013 -0.9993413686752319 -0.810368001461029 0.024634694680571556 -0.9995783567428589 0.015367884188890457 -3.077889919281006
-0.9991357326507568 -0.02514946460723877 -0.03309258073568344 -0.4082341194152832 0.03347809612751007 -0.01506548747420311 -0.9993258714675903 -0.8103424310684204 0.02463395521044731 -0.9995701313018799 0.015894504263997078 -3.078373432159424
-0.9991328716278076 -0.025161013007164 -0.033169567584991455 -0.4083114266395569 0.03356334939599037 -0.01539295632392168 -0.99931800365448 -0.8101710081100464 0.024633275344967842 -0.9995648264884949 0.016224179416894913 -3.0784120559692383
-0.9991195797920227 -0.025421656668186188 -0.03337111324071884 -0.40825673937797546 0.033772554248571396 -0.015529044903814793 -0.9993088245391846 -0.8100970387458801 0.024885864928364754 -0.9995561838150024 0.0163740087300539 -3.078310489654541
-0.9991071820259094 -0.02547369711101055 -0.0337018258869648 -0.4084358811378479 0.03411049768328667 -0.015782112255692482 -0.9992933869361877 -0.8101135492324829 0.024923810735344887 -0.9995508790016174 0.01663702353835106 -3.07822585105896
-0.9991071224212646 -0.02546602673828602 -0.03370875120162964 -0.40843653678894043 0.034116774797439575 -0.015761172398924828 -0.9992935061454773 -0.8101080656051636 0.024916745722293854 -0.9995514154434204 0.01661599986255169 -3.0782477855682373
-0.9991103410720825 -0.025428181514143944 -0.033642202615737915 -0.4084264636039734 0.0340505950152874 -0.015801826491951942 -0.9992951154708862 -0.810180127620697 0.024878649041056633 -0.9995517134666443 0.016653694212436676 -3.0783028602600098
-0.9990823864936829 -0.025878021493554115 -0.03412565588951111 -0.40850239992141724 0.03454615920782089 -0.015980113297700882 -0.999275267124176 -0.8100378513336182 0.025313934311270714 -0.9995373487472534 0.016859518364071846 -3.078341007232666
-0.9990891218185425 -0.025777488946914673 -0.034004196524620056 -0.40835511684417725 0.03442126139998436 -0.01591198332607746 -0.9992806911468506 -0.8100681900978088 0.025217872112989426 -0.9995410442352295 0.01678486540913582 -3.0784053802490234
-0.9990891218185425 -0.025776609778404236 -0.03400557488203049 -0.4083471894264221 0.034422509372234344 -0.015907470136880875 -0.9992807507514954 -0.810063898563385 0.025217125192284584 -0.9995411038398743 0.01678035780787468 -3.0784294605255127
-0.999111533164978 -0.024580787867307663 -0.034231673926115036 -0.40859198570251465 0.03460730239748955 -0.015021991916000843 -0.999288022518158 -0.8106115460395813 0.0240490585565567 -0.9995849132537842 0.01585940085351467 -3.078679323196411
-0.9991112351417542 -0.02412930130958557 -0.03456021472811699 -0.4084119200706482 0.034903571009635925 -0.013956597074866295 -0.9992932081222534 -0.8104206323623657 0.02362990379333496 -0.9996113777160645 0.014786473475396633 -3.078458786010742
-0.9991111755371094 -0.024152927100658417 -0.034543901681900024 -0.40838733315467834 0.03488760069012642 -0.013956361450254917 -0.9992937445640564 -0.810427725315094 0.02365376055240631 -0.9996108412742615 0.0147866765037179 -3.078463077545166
-0.9991576671600342 -0.0229015052318573 -0.03404846414923668 -0.40823352336883545 0.034352127462625504 -0.012999273836612701 -0.9993252158164978 -0.810389518737793 0.022443445399403572 -0.999653160572052 0.013775120489299297 -3.078695297241211
-0.9991915822029114 -0.021888507530093193 -0.033717937767505646 -0.4085880219936371 0.03399036079645157 -0.01219548936933279 -0.9993476867675781 -0.8106606006622314 0.021463023498654366 -0.9996860027313232 0.012929710559546947 -3.0789918899536133
-0.9992213249206543 -0.02077893540263176 -0.03353899344801903 -0.4085617661476135 0.03376397490501404 -0.010572679340839386 -0.9993738532066345 -0.8105968236923218 0.020411327481269836 -0.9997281432151794 0.011266106739640236 -3.078995704650879
-0.9992204308509827 -0.020807741209864616 -0.0335468128323555 -0.4085644483566284 0.033772073686122894 -0.010570365004241467 -0.9993736147880554 -0.8106005787849426 0.020440103486180305 -0.9997275471687317 0.011264926753938198 -3.07900333404541
-0.9992133378982544 -0.020959772169589996 -0.03366362676024437 -0.4082116186618805 0.033896397799253464 -0.010851130820810795 -0.9993664026260376 -0.8101195096969604 0.020581204444169998 -0.9997214078903198 0.011553136631846428 -3.0788183212280273
-0.9992128610610962 -0.020983949303627014 -0.03366236016154289 -0.4081575274467468 0.033894795924425125 -0.010821267031133175 -0.9993667602539062 -0.8100436329841614 0.02060639299452305 -0.9997212290763855 0.011524077504873276 -3.0787971019744873
-0.999222457408905 -0.020444530993700027 -0.033710479736328125 -0.40821024775505066 0.0339193269610405 -0.009955842979252338 -0.9993749260902405 -0.8102485537528992 0.02009613625705242 -0.9997413754463196 0.01064164750277996 -3.0789735317230225
-0.9992783665657043 -0.020367249846458435 -0.03205800801515579 -0.40863680839538574 0.032255642116069794 -0.009450106881558895 -0.9994349479675293 -0.8110970258712769 0.020052790641784668 -0.9997478723526001 0.010100327432155609 -3.0784294605255127
-0.9992755055427551 -0.020544180646538734 -0.032034870237112045 -0.40844959020614624 0.03223597630858421 -0.009533500298857689 -0.999434769153595 -0.8107430934906006 0.020227164030075073 -0.9997434616088867 0.01018893625587225 -3.0784552097320557
-0.9992603063583374 -0.02173786237835884 -0.031719695776700974 -0.408363938331604 0.03194168210029602 -0.009941971860826015 -0.9994402527809143 -0.8104034662246704 0.02141033671796322 -0.9997142553329468 0.010629042983055115 -3.078373670578003
-0.9992599487304688 -0.021731846034526825 -0.03173428401350975 -0.4083672761917114 0.03195599466562271 -0.009931942448019981 -0.9994398951530457 -0.8104065656661987 0.021404491737484932 -0.9997144341468811 0.01061913650482893 -3.0783326625823975
-0.9992625117301941 -0.022130673751235008 -0.03137641400098801 -0.40831276774406433 0.031600311398506165 -0.009840896353125572 -0.9994521141052246 -0.8104312419891357 0.0218097772449255 -0.9997066259384155 0.01053305622190237 -3.078476905822754
-0.999262809753418 -0.022117899730801582 -0.03137693926692009 -0.40831464529037476 0.03160065785050392 -0.009838877245783806 -0.9994521141052246 -0.8104325532913208 0.021797068417072296 -0.9997069239616394 0.010530645959079266 -3.0784687995910645
-0.9993069767951965 -0.020973023027181625 -0.03074950911104679 -0.40845832228660583 0.030954821035265923 -0.009535855613648891 -0.9994752407073975 -0.8106305003166199 0.020668795332312584 -0.9997345209121704 0.01017854455858469 -3.079160213470459
-0.9993292689323425 -0.020299501717090607 -0.030476585030555725 -0.4085679352283478 0.030659234151244164 -0.00874799583107233 -0.9994915723800659 -0.8103753924369812 0.020022571086883545 -0.9997556209564209 0.009364577010273933 -3.079192876815796
-0.9993294477462769 -0.02029660902917385 -0.03047240525484085 -0.40858232975006104 0.0306551530957222 -0.008754337206482887 -0.9994916319847107 -0.8103678822517395 0.020019525662064552 -0.9997556209564209 0.009370744228363037 -3.0792105197906494
-0.9993277788162231 -0.01977549120783806 -0.03086620569229126 -0.4085485637187958 0.03102954290807247 -0.00800660066306591 -0.9994863867759705 -0.8102927207946777 0.019518200308084488 -0.9997723698616028 0.008614923804998398 -3.0790016651153564
-0.9993025064468384 -0.020253952592611313 -0.03136972710490227 -0.40823158621788025 0.0315401628613472 -0.008150840178132057 -0.9994692206382751 -0.8097813129425049 0.01998751237988472 -0.9997615814208984 0.008784049190580845 -3.0786232948303223
-0.9993100166320801 -0.019885152578353882 -0.031367771327495575 -0.4082409739494324 0.03153561055660248 -0.008183634839951992 -0.9994691014289856 -0.8100338578224182 0.019617892801761627 -0.9997687339782715 0.008805159479379654 -3.0789291858673096
-0.9993107318878174 -0.019894413650035858 -0.03133836016058922 -0.40823546051979065 0.03150635212659836 -0.008187592960894108 -0.9994699954986572 -0.81002277135849 0.01962728425860405 -0.9997684955596924 0.008808830752968788 -3.0789313316345215
-0.9993076920509338 -0.020084673538804054 -0.031314924359321594 -0.4081946313381195 0.031494781374931335 -0.008701958693563938 -0.9994660019874573 -0.8099976778030396 0.019801445305347443 -0.9997603893280029 0.009328577667474747 -3.07881236076355
-0.9993061423301697 -0.020098282024264336 -0.03135436028242111 -0.4083039164543152 0.03153564780950546 -0.00876730214804411 -0.9994641542434692 -0.8100625872612 0.01981261931359768 -0.9997595548629761 0.009395112283527851 -3.0787644386291504
-0.9992907047271729 -0.0212726891040802 -0.031071476638317108 -0.40833449363708496 0.03129274770617485 -0.010148902423679829 -0.9994586706161499 -0.8100569844245911 0.020945832133293152 -0.9997221827507019 0.010807466693222523 -3.0784380435943604
-0.9992846846580505 -0.021301595494151115 -0.03124353103339672 -0.40829557180404663 0.031466998159885406 -0.010237226262688637 -0.9994523525238037 -0.8100447654724121 0.02097008191049099 -0.9997206330299377 0.010900282301008701 -3.0784378051757812
-0.9992987513542175 -0.020756879821419716 -0.0311606265604496 -0.4082575738430023 0.03136108070611954 -0.00940264668315649 -0.9994638562202454 -0.8101669549942017 0.02045275829732418 -0.9997403025627136 0.010047092102468014 -3.0789730548858643
-0.9992997050285339 -0.020412804558873177 -0.031356003135442734 -0.40827831625938416 0.03153419494628906 -0.008466699160635471 -0.9994667768478394 -0.8102162480354309 0.020136438310146332 -0.9997557401657104 0.009104552678763866 -3.079143762588501
-0.99929279088974 -0.021201014518737793 -0.031052928417921066 -0.4082956612110138 0.031245604157447815 -0.008817952126264572 -0.9994727969169617 -0.8102020621299744 0.020916013047099113 -0.9997363090515137 0.009474235586822033 -3.078585624694824
-0.9992700219154358 -0.02160922810435295 -0.03150113672018051 -0.408223956823349 0.031708166003227234 -0.009305594488978386 -0.9994537830352783 -0.8098775148391724 0.021304288879036903 -0.9997231364250183 0.009984072297811508 -3.0785655975341797
-0.9992685914039612 -0.021564332768321037 -0.03157627210021019 -0.4082568287849426 0.03178519755601883 -0.00941516738384962 -0.9994503259658813 -0.8098738789558411 0.02125518210232258 -0.9997230768203735 0.010093788616359234 -3.078540086746216
-0.9992491006851196 -0.02184497006237507 -0.031998198479413986 -0.40836814045906067 0.03222090005874634 -0.009919839911162853 -0.9994314908981323 -0.8099385499954224 0.0215151347219944 -0.9997121095657349 0.010616336949169636 -3.078500986099243
-0.9992378950119019 -0.02288176491856575 -0.03162089362740517 -0.4084313213825226 0.0318690687417984 -0.010563693940639496 -0.9994361996650696 -0.8101887106895447 0.02253483049571514 -0.9996823072433472 0.011284945532679558 -3.077993154525757
-0.9992576837539673 -0.022852584719657898 -0.031010931357741356 -0.40871796011924744 0.031255800276994705 -0.01043697353452444 -0.9994568824768066 -0.810716986656189 0.022516513243317604 -0.9996843338012695 0.011143583804368973 -3.07820200920105
-0.9992367625236511 -0.022517872974276543 -0.0319158136844635 -0.40857502818107605 0.03215150535106659 -0.01018346194177866 -0.9994310736656189 -0.8101590275764465 0.022180048748850822 -0.9996945261955261 0.010899755172431469 -3.078705310821533
-0.999231219291687 -0.02264251373708248 -0.03200128301978111 -0.40834829211235046 0.032239288091659546 -0.01022558193653822 -0.999427855014801 -0.8100945949554443 0.022302325814962387 -0.9996913075447083 0.01094778161495924 -3.078824043273926
-0.999214231967926 -0.022915536537766457 -0.03233545273542404 -0.4082770347595215 0.03258281946182251 -0.0105047058314085 -0.999413788318634 -0.8099605441093445 0.022562429308891296 -0.9996821880340576 0.011243185959756374 -3.07869553565979
-0.9992196559906006 -0.022747769951820374 -0.032286591827869415 -0.40822553634643555 0.03254132717847824 -0.010918334126472473 -0.9994106888771057 -0.809874415397644 0.022381847724318504 -0.9996815919876099 0.011650137603282928 -3.078658103942871
-0.999204158782959 -0.023080142214894295 -0.032530203461647034 -0.40809914469718933 0.03280199319124222 -0.011496500112116337 -0.9993957281112671 -0.8097122311592102 0.022692210972309113 -0.9996674656867981 0.012244506739079952 -3.0784430503845215
-0.9992024898529053 -0.023131608963012695 -0.03254477307200432 -0.40826722979545593 0.03281660005450249 -0.011470363475382328 -0.9993955492973328 -0.8098130822181702 0.022744325920939445 -0.9996665716171265 0.012220397591590881 -3.0783886909484863
-0.9992027282714844 -0.023119866847991943 -0.03254571184515953 -0.4082631766796112 0.032817356288433075 -0.011468697339296341 -0.9993955492973328 -0.8097900748252869 0.022732634097337723 -0.9996668696403503 0.012218368239700794 -3.0783793926239014
-0.9991729855537415 -0.024629512801766396 -0.0323505736887455 -0.40831702947616577 0.03267955780029297 -0.0130739975720644 -0.999380350112915 -0.8101757764816284 0.024191299453377724 -0.9996111392974854 0.013868148438632488 -3.0778045654296875
-0.999172568321228 -0.02464320883154869 -0.0323532372713089 -0.40831637382507324 0.032682232558727264 -0.01306657399982214 -0.999380350112915 -0.8101851344108582 0.024205191060900688 -0.9996109008789062 0.013861238956451416 -3.0777621269226074
-0.9991633296012878 -0.02478434145450592 -0.032530445605516434 -0.40830761194229126 0.032875508069992065 -0.013644658960402012 -0.999366283416748 -0.8101083040237427 0.024324767291545868 -0.9995996356010437 0.014448123052716255 -3.0781664848327637
-0.9991490840911865 -0.024918610230088234 -0.03286435827612877 -0.40827152132987976 0.0332220233976841 -0.014077809639275074 -0.9993488192558289 -0.8099704384803772 0.024439724162220955 -0.9995903372764587 0.014893758110702038 -3.078287124633789
-0.9991478323936462 -0.024938097223639488 -0.032886192202568054 -0.4082651138305664 0.03324471786618233 -0.014100727625191212 -0.9993477463722229 -0.8099518418312073 0.024458110332489014 -0.9995895028114319 0.01491785328835249 -3.078308343887329
-0.99916672706604 -0.024019084870815277 -0.03299649804830551 -0.4085402190685272 0.03331439197063446 -0.012957368046045303 -0.9993608593940735 -0.810501217842102 0.02357618510723114 -0.9996274709701538 0.013746834360063076 -3.0788321495056152
-0.9991583824157715 -0.024110376834869385 -0.03318260610103607 -0.4084727168083191 0.033507589250802994 -0.013202270492911339 -0.9993512034416199 -0.8101209998130798 0.023656649515032768 -0.999622106552124 0.013999121263623238 -3.078458786010742
-0.9991391897201538 -0.024305706843733788 -0.03361453115940094 -0.4084623157978058 0.033949486911296844 -0.013502022251486778 -0.9993323087692261 -0.8099848628044128 0.023835614323616028 -0.999613344669342 0.014315648004412651 -3.078220844268799
-0.9991376399993896 -0.023762943223118782 -0.034045975655317307 -0.4081656038761139 0.03436578810214996 -0.013182193972170353 -0.9993223547935486 -0.8099517226219177 0.02329804003238678 -0.9996306896209717 0.013987540267407894 -3.0783088207244873
-0.9991397261619568 -0.02380368486046791 -0.03395567834377289 -0.4081408381462097 0.03427635878324509 -0.01319573912769556 -0.9993252158164978 -0.8098848462104797 0.02333955094218254 -0.9996294975280762 0.01400037296116352 -3.0783019065856934
-0.9991393685340881 -0.023795053362846375 -0.03397218510508537 -0.4081115126609802 0.03429221361875534 -0.013172836042940617 -0.9993249773979187 -0.8098554611206055 0.023331480100750923 -0.9996300339698792 0.013977565802633762 -3.078296184539795
-0.9991190433502197 -0.02434351108968258 -0.0341818630695343 -0.40809282660484314 0.03452753648161888 -0.013923771679401398 -0.9993066787719727 -0.8097952604293823 0.023850692436099052 -0.9996066689491272 0.014752107672393322 -3.0782737731933594
-0.9991149306297302 -0.024556415155529976 -0.034149814397096634 -0.4083470404148102 0.03450297191739082 -0.014104408212006092 -0.999305009841919 -0.8099830150604248 0.02405768632888794 -0.9995989203453064 0.014939275570213795 -3.0782220363616943
-0.9991136193275452 -0.024497898295521736 -0.034229930490255356 -0.40825462341308594 0.03458927944302559 -0.014398169703781605 -0.9992978572845459 -0.8099844455718994 0.023987848311662674 -0.9995961785316467 0.015232853591442108 -3.0782885551452637
-0.9991095066070557 -0.024518931284546852 -0.03433496132493019 -0.4082626700401306 0.03470315411686897 -0.014752388931810856 -0.9992887377738953 -0.8100991249084473 0.023994967341423035 -0.9995904564857483 0.015590217895805836 -3.0784103870391846
-0.999102771282196 -0.024604571983218193 -0.034469395875930786 -0.4084717333316803 0.0348597951233387 -0.015618298202753067 -0.9992701411247253 -0.8102821707725525 0.02404825948178768 -0.9995751976966858 0.01646207645535469 -3.0782573223114014
-0.999102771282196 -0.024605223909020424 -0.034468334168195724 -0.4084714651107788 0.034858837723731995 -0.015622164122760296 -0.9992700815200806 -0.8102833032608032 0.02404879406094551 -0.999575138092041 0.016465937718749046 -3.078258514404297
-0.9991018772125244 -0.024625467136502266 -0.03448023647069931 -0.4084692597389221 0.034870389848947525 -0.015593674033880234 -0.9992701411247253 -0.810289740562439 0.02406981959939003 -0.9995750784873962 0.016438450664281845 -3.078265905380249
-0.9991758465766907 -0.022634632885456085 -0.03369184210896492 -0.40866848826408386 0.03400745242834091 -0.013706452213227749 -0.999327540397644 -0.8111754655838013 0.022157616913318634 -0.9996498227119446 0.014464983716607094 -3.0790717601776123
-0.9991753101348877 -0.02262754738330841 -0.03371162340044975 -0.40868982672691345 0.03402690589427948 -0.013696095906198025 -0.9993270039558411 -0.8112671971321106 0.02215060032904148 -0.9996501207351685 0.014454827643930912 -3.079141616821289
-0.9991713762283325 -0.022241748869419098 -0.03408382087945938 -0.40818992257118225 0.03436184301972389 -0.012239716947078705 -0.999334454536438 -0.8099035024642944 0.021809767931699753 -0.9996776580810547 0.012993923388421535 -3.078305721282959
-0.9991534352302551 -0.022565150633454323 -0.03439566493034363 -0.40839362144470215 0.034691598266363144 -0.012856816872954369 -0.9993153214454651 -0.8098360300064087 0.022107481956481934 -0.9996626377105713 0.013628835789859295 -3.078219413757324
-0.9991599321365356 -0.02316153235733509 -0.03380490839481354 -0.4083231985569 0.03411104902625084 -0.012952310964465141 -0.9993340969085693 -0.8102661967277527 0.022708255797624588 -0.9996477961540222 0.013731575571000576 -3.0783095359802246
-0.9991923570632935 -0.022874465212225914 -0.03303339704871178 -0.40840643644332886 0.03331397473812103 -0.011995374225080013 -0.9993728995323181 -0.8105612993240356 0.022463873028755188 -0.9996663331985474 0.012747807428240776 -3.0786876678466797
-0.9991929531097412 -0.022872313857078552 -0.033017247915267944 -0.40840691328048706 0.03329776972532272 -0.01199432648718357 -0.9993734359741211 -0.8105741739273071 0.022461963817477226 -0.9996663928031921 0.012746324762701988 -3.078709840774536
-0.9991930723190308 -0.022892186418175697 -0.03299969434738159 -0.4084070920944214 0.03328099846839905 -0.012018001638352871 -0.999373733997345 -0.8105877041816711 0.02248125895857811 -0.9996656775474548 0.01277026068419218 -3.078737497329712
-0.9992467164993286 -0.021475855261087418 -0.032320983707904816 -0.40831655263900757 0.03256693109869957 -0.01120283268392086 -0.9994067549705505 -0.810484766960144 0.021101027727127075 -0.9997065663337708 0.011893877759575844 -3.0789473056793213
-0.9992480874061584 -0.02156149595975876 -0.032221097499132156 -0.4083053767681122 0.032469723373651505 -0.011281874030828476 -0.999409019947052 -0.8102505803108215 0.021185239776968956 -0.9997038245201111 0.011973569169640541 -3.078979253768921
-0.9992480278015137 -0.021572481840848923 -0.03221610561013222 -0.40830186009407043 0.03246478736400604 -0.011278403922915459 -0.9994091987609863 -0.8102372288703918 0.021196389570832253 -0.9997036457061768 0.01197035051882267 -3.078996419906616
-0.9993053078651428 -0.01983310654759407 -0.03154991194605827 -0.4082753360271454 0.03174224868416786 -0.009458878077566624 -0.9994512796401978 -0.8102905750274658 0.019523797556757927 -0.9997585415840149 0.010081935673952103 -3.0790297985076904
-0.999305784702301 -0.019854899495840073 -0.031520113348960876 -0.40827423334121704 0.03171273693442345 -0.009462541900575161 -0.9994521737098694 -0.8102831840515137 0.01954576186835766 -0.9997580647468567 0.010085707530379295 -3.0790328979492188
-0.9993661642074585 -0.01870139315724373 -0.030288148671388626 -0.408604234457016 0.03044983744621277 -0.008422378450632095 -0.9995007514953613 -0.8107271790504456 0.018436957150697708 -0.9997895956039429 0.008986575528979301 -3.0791709423065186
-0.9993925094604492 -0.018093308433890343 -0.029784180223941803 -0.40868088603019714 0.0299261175096035 -0.007625151425600052 -0.9995229840278625 -0.8110157251358032 0.017857568338513374 -0.9998071789741516 0.008162062615156174 -3.0793609619140625
-0.9993893504142761 -0.01828129217028618 -0.029775850474834442 -0.408590167760849 0.029919486492872238 -0.0076342998072505 -0.9995231032371521 -0.8109555244445801 0.018045255914330482 -0.9998037219047546 0.008176686242222786 -3.0793774127960205
-0.9994077682495117 -0.01712838187813759 -0.029842419549822807 -0.40839752554893494 0.029947806149721146 -0.005929500795900822 -0.9995338320732117 -0.8103733658790588 0.016943447291851044 -0.9998356699943542 0.006439027842134237 -3.0789530277252197
-0.999406635761261 -0.017128001898527145 -0.0298813134431839 -0.40840375423431396 0.029985608533024788 -0.0058649140410125256 -0.9995330572128296 -0.8103656768798828 0.016944751143455505 -0.9998360872268677 0.006375108379870653 -3.078920841217041
-0.9994137287139893 -0.018040243536233902 -0.029095826670527458 -0.40844666957855225 0.02920388989150524 -0.005755790043622255 -0.999556839466095 -0.810518741607666 0.017864778637886047 -0.9998206496238708 0.006279341876506805 -3.078301429748535
-0.9994264841079712 -0.017763333395123482 -0.02882760390639305 -0.4085042178630829 0.028934309259057045 -0.00577954389154911 -0.9995645880699158 -0.8104519248008728 0.017588987946510315 -0.9998254776000977 0.006290280260145664 -3.07871413230896
-0.9994029402732849 -0.017979325726628304 -0.029501326382160187 -0.40832316875457764 0.02960190922021866 -0.005354081280529499 -0.9995473623275757 -0.8101038336753845 0.01781323552131653 -0.9998239874839783 0.005883187986910343 -3.07869029045105
-0.9994011521339417 -0.01798725128173828 -0.029557881876826286 -0.4082161784172058 0.029659515246748924 -0.005409971345216036 -0.9995453953742981 -0.8099857568740845 0.01781916618347168 -0.9998235106468201 0.005940305534750223 -3.0787343978881836
-0.999400794506073 -0.017953889444470406 -0.029589736834168434 -0.4082182049751282 0.029690522700548172 -0.005373139400035143 -0.9995446801185608 -0.809959352016449 0.017786724492907524 -0.9998243451118469 0.0059030610136687756 -3.078704833984375
-0.9993729591369629 -0.01864779368042946 -0.030096879228949547 -0.40814584493637085 0.030209753662347794 -0.005801033228635788 -0.9995266795158386 -0.8096144199371338 0.018464375287294388 -0.9998092651367188 0.006360821891576052 -3.078564405441284
-0.9993581175804138 -0.019963623955845833 -0.029743533581495285 -0.408207505941391 0.02988900989294052 -0.007028583902865648 -0.9995284676551819 -0.8098053336143494 0.019745154306292534 -0.9997759461402893 0.0076208459213376045 -3.078028678894043
-0.999322235584259 -0.020889490842819214 -0.030308162793517113 -0.4083189070224762 0.03047006204724312 -0.007475960534065962 -0.9995076656341553 -0.8098775148391724 0.02065262198448181 -0.9997537732124329 0.008107478730380535 -3.0781357288360596
-0.9993045926094055 -0.021078238263726234 -0.030755016952753067 -0.40835899114608765 0.030934104695916176 -0.00822343211621046 -0.999487578868866 -0.8098912835121155 0.020814524963498116 -0.9997439384460449 0.008869830518960953 -3.0785295963287354
-0.9992912411689758 -0.02144831046462059 -0.030931798741221428 -0.4083980619907379 0.031125715002417564 -0.00876687653362751 -0.999476969242096 -0.8098485469818115 0.021165916696190834 -0.9997314810752869 0.009428339079022408 -3.078601360321045
-0.999276340007782 -0.021845240145921707 -0.031136270612478256 -0.4081067144870758 0.03134823217988014 -0.009428394958376884 -0.9994640350341797 -0.8097684383392334 0.021539965644478798 -0.9997168779373169 0.010106462985277176 -3.0787603855133057
-0.999230146408081 -0.022747265174984932 -0.03196129947900772 -0.4084866940975189 0.0322110652923584 -0.010699567385017872 -0.9994238018989563 -0.8099938035011292 0.022392185404896736 -0.9996839761734009 0.011424125172197819 -3.0784385204315186
-0.9992305040359497 -0.02274852618575096 -0.031949106603860855 -0.4084989130496979 0.03219885006546974 -0.010698066093027592 -0.999424159526825 -0.8099914789199829 0.022393634542822838 -0.9996839165687561 0.01142239198088646 -3.078435182571411
-0.9992078542709351 -0.023019764572381973 -0.03245982900261879 -0.40850692987442017 0.03272237256169319 -0.01112156268209219 -0.9994025826454163 -0.8102138638496399 0.0226450078189373 -0.9996731281280518 0.01186609547585249 -3.0783536434173584
-0.9992077350616455 -0.023022592067718506 -0.032460469752550125 -0.40851399302482605 0.03272302448749542 -0.011120561510324478 -0.9994025230407715 -0.8102249503135681 0.022647857666015625 -0.999673068523407 0.011865201406180859 -3.0783488750457764
