# 3x4 first row second row third row Freq: 250 current Time: 2020-10-02-15:18:56
-0.995294451713562 0.09195025265216827 -0.03056114725768566 -0.23587679862976074 0.027949627488851547 -0.02955658733844757 -0.9991722106933594 -0.7901910543441772 -0.09277742356061935 -0.9953247904777527 0.026847613975405693 -2.266657590866089
-0.9953044652938843 0.09181775152683258 -0.030632132664322853 -0.23560893535614014 0.028037643060088158 -0.029415126889944077 -0.9991739392280579 -0.7894476056098938 -0.09264296293258667 -0.9953412413597107 0.02670273557305336 -2.266106128692627
-0.995310366153717 0.09174562990665436 -0.030656961724162102 -0.23551379144191742 0.028062468394637108 -0.029437102377414703 -0.999172568321228 -0.7893379926681519 -0.0925721749663353 -0.995347261428833 0.026724526658654213 -2.2660715579986572
-0.9952278137207031 0.09252224862575531 -0.03100043721497059 -0.23593604564666748 0.02838173694908619 -0.029486574232578278 -0.9991621375083923 -0.7898852825164795 -0.0933588296175003 -0.9952738881111145 0.026719998568296432 -2.2667510509490967
-0.9952266812324524 0.09252870827913284 -0.03101869858801365 -0.23597852885723114 0.028401000425219536 -0.029474793002009392 -0.9991618990898132 -0.7899209260940552 -0.09336543828248978 -0.9952736496925354 0.0267062745988369 -2.2667934894561768
-0.9952200651168823 0.09255290776491165 -0.03115844912827015 -0.2357729822397232 0.0285390242934227 -0.029492143541574478 -0.9991574883460999 -0.7898297905921936 -0.09339386224746704 -0.995270848274231 0.026709886267781258 -2.266887903213501
-0.9952602386474609 0.09208423644304276 -0.03126382455229759 -0.23539245128631592 0.02868017740547657 -0.029248619452118874 -0.9991605877876282 -0.7889819741249084 -0.09292136877775192 -0.99532151222229 0.026469077914953232 -2.2658281326293945
-0.9952596426010132 0.0920989066362381 -0.031239623203873634 -0.2353821098804474 0.02865883708000183 -0.029212769120931625 -0.9991622567176819 -0.7889590859413147 -0.09293434768915176 -0.9953212141990662 0.026434924453496933 -2.2658088207244873
-0.9952182173728943 0.09240761399269104 -0.03164508566260338 -0.23554570972919464 0.02905537560582161 -0.029237257316708565 -0.9991500973701477 -0.789070188999176 -0.09325429797172546 -0.9952918887138367 0.026412595063447952 -2.2657434940338135
-0.9952167272567749 0.0924287736415863 -0.03163022920489311 -0.23553021252155304 0.02903810515999794 -0.02925639972090721 -0.9991500377655029 -0.7889678478240967 -0.09327559918165207 -0.9952893853187561 0.02643258310854435 -2.2656404972076416
-0.9952173829078674 0.09241728484630585 -0.031643226742744446 -0.23552647233009338 0.029053589329123497 -0.029233645647764206 -0.9991502165794373 -0.7889481782913208 -0.09326380491256714 -0.9952911138534546 0.026408860459923744 -2.2656188011169434
-0.9952269792556763 0.09232237190008163 -0.031618084758520126 -0.23554405570030212 0.029025331139564514 -0.029292913153767586 -0.9991493225097656 -0.7889044880867004 -0.09317003190517426 -0.9952981472015381 0.02647349238395691 -2.265538215637207
-0.9952232837677002 0.09231733530759811 -0.03174937516450882 -0.2355685532093048 0.02913041226565838 -0.029579849913716316 -0.999137818813324 -0.7888513207435608 -0.09317688643932343 -0.9952901601791382 0.026749394834041595 -2.265782117843628
-0.9952321648597717 0.09221794456243515 -0.031759027391672134 -0.23561079800128937 0.02913547120988369 -0.02965804748237133 -0.9991353750228882 -0.7889793515205383 -0.09308012574911118 -0.9952970147132874 0.026829911395907402 -2.265866756439209
-0.9952327609062195 0.09221495687961578 -0.03174864873290062 -0.2356112152338028 0.029126698151230812 -0.02964131534099579 -0.9991360902786255 -0.7889575362205505 -0.09307637065649033 -0.9952977895736694 0.0268141720443964 -2.2658610343933105
-0.9952450394630432 0.09202485531568527 -0.031915463507175446 -0.23551444709300995 0.02930540032684803 -0.02957598865032196 -0.9991328120231628 -0.7892888188362122 -0.09288898855447769 -0.9953173398971558 0.026738613843917847 -2.265983819961548
-0.9952800273895264 0.09177488088607788 -0.031542349606752396 -0.23547708988189697 0.028918851166963577 -0.029777228832244873 -0.9991381168365479 -0.7892581820487976 -0.09263502806425095 -0.9953344464302063 0.026982739567756653 -2.2659761905670166
-0.9952789545059204 0.09178400784730911 -0.03154940903186798 -0.23547294735908508 0.028924057260155678 -0.02979479730129242 -0.9991374015808105 -0.7892551422119141 -0.09264484792947769 -0.9953330755233765 0.026999451220035553 -2.2659831047058105
-0.9952975511550903 0.09159285575151443 -0.03151743486523628 -0.23543250560760498 0.028892826288938522 -0.029841504991054535 -0.9991369247436523 -0.7892524600028992 -0.09245433658361435 -0.9953492879867554 0.027054883539676666 -2.266014337539673
-0.9952706098556519 0.09177038073539734 -0.031851112842559814 -0.23568226397037506 0.029197853058576584 -0.030111169442534447 -0.9991199970245361 -0.789259672164917 -0.0926486998796463 -0.9953247904777527 0.027289345860481262 -2.2659785747528076
-0.9952697157859802 0.0917343944311142 -0.03198127821087837 -0.2357601374387741 0.02933945693075657 -0.030004313215613365 -0.9991190433502197 -0.7893623113632202 -0.09261316061019897 -0.995331346988678 0.027171028777956963 -2.2659666538238525
-0.9952690005302429 0.09174712747335434 -0.03196835145354271 -0.23577436804771423 0.02932664193212986 -0.029998816549777985 -0.9991195797920227 -0.7893582582473755 -0.09262537211179733 -0.9953303337097168 0.0271663386374712 -2.2659692764282227
-0.9952996969223022 0.09133730083703995 -0.03218545764684677 -0.2356274276971817 0.029530256986618042 -0.030274583026766777 -0.9991052746772766 -0.789408266544342 -0.09222998470067978 -0.9953596591949463 0.027435151860117912 -2.265979528427124
-0.9952666163444519 0.09128337353467941 -0.033340081572532654 -0.23559631407260895 0.030611099675297737 -0.031134629622101784 -0.9990463256835938 -0.7893700003623962 -0.09223435074090958 -0.9953380823135376 0.02819305658340454 -2.266014814376831
-0.995136559009552 0.09324558079242706 -0.0317549929022789 -0.23590975999832153 0.02915205806493759 -0.02914578467607498 -0.9991499185562134 -0.7899224758148193 -0.09409184753894806 -0.995216429233551 0.026285817846655846 -2.266861915588379
-0.9951343536376953 0.09326551854610443 -0.03176507353782654 -0.23592105507850647 0.029160482808947563 -0.02915813773870468 -0.9991493225097656 -0.789927065372467 -0.09411239624023438 -0.9952141642570496 0.02629667893052101 -2.266878843307495
-0.9951329827308655 0.09328169375658035 -0.031760383397340775 -0.23594671487808228 0.029156213626265526 -0.029148967936635017 -0.999149739742279 -0.7899335026741028 -0.09412816911935806 -0.9952129125595093 0.026287442073225975 -2.2669167518615723
-0.9951480031013489 0.09294511377811432 -0.03227299824357033 -0.23561091721057892 0.02967594750225544 -0.02918992191553116 -0.9991332292556763 -0.7892812490463257 -0.09380660206079483 -0.9952432513237 0.02629013918340206 -2.2661046981811523
-0.9951487183570862 0.0929357036948204 -0.03227739781141281 -0.235606387257576 0.029679162427783012 -0.029205316677689552 -0.9991326928138733 -0.7892693281173706 -0.09379777312278748 -0.9952436685562134 0.026305461302399635 -2.266096353530884
-0.9951860308647156 0.09260379523038864 -0.03208071365952492 -0.23555877804756165 0.029478389769792557 -0.029334338381886482 -0.9991348385810852 -0.7890845537185669 -0.09346474707126617 -0.9952707886695862 0.026463394984602928 -2.2660388946533203
-0.9951962232589722 0.09256083518266678 -0.031887006014585495 -0.23571433126926422 0.02928950823843479 -0.029286963865160942 -0.9991418123245239 -0.7895258665084839 -0.0934152826666832 -0.9952762126922607 0.02643529698252678 -2.2661330699920654
-0.9952030777931213 0.0924607515335083 -0.03196398913860321 -0.23554475605487823 0.029361169785261154 -0.029375458136200905 -0.9991371035575867 -0.789444088935852 -0.09331993013620377 -0.9952828884124756 0.02651987224817276 -2.266092538833618
-0.9952414631843567 0.09198110550642014 -0.03215137496590614 -0.23564685881137848 0.029528049752116203 -0.029740696772933006 -0.999121367931366 -0.7894445061683655 -0.0928564965724945 -0.9953164458274841 0.026883235201239586 -2.2661759853363037
-0.9951826930046082 0.093160480260849 -0.030533956363797188 -0.23563604056835175 0.027962716296315193 -0.028781985864043236 -0.9991945028305054 -0.7901970744132996 -0.09396427124738693 -0.9952349662780762 0.02603839710354805 -2.2669315338134766
-0.9952349066734314 0.09249972552061081 -0.030839473009109497 -0.23544399440288544 0.028277907520532608 -0.028876902535557747 -0.9991828799247742 -0.7897129654884338 -0.09331469237804413 -0.9952938556671143 0.026123685762286186 -2.2663533687591553
-0.9952214360237122 0.09258512407541275 -0.03101799078285694 -0.23561225831508636 0.0284547358751297 -0.02887849695980549 -0.9991778135299683 -0.7894502282142639 -0.09340475499629974 -0.9952858686447144 0.026106096804142 -2.266136884689331
-0.9952310919761658 0.0924832671880722 -0.031012892723083496 -0.23551595211029053 0.028454719111323357 -0.028852693736553192 -0.9991785287857056 -0.7892709374427795 -0.09330210834741592 -0.995296061038971 0.02608359418809414 -2.266139030456543
-0.9952331781387329 0.09246589243412018 -0.03099753148853779 -0.23550495505332947 0.028441574424505234 -0.028833266347646713 -0.999179482460022 -0.7892236709594727 -0.09328378736972809 -0.9952982664108276 0.02606603130698204 -2.2660839557647705
-0.9952648282051086 0.0920882299542427 -0.031105613335967064 -0.2354578822851181 0.028525659814476967 -0.029201257973909378 -0.9991663694381714 -0.7894173264503479 -0.09291978925466537 -0.9953225255012512 0.02643618918955326 -2.266273260116577
-0.995267391204834 0.09206672012805939 -0.031087050214409828 -0.2354411780834198 0.028505029156804085 -0.02922879531979561 -0.9991661906242371 -0.7894055247306824 -0.09289859980344772 -0.9953237175941467 0.026466185227036476 -2.2662577629089355
-0.995257556438446 0.09209799021482468 -0.031308095902204514 -0.2356226146221161 0.028709452599287033 -0.029407139867544174 -0.9991551041603088 -0.7895122766494751 -0.09294085949659348 -0.9953155517578125 0.0266236774623394 -2.266340732574463
-0.9952754378318787 0.09191752970218658 -0.03126945346593857 -0.2355821579694748 0.028654951602220535 -0.029627684503793716 -0.9991501569747925 -0.7894957065582275 -0.09276586025953293 -0.9953257441520691 0.0268538985401392 -2.2663514614105225
-0.9952941536903381 0.09172883629798889 -0.031229168176651 -0.23553436994552612 0.0285995714366436 -0.029843240976333618 -0.9991453289985657 -0.7894383668899536 -0.09258241951465607 -0.9953367114067078 0.027079477906227112 -2.2663607597351074
-0.9953020811080933 0.09165017306804657 -0.031207237392663956 -0.23551373183727264 0.02857307717204094 -0.029914557933807373 -0.9991439580917358 -0.789419949054718 -0.09250527620315552 -0.9953417778015137 0.027155375108122826 -2.266352415084839
-0.995324969291687 0.09143012017011642 -0.031121589243412018 -0.23540723323822021 0.028489945456385612 -0.029948879033327103 -0.9991452693939209 -0.7894831299781799 -0.09228403121232986 -0.9953609704971313 0.027204111218452454 -2.266270160675049
-0.9953389167785645 0.09130635857582092 -0.031039800494909286 -0.23542357981204987 0.028403036296367645 -0.030037470161914825 -0.9991450905799866 -0.789488673210144 -0.092160664498806 -0.9953696727752686 0.027304168790578842 -2.266319990158081
-0.9953699111938477 0.09097471088171005 -0.03101843036711216 -0.23554469645023346 0.028362810611724854 -0.030339987948536873 -0.9991371035575867 -0.7895363569259644 -0.0918373093008995 -0.9953908920288086 0.027619294822216034 -2.266374111175537
-0.9953683018684387 0.09098587185144424 -0.031037265434861183 -0.23565860092639923 0.028378408402204514 -0.030372465029358864 -0.9991356730461121 -0.7894212603569031 -0.0918499082326889 -0.9953888654708862 0.027649838477373123 -2.26635479927063
-0.9953217506408691 0.09120441228151321 -0.03187793120741844 -0.23594854772090912 0.029201429337263107 -0.03053191304206848 -0.9991071224212646 -0.7896407842636108 -0.09209627658128738 -0.9953640103340149 0.027725860476493835 -2.266303062438965
-0.9952928423881531 0.0917218029499054 -0.03129013627767563 -0.23579657077789307 0.028640110045671463 -0.03006751276552677 -0.9991374015808105 -0.7898415327072144 -0.09258350729942322 -0.9953305721282959 0.027299141511321068 -2.266702651977539
-0.995267391204834 0.09222705662250519 -0.030608363449573517 -0.23568196594715118 0.027984866872429848 -0.029606513679027557 -0.9991697669029236 -0.7898727059364319 -0.09305670112371445 -0.9952977299690247 0.026885516941547394 -2.266932487487793
-0.9952694773674011 0.09220293164253235 -0.030612915754318237 -0.2356831580400467 0.02799036167562008 -0.029603619128465652 -0.9991697072982788 -0.7898943424224854 -0.09303263574838638 -0.9953000545501709 0.026882868260145187 -2.266974687576294
-0.9952468872070312 0.0926104485988617 -0.030113033950328827 -0.23552949726581573 0.02752619795501232 -0.029084311798214912 -0.9991978406906128 -0.790010392665863 -0.09341198205947876 -0.9952775239944458 0.026396939530968666 -2.266875743865967
-0.9952711462974548 0.09229815006256104 -0.030269604176282883 -0.23541495203971863 0.027706170454621315 -0.028929639607667923 -0.9991973638534546 -0.7895413041114807 -0.09309976547956467 -0.9953110218048096 0.026235690340399742 -2.266486167907715
-0.9952355027198792 0.09277252107858658 -0.029989635571837425 -0.2356182336807251 0.027438165619969368 -0.02865697629749775 -0.9992126226425171 -0.7898042798042297 -0.0935588926076889 -0.9952748417854309 0.02597501501441002 -2.2666215896606445
-0.9952523708343506 0.0925588384270668 -0.030089708045125008 -0.23551949858665466 0.02753746509552002 -0.028729189187288284 -0.9992077946662903 -0.7894677519798279 -0.09334997087717056 -0.995292603969574 0.02604404091835022 -2.2664098739624023
-0.9952844381332397 0.09207433462142944 -0.030513083562254906 -0.23563872277736664 0.02793666161596775 -0.02914251573383808 -0.9991847276687622 -0.7894242405891418 -0.09288850426673889 -0.9953255653381348 0.026432925835251808 -2.26629638671875
-0.9952839016914368 0.0918954461812973 -0.031063977628946304 -0.2356763482093811 0.02844570204615593 -0.029666049405932426 -0.9991549849510193 -0.7895444631576538 -0.09273934364318848 -0.9953266382217407 0.02691219374537468 -2.266418695449829
-0.9952978491783142 0.09175709635019302 -0.031026899814605713 -0.2355395406484604 0.028395960107445717 -0.0298409815877676 -0.9991511702537537 -0.7894810438156128 -0.0926050916314125 -0.9953341484069824 0.027095217257738113 -2.2664332389831543
-0.9952669739723206 0.09208401292562485 -0.03104822151362896 -0.23578393459320068 0.02842508628964424 -0.029662607237696648 -0.9991557002067566 -0.7896901369094849 -0.0929272398352623 -0.9953092932701111 0.026904800906777382 -2.266469717025757
-0.9952666163444519 0.09193988889455795 -0.03148433566093445 -0.23566095530986786 0.028845516964793205 -0.029891010373830795 -0.9991368055343628 -0.7895300984382629 -0.09280163049697876 -0.9953157901763916 0.02709755301475525 -2.266284465789795
-0.995284914970398 0.09171634912490845 -0.03155743330717087 -0.23552502691745758 0.02889242023229599 -0.03024132549762726 -0.9991249442100525 -0.7894554138183594 -0.09259042888879776 -0.9953258037567139 0.02744891121983528 -2.2663817405700684
-0.9952975511550903 0.09164838492870331 -0.03135591000318527 -0.23551951348781586 0.028687676414847374 -0.0302878487855196 -0.9991294145584106 -0.7894482612609863 -0.09251830726861954 -0.9953306913375854 0.027516325935721397 -2.266357421875
-0.9952936768531799 0.09166274219751358 -0.03143693134188652 -0.2357494831085205 0.028753142803907394 -0.03045422025024891 -0.9991225004196167 -0.7896227240562439 -0.0925396978855133 -0.9953242540359497 0.027675382792949677 -2.2663791179656982
-0.9952963590621948 0.09167029708623886 -0.03132996708154678 -0.23572669923305511 0.02863563969731331 -0.030560871586203575 -0.9991226196289062 -0.7896491289138794 -0.09254734218120575 -0.9953203201293945 0.027792170643806458 -2.266413927078247
-0.9952989220619202 0.09159959852695465 -0.03145521506667137 -0.23573389649391174 0.02875746227800846 -0.030624261125922203 -0.9991171360015869 -0.7896377444267273 -0.09248203039169312 -0.9953248500823975 0.0278462041169405 -2.266484498977661
-0.995285153388977 0.09165353327989578 -0.03173127770423889 -0.23579633235931396 0.029026873409748077 -0.030690889805555344 -0.999107301235199 -0.7896584868431091 -0.09254558384418488 -0.9953178763389587 0.027885854244232178 -2.266474723815918
-0.9953086972236633 0.09143764525651932 -0.03161635249853134 -0.23562949895858765 0.02891566790640354 -0.030711548402905464 -0.9991099238395691 -0.7895727753639221 -0.09232724457979202 -0.9953370690345764 0.027923572808504105 -2.2664315700531006
-0.9953094124794006 0.09142787754535675 -0.031622983515262604 -0.23562569916248322 0.02892252616584301 -0.030712313950061798 -0.99910968542099 -0.7895739674568176 -0.09231770038604736 -0.995337963104248 0.027924010530114174 -2.2664332389831543
-0.9953259229660034 0.09128125756978989 -0.03152528777718544 -0.23561988770961761 0.028820959851145744 -0.030794687569141388 -0.9991101026535034 -0.7895709276199341 -0.0921708419919014 -0.9953488707542419 0.028020020574331284 -2.2664530277252197
-0.9953455328941345 0.09111965447664261 -0.03137373924255371 -0.2355770319700241 0.0286780446767807 -0.030744485557079315 -0.9991157650947571 -0.7895339131355286 -0.09200365096330643 -0.9953652024269104 0.027988335117697716 -2.2664661407470703
-0.9953625798225403 0.09096125513315201 -0.03129247948527336 -0.23554348945617676 0.028587814420461655 -0.030886825174093246 -0.999113917350769 -0.7895461916923523 -0.09184718877077103 -0.9953752756118774 0.02814329043030739 -2.266475200653076
-0.9953626990318298 0.09096024185419083 -0.03129236772656441 -0.23554277420043945 0.028589507564902306 -0.030867600813508034 -0.999114453792572 -0.7895442843437195 -0.09184562414884567 -0.9953759908676147 0.02812403067946434 -2.266477346420288
-0.995334267616272 0.09117583185434341 -0.03156709298491478 -0.23574170470237732 0.02886406145989895 -0.030814599245786667 -0.9991081953048706 -0.7896454930305481 -0.09206725656986237 -0.995357871055603 0.028039203956723213 -2.2664148807525635
-0.9953082203865051 0.09128250926733017 -0.0320771150290966 -0.23594088852405548 0.029368869960308075 -0.030859263613820076 -0.999092161655426 -0.7897049188613892 -0.09218951314687729 -0.99534672498703 0.028033697977662086 -2.266432285308838
-0.9953173398971558 0.0911940485239029 -0.0320456326007843 -0.23588712513446808 0.02933497354388237 -0.030911091715097427 -0.9990915060043335 -0.7896963357925415 -0.09210176765918732 -0.9953532218933105 0.028091251850128174 -2.2664225101470947
-0.9953081011772156 0.0912347137928009 -0.03221544250845909 -0.2359074056148529 0.029496099799871445 -0.030999405309557915 -0.9990840554237366 -0.7895209789276123 -0.09214981645345688 -0.9953467845916748 0.02816297486424446 -2.2664687633514404
-0.995308518409729 0.09119536727666855 -0.032314639538526535 -0.23577681183815002 0.0295857060700655 -0.031119193881750107 -0.9990776777267456 -0.7894081473350525 -0.09211686998605728 -0.9953466057777405 0.028275202959775925 -2.266467571258545
-0.9952859282493591 0.09128041565418243 -0.03276585415005684 -0.23587006330490112 0.030010303482413292 -0.03139879181981087 -0.9990562796592712 -0.7895176410675049 -0.09222308546304703 -0.9953300356864929 0.02851150743663311 -2.2664268016815186
-0.9953060746192932 0.0910927951335907 -0.03267596289515495 -0.23567363619804382 0.02992752194404602 -0.03137655928730965 -0.9990594387054443 -0.7895790934562683 -0.09203238040208817 -0.9953479170799255 0.028503183275461197 -2.266401529312134
-0.9953194260597229 0.09096862375736237 -0.032616253942251205 -0.23560452461242676 0.029863115400075912 -0.03146369382739067 -0.9990586042404175 -0.789618968963623 -0.09190922230482101 -0.995356559753418 0.028599901124835014 -2.2664849758148193
-0.9953081011772156 0.09132390469312668 -0.03196180611848831 -0.23567979037761688 0.029230715706944466 -0.031088437885046005 -0.9990890622138977 -0.7902394533157349 -0.09223436564207077 -0.9953358173370361 0.028273193165659904 -2.2670841217041016
-0.9953091740608215 0.09130768477916718 -0.03197510167956352 -0.23567819595336914 0.02924208529293537 -0.031114747747778893 -0.999087929725647 -0.7902857065200806 -0.09221930801868439 -0.9953364729881287 0.02829884923994541 -2.2671313285827637
-0.9953328967094421 0.0910843163728714 -0.031873494386672974 -0.23558929562568665 0.029169829562306404 -0.03086201474070549 -0.9990978837013245 -0.7897956371307373 -0.09198583662509918 -0.995364785194397 0.028061147779226303 -2.2667202949523926
-0.9952930808067322 0.09134842455387115 -0.03235718980431557 -0.2357778698205948 0.029646985232830048 -0.030871812254190445 -0.9990835189819336 -0.7895877957344055 -0.09226363897323608 -0.9953402876853943 0.028018377721309662 -2.2664129734039307
-0.9953058958053589 0.09126630425453186 -0.03219376131892204 -0.23581668734550476 0.029470372945070267 -0.031032510101795197 -0.9990837574005127 -0.789545476436615 -0.0921817421913147 -0.9953428506851196 0.02819727174937725 -2.2663967609405518
-0.9953080415725708 0.09127337485551834 -0.032107677310705185 -0.2357243299484253 0.029378598555922508 -0.031088244169950485 -0.9990847706794739 -0.7893844246864319 -0.09218801558017731 -0.9953404664993286 0.028260979801416397 -2.2663822174072266
-0.9953081607818604 0.09127146005630493 -0.03210932016372681 -0.235723614692688 0.029379483312368393 -0.03109709545969963 -0.99908447265625 -0.7893718481063843 -0.09218641370534897 -0.9953403472900391 0.02826976776123047 -2.266374349594116
-0.9953015446662903 0.09126247465610504 -0.03233949467539787 -0.23571155965328217 0.02961537428200245 -0.031047575175762177 -0.9990790486335754 -0.7894982695579529 -0.09218248724937439 -0.9953427314758301 0.028199009597301483 -2.2664027214050293
-0.9953117370605469 0.09111534059047699 -0.032440684735774994 -0.2356572300195694 0.02971457503736019 -0.031118469312787056 -0.99907386302948 -0.7893257141113281 -0.09204047173261642 -0.9953539967536926 0.028265206143260002 -2.266554355621338
-0.9953117370605469 0.09110412746667862 -0.03247256949543953 -0.23565548658370972 0.02973378635942936 -0.03126028552651405 -0.9990688562393188 -0.7893666625022888 -0.09203439950942993 -0.9953505396842957 0.02840493991971016 -2.266509532928467
-0.9953035712242126 0.09111050516366959 -0.032703373581171036 -0.23569488525390625 0.029951825737953186 -0.03140577673912048 -0.9990577697753906 -0.7895922064781189 -0.09205173701047897 -0.995345413684845 0.028529440984129906 -2.2664647102355957
-0.9953204989433289 0.09097535163164139 -0.0325644388794899 -0.23565471172332764 0.029818501323461533 -0.03138149902224541 -0.9990625381469727 -0.7896137237548828 -0.09191199392080307 -0.9953585267066956 0.028521984815597534 -2.2665135860443115
-0.9953210949897766 0.09096292406320572 -0.03258129954338074 -0.23565049469470978 0.029836563393473625 -0.031373031437397 -0.9990622997283936 -0.7896189093589783 -0.0918998047709465 -0.9953599572181702 0.028512300923466682 -2.2665178775787354
-0.9953172206878662 0.09104906767606735 -0.03245854377746582 -0.23577998578548431 0.029723281040787697 -0.03123871423304081 -0.99906986951828 -0.7895902991294861 -0.09197834879159927 -0.9953562617301941 0.028386235237121582 -2.2665560245513916
-0.9953320026397705 0.09098177403211594 -0.03219228982925415 -0.23562102019786835 0.029455360025167465 -0.031266774982213974 -0.9990769028663635 -0.7894967794418335 -0.09190434217453003 -0.9953615665435791 0.02844100259244442 -2.266573905944824
-0.9953530430793762 0.09077460318803787 -0.03212597221136093 -0.23551657795906067 0.029401332139968872 -0.03119516372680664 -0.9990807771682739 -0.7895445227622986 -0.09169334173202515 -0.9953827261924744 0.028381390497088432 -2.2665488719940186
-0.9953792095184326 0.09068302810192108 -0.031570445746183395 -0.23559269309043884 0.028830980882048607 -0.03136219456791878 -0.999092161655426 -0.789503276348114 -0.09159082174301147 -0.9953858256340027 0.028602877631783485 -2.2665152549743652
-0.9953870177268982 0.09062138944864273 -0.03150028735399246 -0.23560015857219696 0.02875211276113987 -0.031473446637392044 -0.9990909099578857 -0.7895045876502991 -0.09153043478727341 -0.9953879117965698 0.028722787275910378 -2.2664990425109863
-0.9953976273536682 0.09060269594192505 -0.031216971576213837 -0.23559023439884186 0.02845529466867447 -0.03161473944783211 -0.9990949630737305 -0.7895305156707764 -0.09150762110948563 -0.9953851103782654 0.028891192749142647 -2.266533136367798
-0.9953134059906006 0.09119506180286407 -0.03216322138905525 -0.23612099885940552 0.029389774426817894 -0.031594064086675644 -0.999068558216095 -0.7898196578025818 -0.09212629497051239 -0.9953317046165466 0.028765875846147537 -2.2664637565612793
-0.9953005909919739 0.09127109497785568 -0.03234365954995155 -0.23579570651054382 0.029568925499916077 -0.03159147500991821 -0.9990633726119995 -0.7897319793701172 -0.0922073945403099 -0.9953247904777527 0.028744308277964592 -2.2664849758148193
-0.9952986240386963 0.09128138422966003 -0.03237544372677803 -0.23579132556915283 0.029597437009215355 -0.03162488341331482 -0.9990614652633667 -0.7897450923919678 -0.09221959114074707 -0.9953228235244751 0.028774593025445938 -2.266497850418091
-0.9952605962753296 0.09137532114982605 -0.03326702117919922 -0.2357538938522339 0.030483903363347054 -0.03168702870607376 -0.9990327954292297 -0.789697527885437 -0.09234108775854111 -0.9953122138977051 0.02875145897269249 -2.266587972640991
-0.9952386021614075 0.09187781065702438 -0.032533448189496994 -0.23579226434230804 0.029756899923086166 -0.0314301922917366 -0.9990628361701965 -0.7900534272193909 -0.09281425178050995 -0.9952740669250488 0.02854662574827671 -2.2669830322265625
-0.9952361583709717 0.09187979996204376 -0.03260231763124466 -0.2358081191778183 0.029817186295986176 -0.03152446448802948 -0.9990580677986145 -0.7900205254554749 -0.09282103180885315 -0.9952709078788757 0.028634773567318916 -2.267043352127075
-0.9951967597007751 0.09238876402378082 -0.0323660671710968 -0.2360641360282898 0.029612766578793526 -0.031018437817692757 -0.9990800023078918 -0.7902731895446777 -0.09330771863460541 -0.9952397346496582 0.02813364565372467 -2.2673869132995605
-0.9952030777931213 0.0922807976603508 -0.03247895836830139 -0.23574568331241608 0.029731011018157005 -0.03099868819117546 -0.9990770816802979 -0.7895870208740234 -0.09320244193077087 -0.9952503442764282 0.02810647152364254 -2.266782283782959
-0.9952245950698853 0.09212315827608109 -0.03226643428206444 -0.23558273911476135 0.029520077630877495 -0.031020676717162132 -0.9990826845169067 -0.7894561290740967 -0.09303957968950272 -0.9952642917633057 0.02815314196050167 -2.266835927963257
-0.9952420592308044 0.09224829822778702 -0.03135780245065689 -0.23549024760723114 0.028661120682954788 -0.03041408769786358 -0.9991263151168823 -0.789335310459137 -0.09312142431735992 -0.9952713847160339 0.027625523507595062 -2.266554594039917
-0.9952753782272339 0.0919591560959816 -0.031149357557296753 -0.23555763065814972 0.028449581936001778 -0.030525000765919685 -0.9991289973258972 -0.7892541885375977 -0.09282989799976349 -0.9952947497367859 0.027764664962887764 -2.2665417194366455
-0.995262861251831 0.09163706749677658 -0.03247056156396866 -0.23576249182224274 0.02977673150599003 -0.030612671747803688 -0.9990876317024231 -0.7896013855934143 -0.0925474762916565 -0.9953217506408691 0.027739085257053375 -2.266568183898926
-0.9953100681304932 0.09120795875787735 -0.03223070874810219 -0.23548464477062225 0.029530344530940056 -0.030803166329860687 -0.9990891218185425 -0.7895331382751465 -0.09211768954992294 -0.9953553080558777 0.027965381741523743 -2.2666304111480713
-0.9952770471572876 0.09178195148706436 -0.03161432966589928 -0.23579443991184235 0.028923243284225464 -0.03050421178340912 -0.999116063117981 -0.7900192737579346 -0.09266519546508789 -0.9953117370605469 0.027705593034625053 -2.2671380043029785
-0.9952282309532166 0.09252312779426575 -0.030985161662101746 -0.235660582780838 0.028347352519631386 -0.029689379036426544 -0.9991570711135864 -0.7896027565002441 -0.09336507320404053 -0.9952677488327026 0.02692500501871109 -2.266585111618042
-0.99517422914505 0.09308550506830215 -0.03103513829410076 -0.23585748672485352 0.028390387073159218 -0.029603242874145508 -0.9991584420204163 -0.7900630235671997 -0.09392590820789337 -0.9952179193496704 0.02681773342192173 -2.2669031620025635
-0.9951967597007751 0.09275843948125839 -0.03129008784890175 -0.23563772439956665 0.028650620952248573 -0.029651952907443047 -0.9991495609283447 -0.789548933506012 -0.09360737353563309 -0.9952470064163208 0.026852022856473923 -2.266571044921875
-0.9951967000961304 0.0927581861615181 -0.031293727457523346 -0.23563101887702942 0.02865368314087391 -0.02965829335153103 -0.9991492629051208 -0.7895257472991943 -0.09360740333795547 -0.9952468276023865 0.026858054101467133 -2.2665531635284424
-0.9952230453491211 0.09247303754091263 -0.03130016848444939 -0.23553547263145447 0.02865482121706009 -0.02979752980172634 -0.9991450905799866 -0.7894026637077332 -0.09332665801048279 -0.9952691793441772 0.027005471289157867 -2.266587734222412
-0.9952373504638672 0.09238188713788986 -0.03111395798623562 -0.23546890914440155 0.028465086594223976 -0.0298538226634264 -0.9991488456726074 -0.789353609085083 -0.09323213249444962 -0.9952759742736816 0.027082063257694244 -2.2665982246398926
-0.9952079653739929 0.092720165848732 -0.031047742813825607 -0.23578211665153503 0.02842099405825138 -0.029517438262701035 -0.99916011095047 -0.7899099588394165 -0.09355874359607697 -0.9952545166015625 0.026740873232483864 -2.267031669616699
-0.9952020049095154 0.0927458330988884 -0.031161854043602943 -0.23574082553386688 0.02853301353752613 -0.02953714318573475 -0.9991562962532043 -0.7899501323699951 -0.09358801692724228 -0.9952515959739685 0.02674918808043003 -2.267049551010132
-0.995218813419342 0.09258820116519928 -0.031093455851078033 -0.23571227490901947 0.028469830751419067 -0.029524002224206924 -0.999158501625061 -0.7896884679794312 -0.09342829883098602 -0.9952666163444519 0.026746954768896103 -2.266782522201538
-0.9952264428138733 0.09244632720947266 -0.031269773840904236 -0.23569431900978088 0.028651446104049683 -0.029515765607357025 -0.9991535544395447 -0.7895938754081726 -0.0932910367846489 -0.9952800869941711 0.02672623284161091 -2.2666540145874023
-0.9952250123023987 0.09246314316987991 -0.031265389174222946 -0.23569805920124054 0.02864665538072586 -0.029515070840716362 -0.999153733253479 -0.7895840406417847 -0.09330769628286362 -0.995278537273407 0.026725459843873978 -2.266643524169922
-0.9953035116195679 0.09176579862833023 -0.030818244442343712 -0.23560714721679688 0.02818424440920353 -0.02986261248588562 -0.9991565346717834 -0.7895605564117432 -0.09260871261358261 -0.9953327178955078 0.027136094868183136 -2.2666664123535156
-0.9953044652938843 0.09175621718168259 -0.030815817415714264 -0.23560959100723267 0.02817821130156517 -0.029904110357165337 -0.9991554617881775 -0.7895594835281372 -0.0926002487540245 -0.9953323602676392 0.02717825025320053 -2.2666585445404053
-0.9952977895736694 0.09158647060394287 -0.03152957558631897 -0.2357778251171112 0.028856538236141205 -0.03036525286734104 -0.9991222023963928 -0.7896856069564819 -0.09246348589658737 -0.9953340291976929 0.02757968194782734 -2.266772985458374
-0.9953044652938843 0.091458261013031 -0.03168940171599388 -0.23577003180980682 0.02901185117661953 -0.030458934605121613 -0.9991148710250854 -0.7896522283554077 -0.09234254062175751 -0.9953429102897644 0.027662623673677444 -2.2667288780212402
-0.9952674508094788 0.09196977317333221 -0.031369537115097046 -0.23594175279140472 0.02869957871735096 -0.03021131083369255 -0.9991313815116882 -0.7901954054832458 -0.0928376093506813 -0.9953033328056335 0.027428923174738884 -2.267157554626465
-0.9952355027198792 0.09256872534751892 -0.030612850561738014 -0.2357863038778305 0.027999211102724075 -0.029402941465377808 -0.9991753697395325 -0.7897233366966248 -0.0933925062417984 -0.9952720403671265 0.02667108364403248 -2.2667524814605713
-0.9952305555343628 0.09253127872943878 -0.030885085463523865 -0.23573115468025208 0.028264548629522324 -0.029498683288693428 -0.9991650581359863 -0.7895707488059998 -0.09336509555578232 -0.995272696018219 0.02674271911382675 -2.2666666507720947
-0.9951955080032349 0.09302867949008942 -0.030519623309373856 -0.23592737317085266 0.02790379524230957 -0.029291000217199326 -0.99918133020401 -0.7900066375732422 -0.09384647756814957 -0.9952324628829956 0.026554498821496964 -2.267082691192627
-0.9951552748680115 0.09344317764043808 -0.030565090477466583 -0.23579202592372894 0.027938922867178917 -0.0292848888784647 -0.9991805553436279 -0.7901885509490967 -0.09426169842481613 -0.9951937794685364 0.02653239108622074 -2.2673933506011963
-0.9951868653297424 0.09317351132631302 -0.030359013006091118 -0.2357868105173111 0.02774299494922161 -0.02924508973956108 -0.999187171459198 -0.7898324131965637 -0.09398563206195831 -0.9952202439308167 0.026519499719142914 -2.266961097717285
-0.9951847791671753 0.09319508820772171 -0.03036072663962841 -0.23579278588294983 0.027742112055420876 -0.029266532510519028 -0.9991865754127502 -0.7898358702659607 -0.09400783479213715 -0.9952176213264465 0.02654026262462139 -2.2669601440429688
-0.9951839447021484 0.09319295734167099 -0.03039514645934105 -0.2358124703168869 0.027775924652814865 -0.029275046661496162 -0.9991853833198547 -0.7898474931716919 -0.09400686621665955 -0.9952175617218018 0.02654561772942543 -2.2669594287872314
-0.9951789379119873 0.09350810945034027 -0.02957899309694767 -0.235600084066391 0.02695930376648903 -0.029156021773815155 -0.9992111921310425 -0.789957582950592 -0.09429676085710526 -0.9951914548873901 0.026494627818465233 -2.267143487930298
-0.9951984882354736 0.09325280040502548 -0.029727494344115257 -0.23557385802268982 0.027102205902338028 -0.029293840751051903 -0.9992033243179321 -0.7898129224777222 -0.0940493494272232 -0.9952113628387451 0.02662591077387333 -2.26690411567688
-0.9952417016029358 0.09282298386096954 -0.029626114293932915 -0.23545914888381958 0.027013259008526802 -0.029280127957463264 -0.9992061257362366 -0.789487361907959 -0.09361675381660461 -0.9952519536018372 0.026633435860276222 -2.2666919231414795
-0.9952503442764282 0.09276007860898972 -0.02953251451253891 -0.2355528324842453 0.02691645547747612 -0.0293282363563776 -0.9992073178291321 -0.7894156575202942 -0.09355269372463226 -0.9952564239501953 0.02669224701821804 -2.266674280166626
-0.995233416557312 0.09301864355802536 -0.02928886190056801 -0.2356511652469635 0.02665255218744278 -0.029458878561854362 -0.99921053647995 -0.789524257183075 -0.09380803257226944 -0.9952284097671509 0.0268393587321043 -2.266876459121704
-0.9952312111854553 0.0930473729968071 -0.0292720478028059 -0.23567117750644684 0.026632389053702354 -0.029485415667295456 -0.9992102980613708 -0.7894946336746216 -0.09383700042963028 -0.9952249526977539 0.026866815984249115 -2.266859531402588
-0.995229184627533 0.09286773204803467 -0.029903974384069443 -0.23576349020004272 0.027247345075011253 -0.029744189232587814 -0.9991860389709473 -0.7895307540893555 -0.09368161857128143 -0.9952340126037598 0.027071969583630562 -2.2667222023010254
-0.9952287673950195 0.0928707867860794 -0.029908979311585426 -0.23577727377414703 0.027252787724137306 -0.029738878831267357 -0.999186098575592 -0.7895201444625854 -0.09368465840816498 -0.9952338933944702 0.027066083624958992 -2.266711711883545
-0.9952486157417297 0.09262338280677795 -0.03001553751528263 -0.23579290509223938 0.027366293594241142 -0.029741307720541954 -0.9991828799247742 -0.789473831653595 -0.09344040602445602 -0.9952569007873535 0.027065319940447807 -2.266752004623413
-0.9952358603477478 0.09259555488824844 -0.030520733445882797 -0.23576770722866058 0.02786264754831791 -0.029864851385354996 -0.9991654753684998 -0.7895216345787048 -0.09342978149652481 -0.9952557682991028 0.02714269608259201 -2.266740560531616
-0.9952346682548523 0.09259303659200668 -0.030567236244678497 -0.23577551543712616 0.027909358963370323 -0.0298653282225132 -0.9991641640663147 -0.789513885974884 -0.09342854470014572 -0.9952560067176819 0.027138879522681236 -2.2667343616485596
-0.9952640533447266 0.09227309376001358 -0.030578017234802246 -0.2355782389640808 0.027914278209209442 -0.030022069811820984 -0.9991593360900879 -0.7894839644432068 -0.09311354905366898 -0.9952809810638428 0.027304232120513916 -2.266817092895508
-0.9952377676963806 0.09275829792022705 -0.029958609491586685 -0.235684335231781 0.02728913724422455 -0.029914887621998787 -0.9991798400878906 -0.7900373339653015 -0.09357843548059464 -0.9952391386032104 0.027241215109825134 -2.267300605773926
-0.9952371120452881 0.09276194125413895 -0.029969362542033195 -0.23568899929523468 0.027301181107759476 -0.029900550842285156 -0.9991798996925354 -0.7900751233100891 -0.09358197450637817 -0.9952391982078552 0.027225708588957787 -2.267341375350952
-0.9952543377876282 0.09279388934373856 -0.029290519654750824 -0.23550626635551453 0.026652755215764046 -0.02953913062810898 -0.9992081522941589 -0.7897610664367676 -0.09358563274145126 -0.9952470064163208 0.026925817131996155 -2.266911745071411
-0.9952355623245239 0.09287258982658386 -0.02967727929353714 -0.23577594757080078 0.027037231251597404 -0.029557054862380028 -0.9991973042488098 -0.789866030216217 -0.09367521852254868 -0.9952391386032104 0.026905296370387077 -2.2668702602386475
-0.9952489733695984 0.09279850870370865 -0.029458576813340187 -0.23563310503959656 0.02685542404651642 -0.029176857322454453 -0.9992133975028992 -0.7896378040313721 -0.09358502924442291 -0.9952572584152222 0.02654617466032505 -2.266847610473633
-0.9952495098114014 0.09279699623584747 -0.029443394392728806 -0.23563583195209503 0.026837583631277084 -0.029204895719885826 -0.9992130398750305 -0.789626955986023 -0.09358386695384979 -0.9952566027641296 0.02657579444348812 -2.2668263912200928
-0.995261013507843 0.09271504729986191 -0.02931390143930912 -0.235543355345726 0.026706036180257797 -0.029244670644402504 -0.9992154240608215 -0.7895821332931519 -0.09349958598613739 -0.9952630996704102 0.026630111038684845 -2.266801595687866
-0.9952679872512817 0.09259199351072311 -0.029465775936841965 -0.23551559448242188 0.026853442192077637 -0.02933395467698574 -0.9992088675498962 -0.7894421815872192 -0.09338308870792389 -0.9952719211578369 0.02670881524682045 -2.2666759490966797
-0.9952314496040344 0.09286852180957794 -0.029826033860445023 -0.2358812391757965 0.027217140421271324 -0.029233483597636223 -0.9992019534111023 -0.7896153926849365 -0.09366632997989655 -0.9952490925788879 0.026566550135612488 -2.266556739807129
-0.9952337145805359 0.09276905655860901 -0.030060812830924988 -0.23591232299804688 0.027447711676359177 -0.029316553846001625 -0.9991931915283203 -0.7894777059555054 -0.09357549995183945 -0.9952559471130371 0.02663060650229454 -2.266676902770996
-0.995224118232727 0.09267408400774002 -0.030664393678307533 -0.23574049770832062 0.028019370511174202 -0.0297089871019125 -0.9991657733917236 -0.7895949482917786 -0.093507781624794 -0.9952531456947327 0.02697051502764225 -2.2668023109436035
-0.9952253103256226 0.09266649186611176 -0.03064892813563347 -0.23574303090572357 0.02800591103732586 -0.029689190909266472 -0.99916672706604 -0.7895874381065369 -0.09349922090768814 -0.9952544569969177 0.026952305808663368 -2.2667980194091797
-0.9952120184898376 0.09271221607923508 -0.03094015270471573 -0.23570862412452698 0.02829340100288391 -0.029727984219789505 -0.9991574883460999 -0.7897336483001709 -0.09355390071868896 -0.9952490329742432 0.026962585747241974 -2.2667794227600098
-0.995207667350769 0.09282946586608887 -0.030728846788406372 -0.2357638031244278 0.028090836480259895 -0.029592284932732582 -0.9991672039031982 -0.7899361252784729 -0.09366150200366974 -0.9952421188354492 0.026842894032597542 -2.2670671939849854
