# 3x4 first row second row third row Freq: 250 current Time: 2020-10-02-15:21:13
-0.9898540377616882 0.13303494453430176 -0.049905646592378616 0.3247329890727997 0.04752744734287262 -0.02099444903433323 -0.9986492395401001 -0.8032987713813782 -0.13390299677848816 -0.9908888936042786 0.014458710327744484 -2.056447982788086
-0.9898406267166138 0.13300561904907227 -0.050247639417648315 0.3245078921318054 0.04781860485672951 -0.021396329626441002 -0.9986268281936646 -0.8034328818321228 -0.13389809429645538 -0.9908842444419861 0.014818894676864147 -2.056363821029663
-0.9898937940597534 0.13270524144172668 -0.04999472200870514 0.32465076446533203 0.04756135120987892 -0.021445555612444878 -0.9986380338668823 -0.8035054206848145 -0.13359667360782623 -0.9909234642982483 0.014917262829840183 -2.0562961101531982
-0.9898663759231567 0.13258244097232819 -0.05085555091500282 0.3249545991420746 0.04842213913798332 -0.021516060456633568 -0.9985951781272888 -0.8031138777732849 -0.1334904134273529 -0.9909383654594421 0.014878179877996445 -2.0562708377838135
-0.9899451732635498 0.13217899203300476 -0.05036960169672966 0.3250381350517273 0.047875840216875076 -0.021979255601763725 -0.9986113905906677 -0.8030231595039368 -0.13310255110263824 -0.9909821152687073 0.015430159866809845 -2.0562758445739746
-0.9899041056632996 0.132362961769104 -0.0506928525865078 0.32495051622390747 0.04820394515991211 -0.02194277197122574 -0.9985964298248291 -0.8030634522438049 -0.13328953087329865 -0.9909583926200867 0.015340904705226421 -2.056257486343384
-0.9899177551269531 0.13229049742221832 -0.050615344196558 0.32500407099723816 0.04810444638133049 -0.02210972271859646 -0.9985975623130798 -0.8031365275382996 -0.13322405517101288 -0.9909643530845642 0.01552312821149826 -2.056246519088745
-0.9898878931999207 0.13241425156593323 -0.05087551102042198 0.3249502182006836 0.04837458208203316 -0.022038104012608528 -0.9985860586166382 -0.8031567335128784 -0.1333482265472412 -0.9909493923187256 0.015409848652780056 -2.056251287460327
-0.9898070096969604 0.133299320936203 -0.05013210326433182 0.32425814867019653 0.047674760222435 -0.021565059199929237 -0.9986300468444824 -0.8038011193275452 -0.13419781625270844 -0.9908411502838135 0.014990314841270447 -2.056109666824341
-0.989832878112793 0.13324074447155 -0.04977555200457573 0.32436010241508484 0.04734470322728157 -0.02135246805846691 -0.998650312423706 -0.8039683103561401 -0.134123757481575 -0.9908536076545715 0.014827212318778038 -2.056321859359741
-0.9898332357406616 0.1332351565361023 -0.04978382959961891 0.32433030009269714 0.04735293984413147 -0.021353960037231445 -0.9986498951911926 -0.8040022850036621 -0.13411836326122284 -0.9908543229103088 0.014827864244580269 -2.0563504695892334
-0.9898488521575928 0.13283976912498474 -0.05052422732114792 0.3247913122177124 0.04808300361037254 -0.021523354575037956 -0.9986113905906677 -0.8035092949867249 -0.13374276459217072 -0.9909037351608276 0.014917614869773388 -2.0562400817871094
-0.989849328994751 0.1328282505273819 -0.050545498728752136 0.32479992508888245 0.04810469597578049 -0.021522916853427887 -0.9986103177070618 -0.8035019636154175 -0.13373155891895294 -0.9909052848815918 0.014914863742887974 -2.056255578994751
-0.9898563027381897 0.13273794949054718 -0.05064614862203598 0.3252289891242981 0.04820315167307854 -0.02155596762895584 -0.9986048936843872 -0.8031725883483887 -0.13364450633525848 -0.9909166693687439 0.014939003624022007 -2.0562384128570557
-0.989912211894989 0.13248327374458313 -0.05021731182932854 0.3251723647117615 0.047794148325920105 -0.02140934020280838 -0.9986277222633362 -0.8030353784561157 -0.1333765834569931 -0.9909539818763733 0.014861525036394596 -2.0561575889587402
-0.9899565577507019 0.13222207129001617 -0.050031550228595734 0.3251129984855652 0.047568149864673615 -0.021726155653595924 -0.9986316561698914 -0.8030347228050232 -0.13312813639640808 -0.990981936454773 0.015218473970890045 -2.0560874938964844
-0.9899600148200989 0.13213525712490082 -0.05019298568367958 0.32514476776123047 0.04772418364882469 -0.021786974743008614 -0.9986228942871094 -0.8029681444168091 -0.13304686546325684 -0.9909921884536743 0.015262266620993614 -2.05608868598938
-0.9899695515632629 0.13215751945972443 -0.04994460940361023 0.3251752257347107 0.04747005179524422 -0.021811045706272125 -0.9986344575881958 -0.8030171394348145 -0.13306640088558197 -0.9909886717796326 0.01531882956624031 -2.056147336959839
-0.9899799823760986 0.1320604830980301 -0.04999546334147453 0.3249087929725647 0.04749895632266998 -0.021989209577441216 -0.9986291527748108 -0.8031778931617737 -0.13297881186008453 -0.9909976720809937 0.015496223233640194 -2.0561423301696777
-0.9899799227714539 0.1320692002773285 -0.04997327923774719 0.324895441532135 0.04747885465621948 -0.021971220150589943 -0.9986305236816406 -0.8031755685806274 -0.13298632204532623 -0.9909968972206116 0.015480653382837772 -2.0561583042144775
-0.9900050163269043 0.13174940645694733 -0.050319477915763855 0.3249829411506653 0.0478348471224308 -0.021958205848932266 -0.9986138343811035 -0.8031795620918274 -0.13267171382904053 -0.9910397529602051 0.015436602756381035 -2.056105375289917
-0.9900156855583191 0.1315777450799942 -0.050557252019643784 0.3252178132534027 0.048059821128845215 -0.022089552134275436 -0.9986001253128052 -0.8030394315719604 -0.13251034915447235 -0.9910596609115601 0.015545482747256756 -2.0560944080352783
-0.99001145362854 0.13159674406051636 -0.05059128254652023 0.3252415359020233 0.04809299483895302 -0.022095926105976105 -0.9985983967781067 -0.8030207753181458 -0.13253015279769897 -0.9910569787025452 0.015546420589089394 -2.056102991104126
-0.9899969696998596 0.13181239366531372 -0.05031241476535797 0.3247228264808655 0.047893982380628586 -0.021456079557538033 -0.998621940612793 -0.8036494851112366 -0.132710263133049 -0.9910423755645752 0.014928514137864113 -2.0560812950134277
-0.9899924397468567 0.13184426724910736 -0.05031852424144745 0.3247045874595642 0.0479012168943882 -0.021444447338581085 -0.9986218214035034 -0.8036755919456482 -0.13274161517620087 -0.99103844165802 0.014914420433342457 -2.0560872554779053
-0.9899227619171143 0.13209542632102966 -0.05102540925145149 0.3248057961463928 0.04862239584326744 -0.021355651319026947 -0.9985888600349426 -0.8036340475082397 -0.13299870491027832 -0.9910069108009338 0.014717730693519115 -2.0560638904571533
-0.9898585677146912 0.13236339390277863 -0.051573313772678375 0.3242301344871521 0.04922012612223625 -0.020991111174225807 -0.9985672831535339 -0.8038087487220764 -0.13325634598731995 -0.9909788966178894 0.014263369143009186 -2.05584716796875
-0.9898613095283508 0.13235467672348022 -0.05154234543442726 0.3242190182209015 0.049190640449523926 -0.020979007706046104 -0.9985690116882324 -0.8038158416748047 -0.13324658572673798 -0.990980327129364 0.014255779795348644 -2.0558440685272217
-0.9899095892906189 0.13212691247463226 -0.051199283450841904 0.3242158889770508 0.048839833587408066 -0.02103891409933567 -0.9985849857330322 -0.8035860657691956 -0.1330171376466751 -0.9910094738006592 0.01437364611774683 -2.0559628009796143
-0.9899428486824036 0.13185878098011017 -0.051246967166662216 0.3248509168624878 0.04887163266539574 -0.021189941093325615 -0.9985802173614502 -0.8030403256416321 -0.1327574998140335 -0.9910419583320618 0.01453275978565216 -2.0559632778167725
-0.9899385571479797 0.13187551498413086 -0.05128699541091919 0.32486099004745483 0.04891152307391167 -0.021191714331507683 -0.9985782504081726 -0.8030155301094055 -0.13277488946914673 -0.9910396933555603 0.014528344385325909 -2.055969476699829
-0.9899423718452454 0.13169442117214203 -0.05167701467871666 0.3251192271709442 0.04928707331418991 -0.021345244720578194 -0.9985564947128296 -0.8028321862220764 -0.1326073855161667 -0.9910604953765869 0.014639811590313911 -2.055981159210205
-0.9899600148200989 0.13168451189994812 -0.05136338248848915 0.3249286413192749 0.04896046593785286 -0.02142292633652687 -0.9985709190368652 -0.8029589653015137 -0.1325966864824295 -0.9910601377487183 0.014760586433112621 -2.055945634841919
-0.9899616837501526 0.13167737424373627 -0.05134895071387291 0.3249368667602539 0.048946235328912735 -0.021421313285827637 -0.9985716342926025 -0.8029427528381348 -0.13258926570415497 -0.9910610914230347 0.014761248603463173 -2.0559511184692383
-0.9899848103523254 0.13194258511066437 -0.05021069943904877 0.3246192932128906 0.047813717275857925 -0.02127465419471264 -0.998629629611969 -0.8034699559211731 -0.13282999396324158 -0.9910289645195007 0.014752999879419804 -2.056002140045166
-0.989984929561615 0.13194160163402557 -0.05021001026034355 0.32460692524909973 0.04781219735741615 -0.021280894055962563 -0.9986295700073242 -0.8034722805023193 -0.13282930850982666 -0.9910289645195007 0.014759428799152374 -2.056002616882324
-0.9900267720222473 0.1314631998538971 -0.05063856765627861 0.32494866847991943 0.04828282445669174 -0.021047567948698997 -0.9986118674278259 -0.8030463457107544 -0.13234654068946838 -0.9910975694656372 0.014490323141217232 -2.055790662765503
-0.99003666639328 0.13138791918754578 -0.050640303641557693 0.3249610960483551 0.04826536029577255 -0.02119983360171318 -0.9986094832420349 -0.8030146956443787 -0.13227878510951996 -0.9911043047904968 0.014647209085524082 -2.0558252334594727
-0.9899514317512512 0.1320469230413437 -0.05059211328625679 0.3244050145149231 0.048280902206897736 -0.02064838819205761 -0.998620331287384 -0.8032037019729614 -0.1329093873500824 -0.991028368473053 0.014065638184547424 -2.055711507797241
-0.9899694919586182 0.13140550255775452 -0.051892947405576706 0.3249417841434479 0.0494789257645607 -0.021571850404143333 -0.9985421299934387 -0.8031326532363892 -0.13233336806297302 -0.9910939335823059 0.01485375128686428 -2.055656909942627
-0.989958643913269 0.13140003383159637 -0.05211302638053894 0.32481032609939575 0.04976193606853485 -0.021115390583872795 -0.9985378384590149 -0.8032095432281494 -0.13230830430984497 -0.9911044836044312 0.014364724047482014 -2.055365800857544
-0.989945113658905 0.1315285712480545 -0.052045922726392746 0.3249368667602539 0.049687258899211884 -0.021153640002012253 -0.9985407590866089 -0.8027384281158447 -0.132437601685524 -0.9910866022109985 0.014405729249119759 -2.0552549362182617
-0.9900621771812439 0.13107869029045105 -0.05094215273857117 0.32472214102745056 0.048422280699014664 -0.02234221249818802 -0.9985769987106323 -0.8030896186828613 -0.13203033804893494 -0.9911201596260071 0.01577313244342804 -2.055628538131714
-0.9901639819145203 0.13089725375175476 -0.049406830221414566 0.32496148347854614 0.04691082239151001 -0.022085711359977722 -0.998654842376709 -0.8030372858047485 -0.13181236386299133 -0.9911498427391052 0.015728062018752098 -2.0555756092071533
-0.9901375770568848 0.1310253143310547 -0.04959659278392792 0.3247467875480652 0.047118235379457474 -0.021949969232082367 -0.9986481070518494 -0.8031108379364014 -0.13193683326244354 -0.9911359548568726 0.015559889376163483 -2.055603504180908
-0.9901190996170044 0.13102026283740997 -0.04997726529836655 0.3247896432876587 0.04750705510377884 -0.021913940086960793 -0.9986304640769958 -0.8026223182678223 -0.13193602859973907 -0.9911374449729919 0.015473105013370514 -2.055482864379883
-0.9901316165924072 0.13087548315525055 -0.050108566880226135 0.32498621940612793 0.04763562232255936 -0.02196011133491993 -0.9986233115196228 -0.8024136424064636 -0.1317957043647766 -0.9911555051803589 0.015509146265685558 -2.055495023727417
-0.9900978207588196 0.13111650943756104 -0.05014598369598389 0.3245941996574402 0.04768481105566025 -0.021845614537596703 -0.9986234903335571 -0.8028531670570374 -0.13203150033950806 -0.9911261796951294 0.015377110801637173 -2.0552947521209717
-0.9900320172309875 0.13142435252666473 -0.050636716187000275 0.3245861530303955 0.04816240817308426 -0.021939732134342194 -0.9985985159873962 -0.8030112981796265 -0.1323511153459549 -0.9910833239555359 0.015391405671834946 -2.0552804470062256
-0.9900270700454712 0.13143017888069153 -0.05071885883808136 0.32473790645599365 0.04819539561867714 -0.022312430664896965 -0.9985886216163635 -0.8026778697967529 -0.13237634301185608 -0.99107426404953 0.015755662694573402 -2.0553274154663086
-0.9900280237197876 0.13142623007297516 -0.05071019381284714 0.32474642992019653 0.04818645864725113 -0.02231435663998127 -0.998589038848877 -0.8026552796363831 -0.13237236440181732 -0.9910747408866882 0.015758955851197243 -2.0553460121154785
-0.9900662899017334 0.13111409544944763 -0.05077090114355087 0.3248090147972107 0.0482621043920517 -0.02224373072385788 -0.9985869526863098 -0.8027127981185913 -0.13205817341804504 -0.9911176562309265 0.015695005655288696 -2.055248737335205
-0.990096390247345 0.13085943460464478 -0.05084080994129181 0.3248036801815033 0.04832030460238457 -0.02236689254641533 -0.9985814094543457 -0.8026912212371826 -0.1318109631538391 -0.9911485314369202 0.015822293236851692 -2.055270195007324
-0.9900740385055542 0.13127270340919495 -0.05020705610513687 0.32486456632614136 0.047643326222896576 -0.022600099444389343 -0.9986086487770081 -0.8029909729957581 -0.13222475349903107 -0.9910886287689209 0.01612158492207527 -2.055603265762329
-0.990077555179596 0.13126441836357117 -0.0501587949693203 0.32487136125564575 0.04759279638528824 -0.022614993155002594 -0.9986107349395752 -0.8029975295066833 -0.1322164088487625 -0.9910893440246582 0.01614343747496605 -2.055652141571045
-0.9900623559951782 0.13155390322208405 -0.049698494374752045 0.32484379410743713 0.04716740921139717 -0.022288469597697258 -0.9986382722854614 -0.8030828237533569 -0.13248248398303986 -0.991058349609375 0.01586199924349785 -2.0556092262268066
-0.9900856614112854 0.1314004510641098 -0.049640290439128876 0.3248162567615509 0.04710683226585388 -0.022321011871099472 -0.9986404180526733 -0.8029524683952332 -0.13232983648777008 -0.9910780191421509 0.015909936279058456 -2.055345058441162
-0.9900403022766113 0.131660595536232 -0.04985543712973595 0.32469356060028076 0.04731788486242294 -0.022334124892950058 -0.9986301064491272 -0.8028426170349121 -0.13259372115135193 -0.991043210029602 0.015881864354014397 -2.05527925491333
-0.9900237917900085 0.13164269924163818 -0.05022922158241272 0.3247012197971344 0.047703735530376434 -0.022270329296588898 -0.998613178730011 -0.8028900027275085 -0.1325787603855133 -0.9910470247268677 0.01576838828623295 -2.0552830696105957
-0.9900223612785339 0.13165901601314545 -0.05021395906805992 0.3246939182281494 0.04768557474017143 -0.02228904329240322 -0.9986136555671692 -0.8028857111930847 -0.1325957179069519 -0.9910444021224976 0.015788499265909195 -2.0552875995635986
-0.9900628328323364 0.1313401609659195 -0.05025096237659454 0.3251103460788727 0.04769471287727356 -0.022538593038916588 -0.9986075758934021 -0.8025276064872742 -0.13228987157344818 -0.9910810589790344 0.01605047471821308 -2.0551695823669434
-0.9900109171867371 0.13153788447380066 -0.05075410008430481 0.3248268663883209 0.04825349152088165 -0.02213081531226635 -0.9985898733139038 -0.8027092218399048 -0.13247562944889069 -0.9910640120506287 0.01556266937404871 -2.055041790008545
-0.990013837814331 0.13151057064533234 -0.050767682492733 0.32484349608421326 0.04825851321220398 -0.022198986262083054 -0.9985881447792053 -0.8026826977729797 -0.1324518918991089 -0.9910661578178406 0.01563088223338127 -2.0550575256347656
-0.9900178909301758 0.13161806762218475 -0.05040875822305679 0.32490676641464233 0.04790450260043144 -0.02212618663907051 -0.99860680103302 -0.8028772473335266 -0.13255006074905396 -0.9910535216331482 0.015600305050611496 -2.0554399490356445
-0.9900172352790833 0.13162532448768616 -0.05040280148386955 0.3249128460884094 0.04789621755480766 -0.022142358124256134 -0.99860680103302 -0.8028870820999146 -0.13255798816680908 -0.9910521507263184 0.01561704371124506 -2.0554676055908203
-0.9900484681129456 0.1313696950674057 -0.05045664310455322 0.32509464025497437 0.047932617366313934 -0.02230692468583584 -0.9986014366149902 -0.8027930855751038 -0.13231149315834045 -0.9910823702812195 0.0157881248742342 -2.0554652214050293
-0.990121603012085 0.13097825646400452 -0.050037529319524765 0.3250618875026703 0.047548528760671616 -0.022064002230763435 -0.9986251592636108 -0.8024757504463196 -0.13190221786499023 -0.9911396503448486 0.015618303790688515 -2.055417776107788
-0.9901271462440491 0.13096140325069427 -0.04997202008962631 0.32503825426101685 0.047470808029174805 -0.02215353026986122 -0.9986268877983093 -0.802475094795227 -0.13188864290714264 -0.9911398887634277 0.01571805030107498 -2.0552656650543213
-0.9901289343833923 0.1309453696012497 -0.04997812956571579 0.3250456154346466 0.04748158156871796 -0.022120827808976173 -0.9986271262168884 -0.8024635314941406 -0.13187114894390106 -0.991142749786377 0.015685060992836952 -2.05527663230896
-0.9900669455528259 0.1312970519065857 -0.050283364951610565 0.3243063986301422 0.047836191952228546 -0.021728409454226494 -0.9986187815666199 -0.8028131723403931 -0.13220828771591187 -0.9911049008369446 0.015231909230351448 -2.0551505088806152
-0.9900856018066406 0.13119234144687653 -0.0501892976462841 0.3246755301952362 0.04772533103823662 -0.021860497072339058 -0.9986212253570557 -0.8028099536895752 -0.1321086287498474 -0.9911158680915833 0.015382646583020687 -2.055114507675171
-0.99007648229599 0.13142330944538116 -0.04976291209459305 0.3246570825576782 0.04729517549276352 -0.021834025159478188 -0.9986422657966614 -0.8030011057853699 -0.13233140110969543 -0.9910858273506165 0.015401747077703476 -2.055311441421509
-0.990057647228241 0.1314050406217575 -0.05018353462219238 0.32464277744293213 0.04774203896522522 -0.02166684716939926 -0.9986246228218079 -0.8028703331947327 -0.1323116421699524 -0.9910919070243835 0.015177964232861996 -2.055124521255493
-0.990058183670044 0.1314074546098709 -0.05016685277223587 0.3246351182460785 0.047723859548568726 -0.02167672850191593 -0.9986252784729004 -0.8028746843338013 -0.1323142647743225 -0.9910913705825806 0.015190034173429012 -2.0551280975341797
-0.9900861978530884 0.13115274906158447 -0.05028058961033821 0.32480648159980774 0.04784122109413147 -0.021686427295207977 -0.9986194372177124 -0.8026918172836304 -0.13206210732460022 -0.9911249279975891 0.01519700512290001 -2.055176258087158
-0.9900712966918945 0.1312856376171112 -0.05022752657532692 0.32456740736961365 0.04780169576406479 -0.02156609669327736 -0.9986239671707153 -0.8028703927993774 -0.13218820095062256 -0.9911099076271057 0.015076377429068089 -2.054957866668701
-0.9900916218757629 0.13116224110126495 -0.05014827847480774 0.32455867528915405 0.047702010720968246 -0.021728552877902985 -0.9986252188682556 -0.8028061985969543 -0.1320715695619583 -0.9911227226257324 0.015256637707352638 -2.054924726486206
-0.9900946021080017 0.13115902245044708 -0.050097666680812836 0.3247669041156769 0.047647684812545776 -0.02175353653728962 -0.998627245426178 -0.8027182817459106 -0.13206878304481506 -0.9911226034164429 0.015288718044757843 -2.0549089908599854
-0.9900069236755371 0.13172590732574463 -0.050343286246061325 0.32478439807891846 0.04791349172592163 -0.021552782505750656 -0.9986189007759094 -0.8028033971786499 -0.13262902200222015 -0.9910517930984497 0.015026037581264973 -2.0552403926849365
-0.9899855852127075 0.13192278146743774 -0.05024665966629982 0.32464268803596497 0.04781300574541092 -0.021552829071879387 -0.9986237287521362 -0.8024023175239563 -0.13282418251037598 -0.9910256266593933 0.015029448084533215 -2.0549252033233643
-0.9899855852127075 0.131930410861969 -0.05022646114230156 0.3246414065361023 0.04779459536075592 -0.02153732068836689 -0.9986249208450317 -0.8023784160614014 -0.13283073902130127 -0.991024911403656 0.015016158111393452 -2.0549283027648926
-0.9899837374687195 0.13193407654762268 -0.05025337636470795 0.32463952898979187 0.04782123863697052 -0.021540656685829163 -0.9986235499382019 -0.8023552894592285 -0.13283497095108032 -0.991024374961853 0.015015730634331703 -2.0549299716949463
-0.9899861216545105 0.13203492760658264 -0.04994117468595505 0.32500308752059937 0.04747036471962929 -0.021797139197587967 -0.9986347556114197 -0.8025082945823669 -0.132943257689476 -0.9910053610801697 0.01531120017170906 -2.0551552772521973
-0.9899815917015076 0.13207261264324188 -0.04993051290512085 0.3250170052051544 0.04745813459157944 -0.02180374413728714 -0.9986351728439331 -0.8024984002113342 -0.13298103213310242 -0.9910001754760742 0.015317467972636223 -2.0551705360412598
-0.9899871945381165 0.13221925497055054 -0.049429889768362045 0.32495060563087463 0.04694291949272156 -0.021862704306840897 -0.9986582398414612 -0.8028917908668518 -0.133122518658638 -0.9909793138504028 0.015437121503055096 -2.055110216140747
-0.9899697303771973 0.13230200111865997 -0.049557607620954514 0.3246663212776184 0.04710256680846214 -0.021623831242322922 -0.9986559152603149 -0.8027880191802979 -0.13319581747055054 -0.9909735321998596 0.01517525501549244 -2.054898500442505
-0.989992618560791 0.13207419216632843 -0.049707550555467606 0.3248874247074127 0.04725487530231476 -0.021642187610268593 -0.9986483454704285 -0.8026599884033203 -0.13297146558761597 -0.9910035133361816 0.015184537507593632 -2.054919481277466
-0.9900252223014832 0.13185706734657288 -0.04963526874780655 0.3248896300792694 0.047165993601083755 -0.021786486729979515 -0.9986494183540344 -0.8026061058044434 -0.13276036083698273 -0.9910292625427246 0.015350083820521832 -2.0548171997070312
-0.9900861382484436 0.1315167248249054 -0.049322232604026794 0.32499492168426514 0.04683127999305725 -0.021968265995383263 -0.9986611604690552 -0.8023888468742371 -0.13242417573928833 -0.9910704493522644 0.015591461211442947 -2.054823398590088
-0.9900856614112854 0.13151970505714417 -0.04932380095124245 0.32499969005584717 0.046832963824272156 -0.021967142820358276 -0.9986611008644104 -0.8023704886436462 -0.1324271261692047 -0.9910700917243958 0.01558997668325901 -2.054818868637085
-0.9900057911872864 0.1320812851190567 -0.04942568019032478 0.3244655430316925 0.046957194805145264 -0.021740859374403954 -0.9986602663993835 -0.8028896450996399 -0.1329789012670517 -0.9910004138946533 0.015321492217481136 -2.0549795627593994
-0.9900017380714417 0.13210678100585938 -0.0494392104446888 0.3244344890117645 0.046967197209596634 -0.021765047684311867 -0.9986592531204224 -0.8029002547264099 -0.13300570845603943 -0.9909964799880981 0.015342830680310726 -2.05499529838562
-0.9900366067886353 0.13205207884311676 -0.04888360947370529 0.32483866810798645 0.04641350731253624 -0.021720999851822853 -0.9986860752105713 -0.8030374646186829 -0.1329403817653656 -0.9910047054290771 0.01537566538900137 -2.0553395748138428
-0.990054190158844 0.13189071416854858 -0.04896355792880058 0.324835866689682 0.04650221765041351 -0.021679647266864777 -0.9986828565597534 -0.8026847839355469 -0.13277851045131683 -0.9910271167755127 0.015330895781517029 -2.0549497604370117
-0.9900814294815063 0.13160346448421478 -0.04918481782078743 0.32489266991615295 0.04670947790145874 -0.021832255646586418 -0.9986698627471924 -0.8024093508720398 -0.1325022429227829 -0.9910619258880615 0.015468662604689598 -2.054888963699341
-0.9900449514389038 0.13188979029655457 -0.04915185272693634 0.3244647979736328 0.0467122346162796 -0.02152986265718937 -0.9986763000488281 -0.8027035593986511 -0.13277344405651093 -0.9910305142402649 0.015154747292399406 -2.0546774864196777
-0.9900448322296143 0.13188259303569794 -0.04917424917221069 0.3244496285915375 0.046733710914850235 -0.021539023146033287 -0.9986751079559326 -0.8027068376541138 -0.13276703655719757 -0.991031289100647 0.01516131591051817 -2.054676055908203
-0.9900518655776978 0.13185733556747437 -0.0490991435945034 0.32443949580192566 0.04663798585534096 -0.0216909758746624 -0.9986763000488281 -0.8026087880134583 -0.1327478140592575 -0.991031289100647 0.015325712040066719 -2.05470871925354
-0.9899846315383911 0.13211511075496674 -0.04975852370262146 0.3244822323322296 0.04733526334166527 -0.021421652287244797 -0.9986492991447449 -0.8028877377510071 -0.13300257921218872 -0.9910028576850891 0.014953483827412128 -2.0545012950897217
-0.9900034070014954 0.13196581602096558 -0.04978106543421745 0.32448720932006836 0.04733975976705551 -0.02157467231154442 -0.9986457824707031 -0.8027978539466858 -0.13286112248897552 -0.9910194277763367 0.015111849643290043 -2.054489850997925
-0.9899856448173523 0.13215482234954834 -0.04963283985853195 0.3244997262954712 0.04719599336385727 -0.021510137245059013 -0.9986540079116821 -0.803145706653595 -0.1330445557832718 -0.9909956455230713 0.015057629905641079 -2.0546932220458984
-0.9899951219558716 0.13208726048469543 -0.049623504281044006 0.3245297372341156 0.04716872796416283 -0.021650878712534904 -0.9986522197723389 -0.8031213283538818 -0.13298362493515015 -0.991001546382904 0.015203957445919514 -2.054778814315796
-0.989954948425293 0.1322965770959854 -0.04986695572733879 0.3242681324481964 0.047454774379730225 -0.02132575772702694 -0.9986456632614136 -0.8033719658851624 -0.13318085670471191 -0.9909806847572327 0.01483351644128561 -2.0547728538513184
-0.9900041222572327 0.13198040425777435 -0.04972785711288452 0.32485708594322205 0.0473150908946991 -0.02135668881237507 -0.9986516237258911 -0.8025040030479431 -0.13286447525024414 -0.9910221695899963 0.014898627065122128 -2.0544652938842773
-0.9900289177894592 0.13181452453136444 -0.04967397078871727 0.32503312826156616 0.04722994938492775 -0.021605394780635834 -0.998650312423706 -0.8023020625114441 -0.13270986080169678 -0.9910388588905334 0.015164452604949474 -2.054509162902832
-0.9900302290916443 0.13188102841377258 -0.0494706928730011 0.3250751197338104 0.047008879482746124 -0.021717282012104988 -0.998658299446106 -0.8025488257408142 -0.13277846574783325 -0.9910275936126709 0.015301267616450787 -2.054677724838257
-0.9900293350219727 0.1318560689687729 -0.0495554581284523 0.3248118758201599 0.047102488577365875 -0.021659687161445618 -0.9986551403999329 -0.8025080561637878 -0.13275212049484253 -0.9910321831703186 0.015233058482408524 -2.0545308589935303
-0.9900479316711426 0.13176056742668152 -0.04943809285759926 0.3248605728149414 0.04694848507642746 -0.021936818957328796 -0.9986563920974731 -0.8021776080131531 -0.13266804814338684 -0.9910387992858887 0.01553262397646904 -2.0545902252197266
-0.9901188015937805 0.1312718689441681 -0.049318376928567886 0.3248845040798187 0.04675761237740517 -0.022520553320646286 -0.9986523389816284 -0.8022319078445435 -0.13220563530921936 -0.9910905361175537 0.01616014540195465 -2.0545711517333984
-0.9900159239768982 0.13220512866973877 -0.04888851195573807 0.32446905970573425 0.04638681933283806 -0.021938689053058624 -0.9986825585365295 -0.8032097220420837 -0.13310351967811584 -0.9909795522689819 0.015587158501148224 -2.054781913757324
-0.9900189638137817 0.13217082619667053 -0.04891964793205261 0.3244301974773407 0.04641541838645935 -0.021963663399219513 -0.9986807107925415 -0.8032751083374023 -0.1330709159374237 -0.9909835457801819 0.015609761700034142 -2.0548086166381836
-0.9900866150856018 0.13165432214736938 -0.048943571746349335 0.3248556852340698 0.046396490186452866 -0.0223469790071249 -0.9986730813980103 -0.8025608658790588 -0.13257338106632233 -0.991043746471405 0.016017228364944458 -2.0545084476470947
-0.9900532364845276 0.1318633109331131 -0.049056198447942734 0.32477739453315735 0.046518970280885696 -0.02225532755255699 -0.998669445514679 -0.8026737570762634 -0.13277962803840637 -0.9910179972648621 0.015899894759058952 -2.05452823638916
-0.9900474548339844 0.13173432648181915 -0.049517035484313965 0.32470059394836426 0.04697756841778755 -0.022317538037896156 -0.9986465573310852 -0.8025762438774109 -0.1326611489057541 -0.9910337328910828 0.01590694487094879 -2.054495334625244
-0.9900480508804321 0.13182197511196136 -0.04927083104848862 0.3246893286705017 0.046721670776605606 -0.022363336756825447 -0.9986575245857239 -0.8027586936950684 -0.1327468752861023 -0.9910210967063904 0.015981916338205338 -2.054685592651367
-0.9900485873222351 0.13182009756565094 -0.04926595836877823 0.3246806263923645 0.04671837389469147 -0.022351490333676338 -0.9986579418182373 -0.8027663230895996 -0.13274435698986053 -0.9910215735435486 0.01597072184085846 -2.054701328277588
-0.990041196346283 0.13172133266925812 -0.04967684671282768 0.3246305286884308 0.047119464725255966 -0.02246333844959736 -0.9986366033554077 -0.8024606704711914 -0.13265766203403473 -0.9910321831703186 0.016033073887228966 -2.054617404937744
-0.9899283647537231 0.1323009580373764 -0.05037961155176163 0.3242979049682617 0.04790747910737991 -0.021804766729474068 -0.998613715171814 -0.8029375076293945 -0.13321606814861298 -0.990969717502594 0.015247032977640629 -2.054471015930176
-0.989927351474762 0.13243220746517181 -0.0500534325838089 0.3242933452129364 0.04755927994847298 -0.021931951865553856 -0.9986275434494019 -0.802962064743042 -0.1333482265472412 -0.9909493327140808 0.015412740409374237 -2.0546975135803223
-0.9899407029151917 0.1323254108428955 -0.05007191002368927 0.32469770312309265 0.04756682366132736 -0.022026948630809784 -0.9986250996589661 -0.8027921319007874 -0.13324642181396484 -0.990961492061615 0.015511155128479004 -2.0548136234283447
-0.989938497543335 0.1323329657316208 -0.05009577423334122 0.3247019350528717 0.04759013280272484 -0.022031744942069054 -0.9986239075660706 -0.8027936220169067 -0.13325457274913788 -0.990960419178009 0.015512410551309586 -2.054839611053467
-0.9899300932884216 0.13228227198123932 -0.05039487034082413 0.324635773897171 0.04790138825774193 -0.021966757252812386 -0.9986104369163513 -0.8027857542037964 -0.13320547342300415 -0.9909685850143433 0.015409131534397602 -2.0548925399780273
-0.9899017214775085 0.13249346613883972 -0.0503973625600338 0.32464659214019775 0.047905754297971725 -0.021928394213318825 -0.9986110925674438 -0.802881121635437 -0.1334145963191986 -0.9909412264823914 0.01535983756184578 -2.054769992828369
-0.9899011850357056 0.1325020045042038 -0.05038594454526901 0.3246481418609619 0.047894436866045 -0.021925924345850945 -0.9986116886138916 -0.8029000163078308 -0.1334228217601776 -0.9909401535987854 0.015358472242951393 -2.054790496826172
-0.9898839592933655 0.13233663141727448 -0.05115298181772232 0.3247475326061249 0.048700153827667236 -0.0217075664550066 -0.9985774755477905 -0.8022892475128174 -0.13325878977775574 -0.9909670352935791 0.015043240040540695 -2.054595708847046
-0.9898804426193237 0.1323617398738861 -0.05115612596273422 0.3247578740119934 0.04870206490159035 -0.021714074537158012 -0.9985772371292114 -0.8022603392601013 -0.13328422605991364 -0.9909635782241821 0.015048128552734852 -2.054595708847046
-0.989900529384613 0.1322454959154129 -0.051067158579826355 0.32475677132606506 0.048618122935295105 -0.021684158593416214 -0.9985820055007935 -0.8022111058235168 -0.13316532969474792 -0.9909797310829163 0.015035714954137802 -2.0544545650482178
-0.9899796843528748 0.1316835731267929 -0.05098584294319153 0.32494568824768066 0.04855874180793762 -0.02157926745712757 -0.9985871315002441 -0.802187442779541 -0.13259775936603546 -0.9910568594932556 0.01496872864663601 -2.054447650909424
-0.9899812340736389 0.1316717118024826 -0.05098554491996765 0.3249601423740387 0.04856137931346893 -0.021558666601777077 -0.9985874891281128 -0.8021690249443054 -0.13258491456508636 -0.991058886051178 0.014948596246540546 -2.0544416904449463
-0.9899303913116455 0.13193067908287048 -0.05130316689610481 0.3247564733028412 0.048909991979599 -0.021318776533007622 -0.9985756278038025 -0.8025428056716919 -0.1328364759683609 -0.9910296201705933 0.014651457779109478 -2.0543463230133057
-0.989978551864624 0.1316624879837036 -0.05106125399470329 0.3247620165348053 0.048628151416778564 -0.021631428971886635 -0.998582661151886 -0.8022274374961853 -0.13258039951324463 -0.9910585284233093 0.015012229792773724 -2.0543642044067383
-0.990003228187561 0.13152697682380676 -0.050931863486766815 0.3247585892677307 0.048464953899383545 -0.021891480311751366 -0.9985849261283875 -0.8023349046707153 -0.13245584070682526 -0.9910708069801331 0.015298268757760525 -2.0543887615203857
-0.9900395274162292 0.13130734860897064 -0.05079278349876404 0.3247728943824768 0.04829462990164757 -0.022142263129353523 -0.9985876083374023 -0.8023504614830017 -0.13224656879901886 -0.9910943508148193 0.015580358915030956 -2.054462432861328
-0.9900947213172913 0.1310148686170578 -0.050471529364585876 0.32482826709747314 0.047952841967344284 -0.02231062389910221 -0.9986003637313843 -0.8022758960723877 -0.13195756077766418 -0.9911292791366577 0.015807177871465683 -2.0545027256011963
-0.9901054501533508 0.13096722960472107 -0.050385065376758575 0.3248352110385895 0.04785631224513054 -0.02238643355667591 -0.9986032843589783 -0.8023144006729126 -0.1319122612476349 -0.9911338686943054 0.01589740253984928 -2.054575204849243
-0.9900692701339722 0.13106271624565125 -0.05084504559636116 0.3246456980705261 0.04830880090594292 -0.022460782900452614 -0.9985798597335815 -0.8023499846458435 -0.13201862573623657 -0.9911195635795593 0.015906328335404396 -2.054612636566162
-0.9900715947151184 0.13105076551437378 -0.050830550491809845 0.32463783025741577 0.04828982427716255 -0.022494934499263763 -0.9985799789428711 -0.8023397326469421 -0.13200810551643372 -0.9911203980445862 0.015943259000778198 -2.0546252727508545
-0.9900559186935425 0.13114629685878754 -0.05089028924703598 0.32467177510261536 0.04829302802681923 -0.022911280393600464 -0.9985703825950623 -0.8023480772972107 -0.13212476670742035 -0.9910982251167297 0.01635007932782173 -2.05466365814209
-0.9901403784751892 0.13064000010490417 -0.05054739490151405 0.32508745789527893 0.047943949699401855 -0.02299933321774006 -0.9985851645469666 -0.8023409247398376 -0.1316177248954773 -0.9911630153656006 0.016509253531694412 -2.0546329021453857
-0.9901421666145325 0.1306242197751999 -0.050553105771541595 0.3251067101955414 0.04794654622673988 -0.023025115951895714 -0.9985844492912292 -0.8023314476013184 -0.13160331547260284 -0.99116450548172 0.016535239294171333 -2.054642915725708
-0.9901357889175415 0.130702406167984 -0.05047624185681343 0.32475027441978455 0.04784994199872017 -0.023158863186836243 -0.9985859990119934 -0.8025625944137573 -0.13168656826019287 -0.9911510944366455 0.016676397994160652 -2.05464243888855
-0.9901042580604553 0.13093119859695435 -0.05050193518400192 0.32423943281173706 0.04789895936846733 -0.02295612543821335 -0.9985883235931396 -0.8027902841567993 -0.1319056898355484 -0.9911255836486816 0.0164575707167387 -2.0544862747192383
-0.9901065826416016 0.13090115785598755 -0.05053368955850601 0.3242696523666382 0.047910142689943314 -0.023116523399949074 -0.9985840916633606 -0.802705705165863 -0.13188397884368896 -0.9911258220672607 0.01661641150712967 -2.054619550704956
-0.9900591969490051 0.1310686320066452 -0.0510261133313179 0.3241817057132721 0.04840686544775963 -0.023094749078154564 -0.9985606074333191 -0.8030093908309937 -0.13205842673778534 -0.9911041855812073 0.016520626842975616 -2.054670810699463
-0.9900593757629395 0.13100874423980713 -0.051175422966480255 0.3246925473213196 0.0485457144677639 -0.02319047972559929 -0.9985516667366028 -0.8024448156356812 -0.13200579583644867 -0.9911099076271057 0.016600120812654495 -2.054567575454712
-0.990047037601471 0.13100308179855347 -0.05142861604690552 0.32478317618370056 0.04879699647426605 -0.023221854120492935 -0.9985386729240417 -0.8023167848587036 -0.13200592994689941 -0.9911099076271057 0.016598252579569817 -2.054546594619751
-0.990091860294342 0.13076353073120117 -0.05117439478635788 0.3251263201236725 0.04855111613869667 -0.023173227906227112 -0.9985517859458923 -0.8023285269737244 -0.13176004588603973 -0.9911426901817322 0.016594991087913513 -2.0545272827148438
-0.990073561668396 0.1309196949005127 -0.051129505038261414 0.3247486650943756 0.04847320541739464 -0.02339860238134861 -0.9985503554344177 -0.8022586703300476 -0.1319262683391571 -0.9911167621612549 0.01682032085955143 -2.0545833110809326
-0.9900681376457214 0.13111525774002075 -0.05073137208819389 0.3247242867946625 0.048076629638671875 -0.023336172103881836 -0.99857097864151 -0.8025953769683838 -0.13211177289485931 -0.9910923838615417 0.016800902783870697 -2.0548603534698486
-0.9900031089782715 0.13135595619678497 -0.051374610513448715 0.3243025541305542 0.048809636384248734 -0.02267466112971306 -0.9985506534576416 -0.8027963042259216 -0.13233047723770142 -0.991075873374939 0.016036629676818848 -2.054626941680908
-0.9899987578392029 0.1313735544681549 -0.051412373781204224 0.32427072525024414 0.04884827509522438 -0.02266840450465679 -0.9985489249229431 -0.8028175234794617 -0.13234835863113403 -0.9910736680030823 0.016024403274059296 -2.05464243888855
-0.9899970293045044 0.1313820481300354 -0.051424380391836166 0.32424119114875793 0.0488610602915287 -0.022662317380309105 -0.9985483884811401 -0.8028351664543152 -0.13235674798488617 -0.9910727143287659 0.016016241163015366 -2.0546557903289795
-0.9900141358375549 0.13134081661701202 -0.05119956657290459 0.32465028762817383 0.048613257706165314 -0.02282499149441719 -0.9985567927360535 -0.80253666639328 -0.13231989741325378 -0.9910744428634644 0.01621224172413349 -2.0542943477630615
-0.9900528788566589 0.13106153905391693 -0.05116594582796097 0.32478371262550354 0.048583317548036575 -0.022829800844192505 -0.9985581636428833 -0.802287220954895 -0.13204067945480347 -0.9911112785339355 0.016235386952757835 -2.054344654083252
-0.9900188446044922 0.13133364915847778 -0.05112757161259651 0.3246445953845978 0.048520829528570175 -0.0229742880910635 -0.9985578656196594 -0.8025375604629517 -0.1323188692331314 -0.9910719394683838 0.016372641548514366 -2.0547101497650146
-0.9900145530700684 0.1314893215894699 -0.0508093386888504 0.3246285915374756 0.04819423332810402 -0.022996891289949417 -0.9985731840133667 -0.8026639819145203 -0.13247017562389374 -0.9910507798194885 0.016430310904979706 -2.05478572845459
-0.9900349378585815 0.13125120103359222 -0.05102745443582535 0.3250153958797455 0.04843716695904732 -0.02285478636622429 -0.9985646605491638 -0.8026818633079529 -0.1322290301322937 -0.9910855889320374 0.016269681975245476 -2.054762125015259
-0.9900385737419128 0.13122493028640747 -0.0510239340364933 0.3250412940979004 0.04843217879533768 -0.022868836298584938 -0.998564600944519 -0.8026864528656006 -0.13220342993736267 -0.9910887479782104 0.016285603865981102 -2.0547807216644287
-0.990068256855011 0.1312730610370636 -0.05032021552324295 0.3249585032463074 0.047694265842437744 -0.023073667660355568 -0.9985954165458679 -0.802548348903656 -0.13224975764751434 -0.9910776615142822 0.01658361405134201 -2.0546326637268066
-0.9900329113006592 0.13154231011867523 -0.05031184107065201 0.32474997639656067 0.04767085611820221 -0.023151595145463943 -0.9985947012901306 -0.8025152087211609 -0.13252225518226624 -0.9910401105880737 0.016650188714265823 -2.054666757583618
-0.9899621605873108 0.1319839358329773 -0.05054686591029167 0.3244251012802124 0.04791189357638359 -0.02306627482175827 -0.9985851645469666 -0.8028115630149841 -0.1329631358385086 -0.9909834265708923 0.016511220484972 -2.054431915283203
-0.989962637424469 0.13197827339172363 -0.05055280774831772 0.3244062662124634 0.04791806638240814 -0.02306566946208477 -0.9985848665237427 -0.802827000617981 -0.1329575479030609 -0.9909842014312744 0.016510087996721268 -2.054429531097412
-0.9898907542228699 0.13226714730262756 -0.05120069906115532 0.32416442036628723 0.048562273383140564 -0.0230991430580616 -0.9985529780387878 -0.8029903769493103 -0.13325844705104828 -0.9909448623657227 0.016442516818642616 -2.0542502403259277
-0.989818274974823 0.13265402615070343 -0.05159948021173477 0.3241957128047943 0.04899381101131439 -0.022834323346614838 -0.9985380172729492 -0.8032563328742981 -0.13363833725452423 -0.9908993244171143 0.016102686524391174 -2.0545520782470703
