# 3x4 first row second row third row Freq: 250 current Time: 2020-10-02-15:17:34
-0.9986672401428223 0.023052426055073738 -0.04617596045136452 0.09027250111103058 0.045750219374895096 -0.018666360527276993 -0.9987784624099731 -0.8077152967453003 -0.02388620749115944 -0.9995599389076233 0.017586911097168922 -2.475651502609253
-0.998674213886261 0.02298310399055481 -0.04605855420231819 0.09034696966409683 0.045627810060977936 -0.018927037715911865 -0.9987791776657104 -0.8075606226921082 -0.023826800286769867 -0.9995566606521606 0.017853358760476112 -2.4756789207458496
-0.9986973404884338 0.022845448926091194 -0.045623503625392914 0.09050671756267548 0.045200951397418976 -0.018683182075619698 -0.9988031387329102 -0.8077380657196045 -0.02367050014436245 -0.9995643496513367 0.017626291140913963 -2.475867748260498
-0.9987080693244934 0.023085813969373703 -0.04526675119996071 0.09046826511621475 0.044841695576906204 -0.018608948215842247 -0.9988207221031189 -0.8080404996871948 -0.0239009577780962 -0.9995602369308472 0.017549781128764153 -2.475933790206909
-0.9987096786499023 0.022931968793272972 -0.04530886188149452 0.09060012549161911 0.04488372802734375 -0.01872614026069641 -0.9988166689872742 -0.8080025315284729 -0.023753294721245766 -0.999561607837677 0.017672788351774216 -2.475961923599243
-0.9987253546714783 0.023382538929581642 -0.04472943767905235 0.0903719887137413 0.04431145638227463 -0.018098527565598488 -0.9988537430763245 -0.8075504899024963 -0.024165278300642967 -0.9995627403259277 0.017039425671100616 -2.475277900695801
-0.9987419247627258 0.02289576269686222 -0.044611260294914246 0.09040723741054535 0.044189754873514175 -0.018596965819597244 -0.9988499879837036 -0.8078052997589111 -0.023699069395661354 -0.9995648264884949 0.0175618939101696 -2.475776195526123
-0.9987412095069885 0.022853191941976547 -0.04464975371956825 0.09030192345380783 0.04423089325428009 -0.0185170266777277 -0.9988496899604797 -0.8076695203781128 -0.023653686046600342 -0.9995672702789307 0.017482981085777283 -2.4756813049316406
-0.9987239241600037 0.022858180105686188 -0.04503137245774269 0.09005270153284073 0.044608984142541885 -0.018664143979549408 -0.9988301396369934 -0.8076831102371216 -0.023671913892030716 -0.9995644688606262 0.01762072928249836 -2.4754536151885986
-0.9987276792526245 0.02268899604678154 -0.04503436014056206 0.0900588408112526 0.04461498558521271 -0.018662914633750916 -0.9988299012184143 -0.8076277375221252 -0.02350292168557644 -0.9995683431625366 0.017626982182264328 -2.475410223007202
-0.9987500905990601 0.022825874388217926 -0.044463809579610825 0.09043090790510178 0.044053710997104645 -0.018165556713938713 -0.998863935470581 -0.8075605034828186 -0.023607656359672546 -0.9995743632316589 0.017137369140982628 -2.4753334522247314
-0.9987486600875854 0.022851014509797096 -0.04448362812399864 0.09033144265413284 0.04407230764627457 -0.018199048936367035 -0.9988625049591064 -0.8075425028800964 -0.02363458462059498 -0.9995731711387634 0.01716925948858261 -2.4753170013427734
-0.9987433552742004 0.022770630195736885 -0.04464304447174072 0.09041222184896469 0.04422678053379059 -0.018468258902430534 -0.9988507628440857 -0.8074228167533875 -0.02356894314289093 -0.9995700716972351 0.01743806153535843 -2.4754090309143066
-0.9987452030181885 0.022727005183696747 -0.04462382197380066 0.09041890501976013 0.044205717742443085 -0.018578477203845978 -0.998849630355835 -0.8074190616607666 -0.023529907688498497 -0.9995689988136292 0.01755058392882347 -2.475379705429077
-0.9987563490867615 0.022298507392406464 -0.044591549783945084 0.09019684791564941 0.044167108833789825 -0.019178135320544243 -0.9988400340080261 -0.8074356913566589 -0.023127825930714607 -0.9995673298835754 0.018169505521655083 -2.475409507751465
-0.9987421631813049 0.022420058026909828 -0.044847384095191956 0.09023205935955048 0.04441440850496292 -0.019450858235359192 -0.9988237619400024 -0.8075417280197144 -0.023266009986400604 -0.9995593428611755 0.01843070052564144 -2.475499391555786
-0.9987348318099976 0.02244427427649498 -0.04499853402376175 0.09040635079145432 0.04456602409482002 -0.0194123275578022 -0.9988178014755249 -0.8079054951667786 -0.023291269317269325 -0.9995595812797546 0.018387597054243088 -2.4757931232452393
-0.9987688660621643 0.022878576070070267 -0.044012848287820816 0.09035922586917877 0.043584633618593216 -0.018890300765633583 -0.9988710880279541 -0.8076919913291931 -0.023684166371822357 -0.9995597004890442 0.017869973555207253 -2.4756674766540527
-0.9987503290176392 0.022257687523961067 -0.044746194034814835 0.09053640812635422 0.04432583600282669 -0.01903395727276802 -0.9988357424736023 -0.807417094707489 -0.02308347262442112 -0.9995710253715515 0.018023662269115448 -2.4753146171569824
-0.998758852481842 0.022242046892642975 -0.04456270858645439 0.09046125411987305 0.04413992539048195 -0.01915048621594906 -0.9988417625427246 -0.8073184490203857 -0.023069685325026512 -0.9995691180229187 0.018145037814974785 -2.475297451019287
-0.9987214803695679 0.023267269134521484 -0.04487641528248787 0.08985301852226257 0.04444080591201782 -0.018912872299551964 -0.9988329410552979 -0.8081652522087097 -0.02408885955810547 -0.9995503425598145 0.017854757606983185 -2.4755756855010986
-0.9987143874168396 0.02345377579331398 -0.044937048107385635 0.09035971015691757 0.04451386630535126 -0.018263941630721092 -0.9988417625427246 -0.8079044222831726 -0.024247340857982635 -0.9995580315589905 0.017196524888277054 -2.4755806922912598
-0.9987116456031799 0.02322702668607235 -0.04511510953307152 0.09045495837926865 0.044699013233184814 -0.018132412806153297 -0.9988358616828918 -0.8076074719429016 -0.02401803620159626 -0.9995657205581665 0.017070909962058067 -2.4753706455230713
-0.9987035989761353 0.02311442792415619 -0.045351020991802216 0.09067287296056747 0.04493298381567001 -0.018295112997293472 -0.9988224506378174 -0.8074120283126831 -0.02391691505908966 -0.9995653629302979 0.017232876271009445 -2.4753317832946777
-0.998705267906189 0.023111525923013687 -0.04531509801745415 0.0905437096953392 0.044894490391016006 -0.018404599279165268 -0.9988221526145935 -0.8073330521583557 -0.023918312042951584 -0.999563455581665 0.017343271523714066 -2.4753305912017822
-0.9987125396728516 0.022944366559386253 -0.04523953050374985 0.09041182696819305 0.04481874778866768 -0.01853354088962078 -0.9988231658935547 -0.8072347640991211 -0.023755814880132675 -0.9995648860931396 0.017481423914432526 -2.4753291606903076
-0.9987127184867859 0.022645842283964157 -0.04538632929325104 0.09042184054851532 0.04496988654136658 -0.018571853637695312 -0.998815655708313 -0.8073171973228455 -0.02346193417906761 -0.9995709657669067 0.017529647797346115 -2.475276470184326
-0.9987319707870483 0.022404063493013382 -0.04508136957883835 0.09035245329141617 0.04465198516845703 -0.019309978932142258 -0.9988158941268921 -0.8074502944946289 -0.023248057812452316 -0.9995624423027039 0.01828519068658352 -2.475310802459717
-0.9987320303916931 0.022405367344617844 -0.045079078525304794 0.0903509110212326 0.0446496307849884 -0.019311606884002686 -0.9988160133361816 -0.8074473142623901 -0.023249391466379166 -0.9995623826980591 0.01828681118786335 -2.4753048419952393
-0.9987298846244812 0.02247617207467556 -0.0450921431183815 0.09025735408067703 0.04466061294078827 -0.019345397129654884 -0.9988148212432861 -0.807363748550415 -0.023321863263845444 -0.9995601773262024 0.01831710711121559 -2.47528076171875
-0.9987348318099976 0.022489383816719055 -0.0449756421148777 0.09032083302736282 0.04454644396901131 -0.01923474855720997 -0.9988220930099487 -0.807685136795044 -0.023327991366386414 -0.9995619654655457 0.01820867322385311 -2.475562810897827
-0.99873286485672 0.022693270817399025 -0.04491738975048065 0.09030333161354065 0.04449053853750229 -0.018976982682943344 -0.9988294839859009 -0.8078373074531555 -0.023519108071923256 -0.9995623230934143 0.017943382263183594 -2.4756546020507812
-0.9987332820892334 0.022937491536140442 -0.04478275403380394 0.0902828723192215 0.044357262551784515 -0.01873481087386608 -0.9988400340080261 -0.8078545928001404 -0.023749884217977524 -0.9995613098144531 0.017693717032670975 -2.475667715072632
-0.9987369775772095 0.023282354697585106 -0.04452254995703697 0.09034663438796997 0.044102929532527924 -0.018236394971609116 -0.9988604784011841 -0.8077592253684998 -0.02406775765120983 -0.9995625615119934 0.017186623066663742 -2.4756412506103516
-0.9987241625785828 0.023550206795334816 -0.04466882348060608 0.09011378884315491 0.04424694925546646 -0.018140582367777824 -0.9988558888435364 -0.8077743053436279 -0.024333583191037178 -0.9995580315589905 0.017075495794415474 -2.4752867221832275
-0.9987127184867859 0.023942403495311737 -0.04471578076481819 0.08999437838792801 0.044296327978372574 -0.01777230016887188 -0.9988602995872498 -0.8079977035522461 -0.024709822610020638 -0.9995552897453308 0.016688944771885872 -2.47542142868042
-0.9987011551856995 0.02337266504764557 -0.04527264088392258 0.09051453322172165 0.04485633224248886 -0.01803911104798317 -0.9988304972648621 -0.8072375655174255 -0.024162011221051216 -0.999563992023468 0.016967350617051125 -2.4753005504608154
-0.9987121224403381 0.02354085072875023 -0.04494139179587364 0.09043759107589722 0.044523969292640686 -0.017965763807296753 -0.998846709728241 -0.8076843619346619 -0.024321110919117928 -0.9995613694190979 0.016894575208425522 -2.4755218029022217
-0.9987294673919678 0.02311727963387966 -0.04477585852146149 0.09038517624139786 0.04436163231730461 -0.018130961805582047 -0.99885094165802 -0.8074416518211365 -0.023902548477053642 -0.9995682835578918 0.017082488164305687 -2.4751477241516113
-0.9987331032752991 0.023259520530700684 -0.04462098330259323 0.09035498648881912 0.044207051396369934 -0.018016669899225235 -0.9988598823547363 -0.8076499700546265 -0.02403692714869976 -0.9995670914649963 0.01696569286286831 -2.4755091667175293
-0.9987390041351318 0.023150894790887833 -0.04454580694437027 0.09033460170030594 0.04413028061389923 -0.018160037696361542 -0.9988606572151184 -0.8075070977210999 -0.023933473974466324 -0.9995669722557068 0.01711556315422058 -2.4755351543426514
-0.9987506866455078 0.023212866857647896 -0.04424969106912613 0.09028825163841248 0.04383428022265434 -0.018109505996108055 -0.9988746047019958 -0.8075969815254211 -0.023988086730241776 -0.9995664954185486 0.017069444060325623 -2.475679636001587
-0.9987519383430481 0.023320341482758522 -0.04416566714644432 0.09026412665843964 0.04375443607568741 -0.017859572544693947 -0.9988826513290405 -0.8076624274253845 -0.02408306673169136 -0.9995684623718262 0.016816994175314903 -2.4756932258605957
-0.998746931552887 0.023341242223978043 -0.04426730424165726 0.090255506336689 0.04385267198085785 -0.01798642799258232 -0.9988760352134705 -0.8077080249786377 -0.024111220613121986 -0.9995657205581665 0.016940394416451454 -2.475729465484619
-0.9987545609474182 0.023363575339317322 -0.04408295080065727 0.09039829671382904 0.043674271553754807 -0.01772305741906166 -0.9988885521888733 -0.8076024055480957 -0.024118896573781967 -0.9995698928833008 0.016680678352713585 -2.4757168292999268
-0.9987553358078003 0.023329846560955048 -0.044082920998334885 0.09039995074272156 0.04367484152317047 -0.017721591517329216 -0.9988885521888733 -0.8076058626174927 -0.024085137993097305 -0.9995707273483276 0.01668068952858448 -2.4757213592529297
-0.9987592697143555 0.023305850103497505 -0.04400649294257164 0.09038565307855606 0.04360072314739227 -0.01764189638197422 -0.9988932013511658 -0.807732880115509 -0.024056416004896164 -0.9995726943016052 0.01660393737256527 -2.4753942489624023
-0.9987586736679077 0.022820333018898964 -0.04427383840084076 0.09043791890144348 0.043864406645298004 -0.01814037747681141 -0.9988727569580078 -0.8073428869247437 -0.023597756400704384 -0.9995749592781067 0.017116939648985863 -2.475181818008423
-0.9987500309944153 0.022744623944163322 -0.044506873935461044 0.09029733389616013 0.04408898577094078 -0.018555892631411552 -0.9988552331924438 -0.8074198961257935 -0.02354445494711399 -0.9995690584182739 0.017529992386698723 -2.4752235412597656
-0.9987525343894958 0.022548526525497437 -0.04455089569091797 0.09035865217447281 0.0441303625702858 -0.01881643757224083 -0.9988484978675842 -0.8073943853378296 -0.023360854014754295 -0.9995686411857605 0.01779797300696373 -2.4752440452575684
-0.9987464547157288 0.022458644583821297 -0.044732313603162766 0.09035028517246246 0.04430963844060898 -0.018977804109454155 -0.9988375306129456 -0.8074293732643127 -0.023281460627913475 -0.9995675683021545 0.01795896328985691 -2.475399971008301
-0.9987480044364929 0.0224201250821352 -0.044716667383909225 0.09038790315389633 0.04429427161812782 -0.01899554766714573 -0.9988378882408142 -0.8075171113014221 -0.023243490606546402 -0.9995681047439575 0.017978765070438385 -2.4753854274749756
-0.9987578988075256 0.022329295054078102 -0.04454038292169571 0.09035474807024002 0.044116273522377014 -0.019139396026730537 -0.9988430142402649 -0.8074983358383179 -0.02315593883395195 -0.9995673894882202 0.018130620941519737 -2.475396156311035
-0.9987584352493286 0.022320976480841637 -0.044533200562000275 0.09035384654998779 0.0441092848777771 -0.019137615337967873 -0.9988433718681335 -0.8075047731399536 -0.023147420957684517 -0.9995676279067993 0.018129372969269753 -2.4753992557525635
-0.9987576007843018 0.022170506417751312 -0.04462739825248718 0.09031554311513901 0.04420635476708412 -0.019131697714328766 -0.9988391995429993 -0.8075230717658997 -0.022998571395874023 -0.9995710849761963 0.018127931281924248 -2.4753634929656982
-0.9987522959709167 0.022128498181700706 -0.04476599767804146 0.09031884372234344 0.044344693422317505 -0.019176743924617767 -0.9988321661949158 -0.8075006008148193 -0.022961124777793884 -0.9995711445808411 0.01817161776125431 -2.475389003753662
-0.9987580180168152 0.022081229835748672 -0.0446612611413002 0.09039730578660965 0.0442376509308815 -0.019314367324113846 -0.9988342523574829 -0.8074931502342224 -0.0229180958122015 -0.9995695352554321 0.018313638865947723 -2.475419759750366
-0.9987590312957764 0.022565418854355812 -0.04439682140946388 0.09029510617256165 0.04396619275212288 -0.01923445053398609 -0.9988477826118469 -0.807742178440094 -0.02339337021112442 -0.9995602965354919 0.018218547105789185 -2.475796937942505
-0.9987672567367554 0.022823870182037354 -0.044077999889850616 0.09037318825721741 0.04364858567714691 -0.018982723355293274 -0.9988665580749512 -0.8078774809837341 -0.02363472245633602 -0.999559223651886 0.017963174730539322 -2.475872755050659
-0.9987579584121704 0.02265651896595955 -0.044374022632837296 0.09045318514108658 0.04394887387752533 -0.01893031969666481 -0.998854398727417 -0.8074975609779358 -0.023470580577850342 -0.9995640516281128 0.017911160364747047 -2.4754228591918945
-0.9987627267837524 0.022734183818101883 -0.044226471334695816 0.09034480899572372 0.04379686713218689 -0.01905973069369793 -0.9988585710525513 -0.8076474666595459 -0.023551182821393013 -0.9995598196983337 0.018040543422102928 -2.475576400756836
-0.9987599849700928 0.023414455354213715 -0.043932560831308365 0.09023367613554001 0.043496273458004 -0.018827959895133972 -0.9988760948181152 -0.8078795671463013 -0.024215303361415863 -0.9995484948158264 0.01778625324368477 -2.4756686687469482
-0.9987534284591675 0.023260215297341347 -0.044163450598716736 0.09028523415327072 0.043731436133384705 -0.018765613436698914 -0.9988670349121094 -0.8075689673423767 -0.024062620475888252 -0.9995532631874084 0.017725100740790367 -2.4754257202148438
-0.9987725019454956 0.0228549987077713 -0.043942276388406754 0.0905257910490036 0.04351586475968361 -0.018831627443432808 -0.9988752007484436 -0.8074419498443604 -0.023656798526644707 -0.9995613694190979 0.017814038321375847 -2.475247383117676
-0.9987720847129822 0.02287350408732891 -0.043942101299762726 0.09053478389978409 0.043515536934137344 -0.01882411725819111 -0.9988753795623779 -0.8074348568916321 -0.02367495186626911 -0.999561071395874 0.017805732786655426 -2.4752249717712402
-0.9987793564796448 0.022836918011307716 -0.04379592463374138 0.09044326841831207 0.043372370302677155 -0.01872370019555092 -0.9988834857940674 -0.8075726628303528 -0.023631444200873375 -0.9995638132095337 0.017710436135530472 -2.4751596450805664
-0.9987618327140808 0.022456670179963112 -0.0443883016705513 0.0903046578168869 0.043958526104688644 -0.019282931461930275 -0.9988471865653992 -0.8074526190757751 -0.023286720737814903 -0.9995617866516113 0.018271975219249725 -2.4752821922302246
-0.9987204670906067 0.023064780980348587 -0.04500361531972885 0.0900818258523941 0.04456523805856705 -0.019180677831172943 -0.9988222718238831 -0.8076875805854797 -0.023900819942355156 -0.999549925327301 0.018128329887986183 -2.4753639698028564
-0.9987006187438965 0.023001542314887047 -0.04547332599759102 0.0902799591422081 0.04502872750163078 -0.01949145831167698 -0.9987955093383789 -0.8074580430984497 -0.023860180750489235 -0.9995453357696533 0.01843048445880413 -2.4754467010498047
-0.9986772537231445 0.023109300062060356 -0.04593030735850334 0.09024060517549515 0.04548792913556099 -0.01931782253086567 -0.9987780451774597 -0.8077395558357239 -0.02396833896636963 -0.999546229839325 0.0182411577552557 -2.475405693054199
-0.9986745715141296 0.022983213886618614 -0.04605133458971977 0.09026002138853073 0.04560935124754906 -0.019398244097828865 -0.9987709522247314 -0.8077133297920227 -0.023848284035921097 -0.9995476007461548 0.018324365839362144 -2.4753592014312744
-0.9986773729324341 0.022826513275504112 -0.046068768948316574 0.09032266587018967 0.04562022536993027 -0.019796209409832954 -0.9987626671791077 -0.8074405193328857 -0.023710258305072784 -0.9995433688163757 0.01872875727713108 -2.475385904312134
-0.998676598072052 0.022603316232562065 -0.046195559203624725 0.09038784354925156 0.045746125280857086 -0.02001240663230419 -0.9987525939941406 -0.8075175881385803 -0.023499606177210808 -0.9995441436767578 0.018951989710330963 -2.475457191467285
-0.9986622929573059 0.02283107303082943 -0.04639187082648277 0.0901980996131897 0.04594148322939873 -0.01987146958708763 -0.9987464547157288 -0.8076647520065308 -0.023724330589175224 -0.9995417594909668 0.018796075135469437 -2.475454568862915
-0.9986671209335327 0.022785739973187447 -0.046310629695653915 0.09032043814659119 0.04585928097367287 -0.01994769647717476 -0.9987486600875854 -0.8075399398803711 -0.023681020364165306 -0.9995412826538086 0.018876252695918083 -2.4755465984344482
-0.9986776113510132 0.022764509543776512 -0.0460934154689312 0.09045057743787766 0.04564089700579643 -0.020013397559523582 -0.9987573623657227 -0.8078221678733826 -0.023658709600567818 -0.9995404481887817 0.0189480222761631 -2.475712537765503
-0.9986957907676697 0.02254202589392662 -0.045808590948581696 0.09016206115484238 0.045362796634435654 -0.01990554668009281 -0.9987722039222717 -0.8076232075691223 -0.023426195606589317 -0.9995476603507996 0.01885709911584854 -2.475525379180908
-0.9987399578094482 0.022890646010637283 -0.04465857893228531 0.09052576869726181 0.04423021152615547 -0.018890390172600746 -0.998842716217041 -0.8079777956008911 -0.02370777539908886 -0.9995594620704651 0.01785421185195446 -2.475945472717285
-0.9987446665763855 0.02303830347955227 -0.04447602480649948 0.09050790220499039 0.04405030980706215 -0.018667953088879585 -0.9988548159599304 -0.8076086640357971 -0.02384219877421856 -0.9995602369308472 0.017629755660891533 -2.475645065307617
-0.998723030090332 0.022535499185323715 -0.04521377012133598 0.09035585820674896 0.04479668661952019 -0.01868136040866375 -0.9988213777542114 -0.8075718879699707 -0.023353595286607742 -0.9995714426040649 0.01764807105064392 -2.4756758213043213
-0.9987536072731018 0.02275858074426651 -0.04442001134157181 0.09038447588682175 0.04400069639086723 -0.018605554476380348 -0.9988582134246826 -0.8079327940940857 -0.02355905808508396 -0.9995678067207336 0.01758105307817459 -2.4761202335357666
-0.9987571835517883 0.022963542491197586 -0.04423381760716438 0.09037803113460541 0.04381740465760231 -0.018330825492739677 -0.9988713264465332 -0.8079668879508972 -0.023748470470309258 -0.9995681643486023 0.017301922664046288 -2.4761462211608887
-0.9987455606460571 0.023080013692378998 -0.04443527013063431 0.09036891162395477 0.04402271658182144 -0.01808568648993969 -0.9988667964935303 -0.8077393174171448 -0.02385750412940979 -0.9995699524879456 0.017047034576535225 -2.475863218307495
-0.9987643957138062 0.022827938199043274 -0.04414132609963417 0.0904572457075119 0.043724022805690765 -0.018467457965016365 -0.9988728761672974 -0.8076416850090027 -0.023617388680577278 -0.99956876039505 0.017446590587496758 -2.47584867477417
-0.9987677931785583 0.02304834872484207 -0.043948374688625336 0.09043648838996887 0.04353511705994606 -0.018135523423552513 -0.9988872408866882 -0.8077580332756042 -0.023819731548428535 -0.999569833278656 0.01710984669625759 -2.476003408432007
-0.9987636804580688 0.023461095988750458 -0.04382329806685448 0.09018819034099579 0.043402135372161865 -0.018169725313782692 -0.9988924264907837 -0.8079525232315063 -0.02423137053847313 -0.9995595812797546 0.0171290822327137 -2.475996255874634
-0.9987534880638123 0.023363102227449417 -0.04410725086927414 0.09022171795368195 0.04369242861866951 -0.017978059127926826 -0.9988831877708435 -0.8075306415557861 -0.024129975587129593 -0.9995653629302979 0.016934940591454506 -2.475508451461792
-0.9987550377845764 0.023197397589683533 -0.04415950924158096 0.09039056301116943 0.04373984411358833 -0.018297409638762474 -0.9988753199577332 -0.8073602318763733 -0.023979315534234047 -0.9995633959770203 0.01726006157696247 -2.47556209564209
-0.9987622499465942 0.02290249988436699 -0.0441502146422863 0.09043696522712708 0.04373401775956154 -0.01836591586470604 -0.9988743662834167 -0.8077204823493958 -0.023687580600380898 -0.9995689392089844 0.017341649159789085 -2.4760208129882812
-0.9987718462944031 0.02232321724295616 -0.044230323284864426 0.09028367698192596 0.043815914541482925 -0.018723830580711365 -0.9988641142845154 -0.8075347542762756 -0.02312602289021015 -0.9995754361152649 0.017722804099321365 -2.4757816791534424
-0.9987478852272034 0.022357746958732605 -0.04475026577711105 0.09023880958557129 0.044324640184640884 -0.01918327994644642 -0.9988329410552979 -0.8076189756393433 -0.02319011464715004 -0.9995659589767456 0.018168345093727112 -2.4758141040802
-0.9987213015556335 0.022442689165472984 -0.0452987439930439 0.09035301953554153 0.04486842826008797 -0.019320381805300713 -0.9988059997558594 -0.8077471256256104 -0.02329108491539955 -0.9995613694190979 0.018288791179656982 -2.475797414779663
-0.9987214803695679 0.022440649569034576 -0.04529483616352081 0.09035822749137878 0.04486468434333801 -0.019314933568239212 -0.9988062977790833 -0.8077579140663147 -0.023288732394576073 -0.9995615482330322 0.018283529207110405 -2.4757962226867676
-0.9987196326255798 0.02221735380589962 -0.04544571787118912 0.09051603078842163 0.04501994699239731 -0.019302580505609512 -0.9987995624542236 -0.8077074885368347 -0.023067904636263847 -0.9995667934417725 0.018277723342180252 -2.4758400917053223
-0.9987183809280396 0.022485792636871338 -0.04534086212515831 0.09015640616416931 0.04490917921066284 -0.019345324486494064 -0.9988037347793579 -0.8079403638839722 -0.023336028680205345 -0.9995599389076233 0.018310794606804848 -2.4757509231567383
-0.9987105131149292 0.022544417530298233 -0.04548535868525505 0.09019184857606888 0.04504866153001785 -0.019514266401529312 -0.9987941384315491 -0.8079231977462769 -0.02340484783053398 -0.9995553493499756 0.018473587930202484 -2.4757297039031982
-0.99870765209198 0.022467903792858124 -0.04558552801609039 0.0901951789855957 0.04515271261334419 -0.01940866932272911 -0.998791515827179 -0.8079062700271606 -0.02332550846040249 -0.9995591044425964 0.01836918108165264 -2.475649356842041
-0.9987253546714783 0.02253871224820614 -0.04516034200787544 0.09041272103786469 0.044718075543642044 -0.019755538552999496 -0.9988042712211609 -0.8078992962837219 -0.02340393140912056 -0.9995507001876831 0.018722550943493843 -2.4760782718658447
-0.9987236261367798 0.022536639124155045 -0.045199859887361526 0.09041919559240341 0.044757191091775894 -0.01977442018687725 -0.998802125453949 -0.8079108595848083 -0.02340344712138176 -0.9995504021644592 0.018740585073828697 -2.476092576980591
-0.9987247586250305 0.022498905658721924 -0.045194607228040695 0.09043531864881516 0.04475255683064461 -0.019778184592723846 -0.9988022446632385 -0.8079383969306946 -0.02336582913994789 -0.9995511770248413 0.018746159970760345 -2.476128339767456
-0.9987272620201111 0.022965675219893456 -0.04490268602967262 0.09020131081342697 0.04445657506585121 -0.019580403342843056 -0.9988193511962891 -0.8080885410308838 -0.023817777633666992 -0.9995444416999817 0.018534589558839798 -2.476093053817749
-0.9987257719039917 0.0229546707123518 -0.044942162930965424 0.09019602835178375 0.04449627175927162 -0.019579868763685226 -0.9988176226615906 -0.8081087470054626 -0.023807493969798088 -0.9995447397232056 0.018533604219555855 -2.4761109352111816
-0.9987137317657471 0.02330954745411873 -0.045026861131191254 0.09017375111579895 0.04458428546786308 -0.019170841202139854 -0.9988216161727905 -0.8081728219985962 -0.02414528653025627 -0.9995444416999817 0.01810702495276928 -2.475846767425537
-0.9987161159515381 0.02317354641854763 -0.04504401236772537 0.090367890894413 0.044604431837797165 -0.019148748368024826 -0.9988211393356323 -0.8079206347465515 -0.024008767679333687 -0.9995480179786682 0.01809060201048851 -2.47580885887146
-0.9987117052078247 0.02352016791701317 -0.044962383806705475 0.09027840942144394 0.04452188313007355 -0.01892872340977192 -0.9988290071487427 -0.8079511523246765 -0.024343710392713547 -0.999544084072113 0.017857257276773453 -2.4760055541992188
-0.9987120628356934 0.023479705676436424 -0.04497513175010681 0.09027962386608124 0.044535595923662186 -0.018918722867965698 -0.9988285899162292 -0.8079455494880676 -0.024303076788783073 -0.9995452761650085 0.017848756164312363 -2.476012945175171
-0.9987215399742126 0.023118959739804268 -0.0449519157409668 0.0905117467045784 0.04451525956392288 -0.019067561253905296 -0.9988266825675964 -0.8074198961257935 -0.02394896000623703 -0.9995508193969727 0.018014119938015938 -2.4757022857666016
-0.9987201690673828 0.02284533530473709 -0.04512116685509682 0.09053763747215271 0.044689781963825226 -0.019054090604186058 -0.9988191723823547 -0.8072874546051025 -0.02367810532450676 -0.999557375907898 0.01800883375108242 -2.47560715675354
-0.9987351298332214 0.02253621257841587 -0.04494590684771538 0.09051326662302017 0.04451317712664604 -0.019349057227373123 -0.9988213777542114 -0.807418942451477 -0.023379312828183174 -0.9995587468147278 0.018321506679058075 -2.475571632385254
-0.9987472891807556 0.022311663255095482 -0.04478656128048897 0.0904776006937027 0.04435301199555397 -0.01956174336373806 -0.9988243579864502 -0.8074537515640259 -0.02316153794527054 -0.9995596408843994 0.01854773238301277 -2.4756884574890137
-0.998748242855072 0.02229480817914009 -0.04477459192276001 0.09048142284154892 0.044341396540403366 -0.019559862092137337 -0.9988248944282532 -0.8074464797973633 -0.023144396021962166 -0.9995600581169128 0.018546877428889275 -2.4756851196289062
-0.9987516403198242 0.022035958245396614 -0.0448259599506855 0.09039145708084106 0.04439183324575424 -0.0198103878647089 -0.9988177418708801 -0.8074766397476196 -0.022897927090525627 -0.9995608329772949 0.01880752481520176 -2.4757556915283203
-0.9987500905990601 0.022077249363064766 -0.04484059289097786 0.0903879851102829 0.04440513998270035 -0.019834311679005623 -0.9988166689872742 -0.8074759840965271 -0.022940509021282196 -0.9995594620704651 0.018829260021448135 -2.4757587909698486
-0.9987426400184631 0.02205856703221798 -0.045015040785074234 0.09026406705379486 0.044578731060028076 -0.01988772116601467 -0.9988078474998474 -0.8074849843978882 -0.02292751893401146 -0.9995588064193726 0.01887945644557476 -2.475816488265991
-0.9987420439720154 0.022075671702623367 -0.04502018913626671 0.09025602787733078 0.044583577662706375 -0.019886700436472893 -0.9988076686859131 -0.8074840307235718 -0.022944657132029533 -0.9995584487915039 0.018877554684877396 -2.4758222103118896
-0.9987426400184631 0.022037778049707413 -0.04502512514591217 0.0902475044131279 0.04459165409207344 -0.019781049340963364 -0.9988093972206116 -0.8075094223022461 -0.02290218695998192 -0.9995613694190979 0.018773559480905533 -2.4758644104003906
-0.99874347448349 0.0219412948936224 -0.045054610818624496 0.09034647792577744 0.04462113976478577 -0.01986045576632023 -0.9988064765930176 -0.8076537251472473 -0.022809917107224464 -0.9995619058609009 0.018856536597013474 -2.4758262634277344
-0.9987422227859497 0.02194909378886223 -0.04507797956466675 0.09034573286771774 0.044644199311733246 -0.01986754685640335 -0.9988053441047668 -0.8076605200767517 -0.022818462923169136 -0.999561607837677 0.018862741068005562 -2.4758293628692627
-0.9987426996231079 0.021953118965029716 -0.04506568983197212 0.09034530073404312 0.04463082179427147 -0.019911950454115868 -0.998805046081543 -0.8076720833778381 -0.022824235260486603 -0.9995606541633606 0.01890721172094345 -2.4758365154266357
-0.9987422823905945 0.0224175825715065 -0.044845275580883026 0.09031175822019577 0.04440871998667717 -0.01960654929280281 -0.998820960521698 -0.8080077171325684 -0.023270417004823685 -0.9995563626289368 0.01858643628656864 -2.4761126041412354
-0.998746395111084 0.022689511999487877 -0.0446162074804306 0.09024056792259216 0.04417691007256508 -0.019507460296154022 -0.998833179473877 -0.807916522026062 -0.02353338897228241 -0.9995521903038025 0.018480736762285233 -2.4761879444122314
-0.9987626075744629 0.022682517766952515 -0.04425566643476486 0.09045025706291199 0.04381835460662842 -0.019427236169576645 -0.9988505840301514 -0.8079336881637573 -0.02351621352136135 -0.999553918838501 0.01840936951339245 -2.476128101348877
-0.9987668395042419 0.022554203867912292 -0.044225532561540604 0.09049153327941895 0.04379085823893547 -0.01941554620862007 -0.998852014541626 -0.8075621724128723 -0.02338697761297226 -0.9995570182800293 0.018404019996523857 -2.4758365154266357
-0.9987678527832031 0.022582896053791046 -0.04418839514255524 0.090499147772789 0.04375280439853668 -0.019431957975029945 -0.998853325843811 -0.8075507879257202 -0.023415669798851013 -0.9995560646057129 0.018420031294226646 -2.4758217334747314
-0.9987760186195374 0.022143147885799408 -0.04422641918063164 0.09061464667320251 0.04380049929022789 -0.019364066421985626 -0.998852550983429 -0.80745530128479 -0.022974146530032158 -0.9995672106742859 0.01837056502699852 -2.475614070892334
-0.9987759590148926 0.022119931876659393 -0.04423904791474342 0.09062221646308899 0.04381348192691803 -0.019367296248674393 -0.9988519549369812 -0.8074506521224976 -0.022951330989599228 -0.9995676875114441 0.018374521285295486 -2.4755966663360596
-0.9987764954566956 0.0221334807574749 -0.04422037675976753 0.09063420444726944 0.04379479959607124 -0.019356803968548775 -0.9988529682159424 -0.8074378967285156 -0.02296406216919422 -0.9995675683021545 0.018363870680332184 -2.4755680561065674
-0.9987809658050537 0.02195967361330986 -0.04420583322644234 0.09043416380882263 0.04377574473619461 -0.019694631919264793 -0.9988471865653992 -0.8073182702064514 -0.022804979234933853 -0.9995648264884949 0.01870940625667572 -2.475710868835449
-0.998781144618988 0.021962298080325127 -0.04420052096247673 0.0904308557510376 0.04377041384577751 -0.019693220034241676 -0.998847484588623 -0.8073017001152039 -0.022807437926530838 -0.9995647668838501 0.01870799995958805 -2.4757020473480225
-0.9987748861312866 0.02270149439573288 -0.0439688116312027 0.09024406969547272 0.043523967266082764 -0.019731249660253525 -0.9988574981689453 -0.8078816533088684 -0.023543119430541992 -0.99954754114151 0.018719099462032318 -2.4760730266571045
-0.9987776875495911 0.022420039400458336 -0.04404904320836067 0.09018030762672424 0.043616555631160736 -0.01942705176770687 -0.9988594055175781 -0.8078385591506958 -0.023250212892889977 -0.9995598196983337 0.018425503745675087 -2.4756672382354736
-0.9987761974334717 0.022506752982735634 -0.044038545340299606 0.0902206152677536 0.04360200837254524 -0.019532011821866035 -0.9988579750061035 -0.8076281547546387 -0.023341212421655655 -0.9995558261871338 0.018526850268244743 -2.475618362426758
-0.9987731575965881 0.022394996136426926 -0.04416392743587494 0.0903782919049263 0.04372817650437355 -0.019587649032473564 -0.9988513588905334 -0.8076118230819702 -0.02323434315621853 -0.9995572566986084 0.01858440786600113 -2.4756686687469482
-0.9987616539001465 0.022369103506207466 -0.04443681612610817 0.09037809818983078 0.043998833745718 -0.01970549114048481 -0.9988371729850769 -0.8075700402259827 -0.02321874350309372 -0.9995555281639099 0.01869695633649826 -2.4756884574890137
-0.9987630844116211 0.022346723824739456 -0.04441526159644127 0.0903829038143158 0.0439775325357914 -0.01971258781850338 -0.9988380074501038 -0.8075668215751648 -0.023196298629045486 -0.9995558857917786 0.01870553381741047 -2.475684404373169
-0.998765230178833 0.022319581359624863 -0.04438129439949989 0.09044717997312546 0.043946217745542526 -0.019619880244135857 -0.9988411664962769 -0.8078548312187195 -0.023164475336670876 -0.9995583295822144 0.0186148751527071 -2.4759860038757324
-0.9987724423408508 0.022461015731096268 -0.044147297739982605 0.0904771089553833 0.043710995465517044 -0.01955861784517765 -0.9988527297973633 -0.8077698349952698 -0.023298710584640503 -0.9995563626289368 0.01855289749801159 -2.4758987426757812
-0.9987738728523254 0.022428663447499275 -0.04413085803389549 0.09048236906528473 0.04369468614459038 -0.019578825682401657 -0.9988530278205872 -0.8077773451805115 -0.023266971111297607 -0.9995566606521606 0.01857488974928856 -2.4758975505828857
-0.9987841844558716 0.023011306300759315 -0.0435945987701416 0.09032484143972397 0.043166231364011765 -0.018795104697346687 -0.9988910555839539 -0.8080533146858215 -0.023805156350135803 -0.9995584487915039 0.017779024317860603 -2.4761438369750977
-0.998775064945221 0.022916480898857117 -0.043852850794792175 0.09042564034461975 0.04342314973473549 -0.01892375573515892 -0.9988774657249451 -0.8076126575469971 -0.023720620200037956 -0.9995582103729248 0.017905551940202713 -2.4758312702178955
-0.9987847805023193 0.02302994392812252 -0.043570626527071 0.09036293625831604 0.043141886591911316 -0.01879676803946495 -0.998892068862915 -0.8077306151390076 -0.023823417723178864 -0.9995580315589905 0.017780452966690063 -2.475956439971924
-0.998782753944397 0.023014819249510765 -0.04362507537007332 0.09035662561655045 0.043196242302656174 -0.018812229856848717 -0.9988894462585449 -0.8077276349067688 -0.023809948936104774 -0.9995580911636353 0.0177952591329813 -2.4759490489959717
-0.9987892508506775 0.0231492780148983 -0.043404996395111084 0.09040528535842896 0.04297676309943199 -0.01868640072643757 -0.9989012479782104 -0.807828426361084 -0.023934928700327873 -0.9995573163032532 0.01766897737979889 -2.475947141647339
-0.9987733960151672 0.023152494803071022 -0.04376687481999397 0.09015682339668274 0.043341297656297684 -0.018574591726064682 -0.9988875985145569 -0.8077302575111389 -0.023939695209264755 -0.9995593428611755 0.01754843071103096 -2.475600242614746
-0.9987722635269165 0.022840147837996483 -0.04395592585206032 0.0904223769903183 0.04352642595767975 -0.01897333562374115 -0.9988720417022705 -0.8073579668998718 -0.023648379370570183 -0.9995590448379517 0.017955973744392395 -2.475586175918579
-0.998767077922821 0.023003092035651207 -0.04398864507675171 0.09019560366868973 0.04355974867939949 -0.018825460225343704 -0.9988734126091003 -0.8077656626701355 -0.0238052848726511 -0.9995580911636353 0.01780032366514206 -2.4760501384735107
-0.9987702965736389 0.022869400680065155 -0.04398539289832115 0.09025153517723083 0.043551966547966 -0.019117167219519615 -0.9988682270050049 -0.8078986406326294 -0.023684397339820862 -0.9995556473731995 0.018097732216119766 -2.4759860038757324
-0.9987559914588928 0.023038679733872414 -0.044220931828022 0.090241938829422 0.0437813401222229 -0.019248148426413536 -0.9988556504249573 -0.8077718019485474 -0.02386349067091942 -0.9995492100715637 0.018215620890259743 -2.475865125656128
-0.9987494945526123 0.023058488965034485 -0.044358108192682266 0.0902925655245781 0.043914251029491425 -0.01941203884780407 -0.9988466501235962 -0.8076340556144714 -0.023892978206276894 -0.9995455741882324 0.018375249579548836 -2.4758219718933105
-0.9987553954124451 0.022643515840172768 -0.0444389283657074 0.09046658128499985 0.04400533065199852 -0.019300296902656555 -0.9988448023796082 -0.807701587677002 -0.02347504533827305 -0.9995572566986084 0.018279921263456345 -2.4758284091949463
-0.9987587928771973 0.022578367963433266 -0.04439456760883331 0.0904940515756607 0.04396206885576248 -0.019304273650050163 -0.9988466501235962 -0.807905375957489 -0.02340933494269848 -0.9995586276054382 0.01828780397772789 -2.4759681224823
-0.9987506866455078 0.022700892761349678 -0.04451502487063408 0.0901985839009285 0.04408716782927513 -0.019012322649359703 -0.998846709728241 -0.8078961968421936 -0.023521048948168755 -0.9995614886283875 0.01798783428966999 -2.4757421016693115
-0.9987664818763733 0.022511672228574753 -0.044255390763282776 0.09026005864143372 0.04382989555597305 -0.01905609481036663 -0.9988572001457214 -0.8079137206077576 -0.02332928404211998 -0.9995648860931396 0.01804598793387413 -2.47583270072937
-0.9987648725509644 0.02252359315752983 -0.04428648576140404 0.09024687856435776 0.043859969824552536 -0.019090671092271805 -0.9988552331924438 -0.807934582233429 -0.023343270644545555 -0.999563992023468 0.01807929016649723 -2.4758293628692627
-0.9987636208534241 0.022442501038312912 -0.044355738908052444 0.09029466658830643 0.043933555483818054 -0.01896769180893898 -0.9988543391227722 -0.8078909516334534 -0.023258119821548462 -0.9995681643486023 0.017958343029022217 -2.4758152961730957
-0.9987614750862122 0.02231963910162449 -0.04446495324373245 0.09030789881944656 0.04404940456151962 -0.018776724115014076 -0.9988528490066528 -0.8077853322029114 -0.023128943517804146 -0.9995744824409485 0.01777038536965847 -2.475677728652954
-0.9987658262252808 0.022109100595116615 -0.04447295516729355 0.09049633890390396 0.04405466839671135 -0.019059637561440468 -0.998847246170044 -0.8075399994850159 -0.022931255400180817 -0.999573826789856 0.01806218922138214 -2.475597620010376
-0.9987634420394897 0.021919403225183487 -0.04461957886815071 0.09051500260829926 0.044204987585544586 -0.01904834620654583 -0.9988408088684082 -0.8075854182243347 -0.02274392731487751 -0.9995782375335693 0.018055928871035576 -2.475646495819092
-0.9987760782241821 0.022048696875572205 -0.044272277504205704 0.08994808048009872 0.04385041445493698 -0.01926274038851261 -0.9988523721694946 -0.8079277276992798 -0.022876199334859848 -0.9995712637901306 0.0182724017649889 -2.4756500720977783
-0.9987829327583313 0.021988829597830772 -0.04414698854088783 0.09026872366666794 0.04372810572385788 -0.019179778173565865 -0.9988592863082886 -0.8079882264137268 -0.022810477763414383 -0.9995741844177246 0.018194986507296562 -2.4760079383850098
-0.9987755417823792 0.02190203219652176 -0.0443565808236599 0.09035313129425049 0.043937813490629196 -0.019244926050305367 -0.9988488554954529 -0.8077108263969421 -0.02273046225309372 -0.9995748400688171 0.018259117379784584 -2.4757766723632812
-0.9987728595733643 0.021714430302381516 -0.04450903460383415 0.090389683842659 0.0440906397998333 -0.01938074640929699 -0.9988394975662231 -0.8075476884841919 -0.022551851347088814 -0.9995763301849365 0.018399642780423164 -2.4757163524627686
-0.9987690448760986 0.021599499508738518 -0.044651344418525696 0.09039682149887085 0.044236164540052414 -0.019332274794578552 -0.9988340139389038 -0.8075080513954163 -0.022437529638409615 -0.9995797276496887 0.01835308037698269 -2.4756762981414795
