# 3x4 first row second row third row Freq: 5 current Time: 2020-10-02-12:40:51
-0.26940521597862244 0.9630043506622314 0.006582960020750761 0.05978497117757797 -0.016736017540097237 0.0021529505029320717 -0.9998575448989868 -0.6769221425056458 -0.9628813862800598 -0.26947706937789917 0.015536907128989697 -2.478436231613159
-0.26877880096435547 0.9631830453872681 0.00602112477645278 0.059935372322797775 -0.01610596850514412 0.0017560942796990275 -0.9998686909675598 -0.6772025227546692 -0.9630671739578247 -0.2688405513763428 0.01504105981439352 -2.4780280590057373
-0.26824817061424255 0.9633129239082336 0.008424553088843822 0.05998697876930237 -0.017663519829511642 0.003825359744951129 -0.9998366236686707 -0.6770122647285461 -0.9631878137588501 -0.2683532238006592 0.01598941721022129 -2.479762554168701
-0.26905855536460876 0.9630940556526184 0.007563014514744282 0.05977465212345123 -0.01734882965683937 0.0030049392953515053 -0.9998449087142944 -0.6775118112564087 -0.9629675149917603 -0.2691481113433838 0.01590011641383171 -2.4789531230926514
-0.27027627825737 0.9627609848976135 0.006472887936979532 0.05982254073023796 -0.016705665737390518 0.0020325651858001947 -0.9998583197593689 -0.6768001317977905 -0.9626377820968628 -0.27034619450569153 0.015534275211393833 -2.4788355827331543
-0.26881641149520874 0.9631659984588623 0.00699368491768837 0.06002514064311981 -0.017405778169631958 0.0024021766148507595 -0.999845564365387 -0.677363932132721 -0.9630340933799744 -0.2688966691493988 0.0161189753562212 -2.4794254302978516
-0.2682500183582306 0.9633203148841858 0.007469899021089077 0.060029756277799606 -0.018535763025283813 0.002591474447399378 -0.9998247623443604 -0.6772511601448059 -0.9631709456443787 -0.2683415412902832 0.017160778865218163 -2.480170726776123
-0.26944372057914734 0.9629927277565002 0.006701495964080095 0.059837717562913895 -0.017689358443021774 0.0020085254218429327 -0.9998414516448975 -0.6768633723258972 -0.9628536105155945 -0.2695196270942688 0.016493605449795723 -2.478766918182373
-0.2689298093318939 0.9631370902061462 0.006600601132959127 0.05971700698137283 -0.017738189548254013 0.0018992843106389046 -0.9998407959938049 -0.6771420240402222 -0.9629963636398315 -0.2690041661262512 0.016573598608374596 -2.479079484939575
-0.27009114623069763 0.9628167152404785 0.005887829698622227 0.05980875715613365 -0.01667051762342453 0.001437962637282908 -0.9998599290847778 -0.6766941547393799 -0.9626903533935547 -0.2701515257358551 0.015662338584661484 -2.4782257080078125
-0.26955893635749817 0.9629645943641663 0.006085050292313099 0.059640347957611084 -0.016322696581482887 0.0017491297330707312 -0.9998651742935181 -0.6772266030311584 -0.962845504283905 -0.26962196826934814 0.01524675264954567 -2.478330373764038
-0.26887497305870056 0.9631538391113281 0.0063882325775921345 0.059728946536779404 -0.01673867180943489 0.001958943670615554 -0.9998579025268555 -0.6766183376312256 -0.9630295634269714 -0.26894375681877136 0.015595270320773125 -2.4782285690307617
-0.26910728216171265 0.9630864262580872 0.0067631457932293415 0.05997592210769653 -0.01709144376218319 0.0022456522565335035 -0.9998513460159302 -0.677092432975769 -0.9629584550857544 -0.2691829204559326 0.01585628092288971 -2.4793145656585693
-0.26993265748023987 0.9628604650497437 0.00599206518381834 0.05968145281076431 -0.016035962849855423 0.0017268379451707006 -0.9998698830604553 -0.6766976118087769 -0.9627456068992615 -0.26999369263648987 0.014974330551922321 -2.4777493476867676
-0.26988083124160767 0.9628740549087524 0.006141193676739931 0.06001439690589905 -0.016146322712302208 0.0018515897681936622 -0.999867856502533 -0.6767528057098389 -0.9627583026885986 -0.2699443995952606 0.015047231689095497 -2.4783201217651367
-0.2700137197971344 0.9628309607505798 0.007000237703323364 0.059996720403432846 -0.01642187498509884 0.002664211206138134 -0.9998615384101868 -0.6767311692237854 -0.9627163410186768 -0.27009135484695435 0.015092182904481888 -2.4782159328460693
-0.2691662907600403 0.9630678296089172 0.007055734284222126 0.05999789014458656 -0.016750162467360497 0.0026438317727297544 -0.999856173992157 -0.6768646836280823 -0.9629479646682739 -0.26924583315849304 0.015419976785779 -2.4785258769989014
-0.26872044801712036 0.9631825685501099 0.008276285603642464 0.05987982079386711 -0.017723271623253822 0.00364663265645504 -0.9998362064361572 -0.6769086718559265 -0.9630550742149353 -0.26882317662239075 0.016090888530015945 -2.4782190322875977
-0.2690904438495636 0.9630789756774902 0.008309868164360523 0.05969623476266861 -0.018667927011847496 0.003410996636375785 -0.9998198747634888 -0.6767512559890747 -0.9629338979721069 -0.26919716596603394 0.017060887068510056 -2.4792251586914062
-0.26897740364074707 0.9631115794181824 0.008190833032131195 0.06000865623354912 -0.018295520916581154 0.0033935641404241323 -0.9998267889022827 -0.6770930886268616 -0.9629726409912109 -0.2690807580947876 0.016707902774214745 -2.479792594909668
-0.26758819818496704 0.9634976387023926 0.008290110155940056 0.05957585945725441 -0.018048584461212158 0.0035902175586670637 -0.9998306035995483 -0.6775767207145691 -0.9633642435073853 -0.26769256591796875 0.016429133713245392 -2.4786763191223145
-0.26816534996032715 0.9633456468582153 0.007240750826895237 0.05993031710386276 -0.01798834651708603 0.002507670084014535 -0.9998350143432617 -0.6772043704986572 -0.9632048606872559 -0.2682514190673828 0.01665659062564373 -2.479828119277954
-0.268738329410553 0.9631873965263367 0.0070409043692052364 0.05974609777331352 -0.018121449276804924 0.0022527810651808977 -0.9998332262039185 -0.676915168762207 -0.963042676448822 -0.26882117986679077 0.016849009320139885 -2.4793930053710938
-0.2684474587440491 0.9632746577262878 0.0061437152326107025 0.059586051851511 -0.01637028530240059 0.0018150262767449021 -0.9998642802238464 -0.6771208047866821 -0.9631551504135132 -0.26851168274879456 0.01528190728276968 -2.477821111679077
-0.26813772320747375 0.9633588194847107 0.006469743326306343 0.06015199422836304 -0.01692904904484749 0.0020029242150485516 -0.9998546242713928 -0.6771420836448669 -0.9632317423820496 -0.2682083547115326 0.01577175408601761 -2.4796676635742188
-0.26903876662254333 0.9631108045578003 0.005969167221337557 0.05991204455494881 -0.01663421280682087 0.001550324959680438 -0.999860405921936 -0.6773368716239929 -0.962985634803772 -0.269100546836853 0.015603557229042053 -2.4783318042755127
-0.2688881456851959 0.9631541967391968 0.005745878908783197 0.05976897478103638 -0.015800120308995247 0.001553996349684894 -0.9998739361763 -0.6768693327903748 -0.9630417227745056 -0.2689450681209564 0.014800166711211205 -2.4771904945373535
-0.2686552405357361 0.963209331035614 0.0072152563370764256 0.05979318916797638 -0.015967223793268204 0.0030363837722688913 -0.999867856502533 -0.6764846444129944 -0.9631040096282959 -0.26873499155044556 0.01456410437822342 -2.4776127338409424
-0.2688319683074951 0.9631572365760803 0.007573558483272791 0.05980144813656807 -0.016922976821660995 0.003138686064630747 -0.9998518228530884 -0.6768872737884521 -0.9630383253097534 -0.268920361995697 0.015455774031579494 -2.478658437728882
-0.26952269673347473 0.9629638195037842 0.0076230671256780624 0.05985003709793091 -0.016733592376112938 0.0032316120341420174 -0.9998546838760376 -0.6767582893371582 -0.9628486037254333 -0.2696111500263214 0.015242916531860828 -2.4782886505126953
-0.26870423555374146 0.9631958603858948 0.00718325050547719 0.05970577150583267 -0.01677105389535427 0.0027780509553849697 -0.9998554587364197 -0.6769894957542419 -0.963076651096344 -0.26878592371940613 0.015407402068376541 -2.4779608249664307
-0.26901543140411377 0.9631120562553406 0.00676451250910759 0.05983662232756615 -0.01668872870504856 0.0023611728101968765 -0.9998579025268555 -0.6767393350601196 -0.9629911780357361 -0.2690901756286621 0.015437989495694637 -2.4784228801727295
-0.2685529887676239 0.9632441997528076 0.006304777227342129 0.059644341468811035 -0.017435025423765182 0.0016835086280480027 -0.9998465180397034 -0.676658034324646 -0.9631070494651794 -0.2686217725276947 0.01634214259684086 -2.4784018993377686
-0.2697260081768036 0.9629202485084534 0.005689664743840694 0.05977850779891014 -0.016105126589536667 0.0013967904960736632 -0.9998692870140076 -0.6765027642250061 -0.9628023505210876 -0.2697824537754059 0.015131267718970776 -2.4770572185516357
-0.26930928230285645 0.9630385041236877 0.005410138517618179 0.05982302501797676 -0.015876661986112595 0.0011772830039262772 -0.9998732209205627 -0.6768651604652405 -0.9629228115081787 -0.26936110854148865 0.014972849749028683 -2.477430582046509
-0.2695147395133972 0.9629787802696228 0.0057926964946091175 0.05974891036748886 -0.01650978811085224 0.0013939226046204567 -0.9998626708984375 -0.6763781905174255 -0.9628546833992004 -0.269573450088501 0.015522959642112255 -2.4771530628204346
-0.2693571150302887 0.9630204439163208 0.006181969773024321 0.0596819706261158 -0.01674780808389187 0.001734127406962216 -0.9998582005500793 -0.6764805316925049 -0.9628946781158447 -0.2694225311279297 0.01566144824028015 -2.477163791656494
-0.26838552951812744 0.9632927775382996 0.006007067859172821 0.05986833572387695 -0.016432084143161774 0.0016569867730140686 -0.9998635649681091 -0.6763495206832886 -0.9631713628768921 -0.2684476971626282 0.015384262427687645 -2.477496385574341
-0.26889321208000183 0.9631479382514954 0.006510834209620953 0.05951635167002678 -0.01484447531402111 0.0026149300392717123 -0.9998863339424133 -0.6765040159225464 -0.9630555510520935 -0.2689593434333801 0.013594354502856731 -2.4750895500183105
-0.2693547010421753 0.9630239009857178 0.005739235319197178 0.05965642258524895 -0.015514587052166462 0.0016195432981476188 -0.9998782873153687 -0.6764525771141052 -0.9629160165786743 -0.26941102743148804 0.014504751190543175 -2.476527452468872
-0.2689005732536316 0.9631528258323669 0.0053811343386769295 0.05970047414302826 -0.015948958694934845 0.0011335795279592276 -0.999872088432312 -0.6763832569122314 -0.9630358219146729 -0.26895207166671753 0.015056531876325607 -2.4765074253082275
-0.26748785376548767 0.9635459184646606 0.005419920664280653 0.05992186814546585 -0.016513966023921967 0.0010398485464975238 -0.9998630285263062 -0.6765885353088379 -0.9634196162223816 -0.2675407826900482 0.015633882954716682 -2.4766159057617188
-0.2691882848739624 0.9630686640739441 0.006026465445756912 0.05959461256861687 -0.016837874427437782 0.0015503503382205963 -0.9998570084571838 -0.6764945387840271 -0.9629402756690979 -0.2692513167858124 0.01579875871539116 -2.4759552478790283
-0.26902276277542114 0.9631155729293823 0.005917971022427082 0.05969587713479996 -0.016689956188201904 0.001481868326663971 -0.9998595714569092 -0.6761897802352905 -0.9629891514778137 -0.26908382773399353 0.01567576639354229 -2.476461887359619
-0.26949185132980347 0.9629844427108765 0.005917624570429325 0.05964089557528496 -0.016237186267971992 0.0016003329074010253 -0.9998668432235718 -0.6762699484825134 -0.9628657102584839 -0.2695521116256714 0.015204946510493755 -2.4763498306274414
-0.2690389156341553 0.9631054401397705 0.006773250177502632 0.06000799685716629 -0.016844037920236588 0.0023264512419700623 -0.9998553991317749 -0.6766374707221985 -0.9629819393157959 -0.2691141366958618 0.015596743673086166 -2.477445363998413
-0.26887407898902893 0.9631484746932983 0.0071840123273432255 0.05970238894224167 -0.017321716994047165 0.0026222304441034794 -0.9998464584350586 -0.6766418218612671 -0.9630194902420044 -0.2689572870731354 0.01597840152680874 -2.476832628250122
-0.26903030276298523 0.9630993008613586 0.007889085449278355 0.05973401665687561 -0.017963459715247154 0.00317215989343822 -0.9998335838317871 -0.6764692664146423 -0.9629641175270081 -0.2691273093223572 0.01644725538790226 -2.4779655933380127
-0.26953938603401184 0.9629698991775513 0.006115410011261702 0.059470679610967636 -0.016831038519740105 0.0016386350616812706 -0.9998569488525391 -0.6768718957901001 -0.9628422260284424 -0.2696038484573364 0.015766171738505363 -2.4770472049713135
-0.26905471086502075 0.9630943536758423 0.0076633021235466 0.05985875800251961 -0.01861337013542652 0.002755679190158844 -0.9998229146003723 -0.6769065260887146 -0.9629449248313904 -0.2691497802734375 0.017185067757964134 -2.478398323059082
-0.2688520550727844 0.9631593823432922 0.0065146987326443195 0.06005954369902611 -0.018004337325692177 0.0017371764406561852 -0.9998363256454468 -0.6767981052398682 -0.9630131125450134 -0.26892542839050293 0.016874069347977638 -2.4777767658233643
-0.26900234818458557 0.9631079435348511 0.007790474686771631 0.059932347387075424 -0.018176618963479996 0.0030107186175882816 -0.9998301863670349 -0.6768608689308167 -0.9629679322242737 -0.26909834146499634 0.016696222126483917 -2.4783051013946533
-0.2683500647544861 0.9632948637008667 0.00715256342664361 0.060020703822374344 -0.01777026243507862 0.002473602769896388 -0.9998390078544617 -0.6770190000534058 -0.9631574749946594 -0.2684340476989746 0.01645427569746971 -2.4780850410461426
-0.26893290877342224 0.9631337523460388 0.006950136739760637 0.05974839627742767 -0.017852898687124252 0.0022300411947071552 -0.99983811378479 -0.676408588886261 -0.9629933834075928 -0.26901349425315857 0.016595063731074333 -2.477682590484619
-0.2683684527873993 0.9632935523986816 0.006621028296649456 0.059392791241407394 -0.01716560125350952 0.0020901013631373644 -0.9998504519462585 -0.6768622994422913 -0.9631633162498474 -0.2684420049190521 0.015974661335349083 -2.4775145053863525
-0.2688339948654175 0.9631673097610474 0.006075057666748762 0.05966445803642273 -0.017904777079820633 0.0013089255662634969 -0.9998387694358826 -0.6766136884689331 -0.9630200266838074 -0.26889950037002563 0.016893476247787476 -2.47729229927063
-0.2693808972835541 0.9630110263824463 0.0065970649011433125 0.05977463349699974 -0.017658362165093422 0.0019098924240097404 -0.9998422265052795 -0.6764659881591797 -0.9628717303276062 -0.2694549262523651 0.01649077609181404 -2.477700710296631
-0.2692391872406006 0.9630500674247742 0.006688971072435379 0.05969874933362007 -0.017656950280070305 0.0020082236733287573 -0.9998420476913452 -0.6771097183227539 -0.9629114270210266 -0.26931482553482056 0.016463899984955788 -2.4773521423339844
-0.26970064640045166 0.9629223942756653 0.006470148451626301 0.059701599180698395 -0.017335105687379837 0.00186299963388592 -0.999847948551178 -0.6764521598815918 -0.9627881050109863 -0.26977187395095825 0.016189975664019585 -2.477733612060547
-0.26885053515434265 0.9631585478782654 0.006699917372316122 0.059962790459394455 -0.01758945919573307 0.002045332221314311 -0.9998431205749512 -0.6769623756408691 -0.9630212187767029 -0.2689262926578522 0.016391616314649582 -2.4781718254089355
-0.2694869339466095 0.9629780054092407 0.00707077095285058 0.05987122654914856 -0.01832168735563755 0.0022141311783343554 -0.9998296499252319 -0.6767922639846802 -0.9628296494483948 -0.26957061886787415 0.017046768218278885 -2.478748083114624
-0.26919907331466675 0.963057279586792 0.007238729391247034 0.05989117920398712 -0.018092375248670578 0.002457922324538231 -0.9998332262039185 -0.6768028140068054 -0.9629145264625549 -0.2692852318286896 0.01676238887012005 -2.478781223297119
-0.2696022391319275 0.9629437327384949 0.0073369829915463924 0.05978727340698242 -0.01801549270749092 0.0025741884019225836 -0.9998343586921692 -0.6768780946731567 -0.9628031849861145 -0.2696898281574249 0.016653966158628464 -2.478397846221924
-0.2686009705066681 0.9632145762443542 0.008431199938058853 0.05975532904267311 -0.01923309452831745 0.0033882497809827328 -0.999809205532074 -0.6770510673522949 -0.9630594253540039 -0.26871195435523987 0.017615575343370438 -2.4793734550476074
-0.2684202492237091 0.9632665514945984 0.008249164558947086 0.060004107654094696 -0.019458694383502007 0.003139840206131339 -0.9998056888580322 -0.6769797801971436 -0.963105320930481 -0.26852867007255554 0.01790117658674717 -2.4793765544891357
-0.2694213092327118 0.9629938006401062 0.0074139428324997425 0.05978784337639809 -0.01815040037035942 0.0026195801328867674 -0.9998317956924438 -0.6766564249992371 -0.9628512859344482 -0.2695106267929077 0.01677301712334156 -2.478586196899414
-0.2693302035331726 0.9630171060562134 0.007690470200031996 0.05979248881340027 -0.018684683367609978 0.0027588263619691133 -0.9998215436935425 -0.6769528388977051 -0.9628665447235107 -0.2694258987903595 0.017250699922442436 -2.479349374771118
-0.2681637704372406 0.9633476734161377 0.007019410375505686 0.060031093657016754 -0.018174806609749794 0.002226046519353986 -0.999832272529602 -0.677370011806488 -0.9632018208503723 -0.26824644207954407 0.01691177859902382 -2.479548931121826
-0.2686859369277954 0.9632005095481873 0.007247863803058863 0.05998004600405693 -0.018320195376873016 0.002413096372038126 -0.9998292326927185 -0.6773551106452942 -0.9630535244941711 -0.2687729001045227 0.016997722908854485 -2.479477643966675
-0.26895809173583984 0.963129997253418 0.00648334389552474 0.05997340381145477 -0.017762668430805206 0.0017702137120068073 -0.9998406171798706 -0.6769876480102539 -0.962988018989563 -0.26903045177459717 0.016631711274385452 -2.478898525238037
-0.26936978101730347 0.9630175828933716 0.006072389427572489 0.05960924178361893 -0.01601269841194153 0.0018258355557918549 -0.9998700618743896 -0.6768789291381836 -0.962903618812561 -0.26943209767341614 0.01492875162512064 -2.4767825603485107
-0.26832112669944763 0.9633007049560547 0.007443760521709919 0.05966491624712944 -0.017200127243995667 0.00293523957952857 -0.9998477101325989 -0.6769956946372986 -0.963175892829895 -0.2684083580970764 0.015781372785568237 -2.4780213832855225
-0.2691633403301239 0.9630630016326904 0.007784288842231035 0.05969727411866188 -0.017481127753853798 0.003195874858647585 -0.9998420476913452 -0.6765642166137695 -0.9629358053207397 -0.26925697922706604 0.015975281596183777 -2.478327751159668
-0.26859062910079956 0.9632192850112915 0.008219050243496895 0.059599924832582474 -0.018080996349453926 0.003489671042189002 -0.9998303651809692 -0.6768913269042969 -0.9630846381187439 -0.268693745136261 0.01647873781621456 -2.478539228439331
-0.2682705521583557 0.9633174538612366 0.007090744562447071 0.059726495295763016 -0.017481235787272453 0.002491376828402281 -0.9998440146446228 -0.6769734025001526 -0.9631848931312561 -0.2683527171611786 0.016171682626008987 -2.477810859680176
-0.26934126019477844 0.9630210399627686 0.006757910829037428 0.0598413310945034 -0.017218979075551033 0.0022005324717611074 -0.999849259853363 -0.676971971988678 -0.9628908038139343 -0.2694171071052551 0.01598961092531681 -2.478694200515747
-0.26883265376091003 0.9631657600402832 0.006367885507643223 0.05966930836439133 -0.017028026282787323 0.0018577383598312736 -0.999853253364563 -0.67732173204422 -0.963036298751831 -0.2689017057418823 0.015901455655694008 -2.4778947830200195
-0.26991602778434753 0.9628657698631287 0.005889939144253731 0.059989046305418015 -0.016379795968532562 0.0015246368711814284 -0.9998646378517151 -0.6769477725028992 -0.9627444744110107 -0.26997604966163635 0.015360087156295776 -2.47833514213562
-0.2689566910266876 0.9631351828575134 0.005730230826884508 0.05987159535288811 -0.01795065589249134 0.0009359063114970922 -0.9998384118080139 -0.6769298911094666 -0.9629849195480347 -0.2690161466598511 0.017037255689501762 -2.478339195251465
-0.2693132162094116 0.9630334377288818 0.0060724373906850815 0.05976364389061928 -0.017025573179125786 0.0015434420201927423 -0.999853789806366 -0.676524817943573 -0.9629020690917969 -0.26937729120254517 0.015980593860149384 -2.4782848358154297
-0.26983848214149475 0.9628849625587463 0.006291769910603762 0.059810277074575424 -0.016722064465284348 0.0018472308292984962 -0.9998584389686584 -0.676369309425354 -0.962760329246521 -0.26990556716918945 0.015603037551045418 -2.477377414703369
-0.2684285342693329 0.9632737040519714 0.007057953625917435 0.0596381239593029 -0.01786894164979458 0.0023464998230338097 -0.9998375177383423 -0.6770700812339783 -0.9631338119506836 -0.2685111165046692 0.016582880169153214 -2.4780776500701904
-0.2687308192253113 0.963188886642456 0.00712536321952939 0.05949850007891655 -0.017544347792863846 0.002501675160601735 -0.9998428821563721 -0.6769649982452393 -0.963055431842804 -0.26881369948387146 0.016226308420300484 -2.47723650932312
-0.26819515228271484 0.9633429050445557 0.006459568627178669 0.060224663466215134 -0.017488010227680206 0.001835710252635181 -0.9998453259468079 -0.6771408319473267 -0.9632058143615723 -0.2682667076587677 0.01635468564927578 -2.477875232696533
-0.2690763473510742 0.9630997776985168 0.006046573631465435 0.06003955379128456 -0.016562238335609436 0.001650169026106596 -0.9998614192008972 -0.6766281723976135 -0.962976336479187 -0.26913928985595703 0.01550713274627924 -2.477144479751587
-0.26820480823516846 0.9633407592773438 0.0063711353577673435 0.05960162356495857 -0.016327466815710068 0.0020669898949563503 -0.9998645186424255 -0.6770691871643066 -0.9632234573364258 -0.2682725787162781 0.015174604021012783 -2.476496934890747
-0.267208993434906 0.9636180996894836 0.006272467784583569 0.059528958052396774 -0.015387165360152721 0.002241726964712143 -0.9998790621757507 -0.6770211458206177 -0.9635156989097595 -0.2672732472419739 0.01422840729355812 -2.4760873317718506
-0.26866987347602844 0.9632117748260498 0.006276280619204044 0.05984654650092125 -0.015320130623877048 0.0022419982124119997 -0.9998800754547119 -0.6767907738685608 -0.9631103873252869 -0.2687338888645172 0.014154238626360893 -2.4763991832733154
-0.2692113220691681 0.9630617499351501 0.006101353093981743 0.05970396101474762 -0.01565708965063095 0.001957897562533617 -0.9998754262924194 -0.6763045191764832 -0.9629538059234619 -0.26927340030670166 0.014551720581948757 -2.477062702178955
-0.2689875662326813 0.9631209373474121 0.006600761320441961 0.05977275222539902 -0.016544723883271217 0.002231874270364642 -0.9998605847358704 -0.6763385534286499 -0.9630014896392822 -0.26905936002731323 0.015334289520978928 -2.476907968521118
-0.269583135843277 0.9629550576210022 0.006505163852125406 0.05979905650019646 -0.016387714073061943 0.00216673850081861 -0.99986332654953 -0.6763399243354797 -0.9628375768661499 -0.26965296268463135 0.015196582302451134 -2.4766933917999268
-0.2690543532371521 0.963100790977478 0.00681571289896965 0.059790872037410736 -0.01728782057762146 0.002246246673166752 -0.9998480081558228 -0.67634117603302 -0.9629697799682617 -0.2691313624382019 0.016045616939663887 -2.477278470993042
-0.2689046561717987 0.9631435871124268 0.0066788652911782265 0.05971089005470276 -0.01590978354215622 0.00249166670255363 -0.9998703002929688 -0.6767721772193909 -0.9630353450775146 -0.268976092338562 0.01465345174074173 -2.475602865219116
-0.2689153254032135 0.9631426930427551 0.006365167908370495 0.05998322740197182 -0.01706116460263729 0.0018442439613863826 -0.99985271692276 -0.6767619252204895 -0.9630126357078552 -0.2689843773841858 0.015936456620693207 -2.4779388904571533
-0.26906564831733704 0.9631001353263855 0.006455629598349333 0.059754107147455215 -0.017208339646458626 0.0018944418989121914 -0.9998500943183899 -0.6762911677360535 -0.9629680514335632 -0.2691364884376526 0.016063690185546875 -2.4769139289855957
-0.26801684498786926 0.9633916020393372 0.006594650447368622 0.05964546650648117 -0.017019473016262054 0.0021094470284879208 -0.9998528957366943 -0.6762399077415466 -0.9632638096809387 -0.2680897116661072 0.01583111472427845 -2.476407289505005
-0.2681032419204712 0.9633676409721375 0.006584890186786652 0.05979657173156738 -0.01728731580078602 0.0020232731476426125 -0.999848484992981 -0.6767425537109375 -0.9632350206375122 -0.26817649602890015 0.01611166074872017 -2.4769575595855713
-0.2678290009498596 0.9634446501731873 0.006470620632171631 0.05985752493143082 -0.017181670293211937 0.0019388265209272504 -0.9998504519462585 -0.6769429445266724 -0.9633131623268127 -0.2679001986980438 0.016034381464123726 -2.4764299392700195
-0.2685612142086029 0.9632374048233032 0.006956048309803009 0.05986173450946808 -0.017705336213111877 0.002283986657857895 -0.9998406171798706 -0.6766762137413025 -0.9630998373031616 -0.2686416208744049 0.016441117972135544 -2.47749662399292
-0.26927649974823 0.9630334973335266 0.007518821861594915 0.05981072410941124 -0.01717224158346653 0.0030047199688851833 -0.9998480081558228 -0.6763330101966858 -0.9629097580909729 -0.26936474442481995 0.015728408470749855 -2.4769480228424072
-0.2685137391090393 0.9632500410079956 0.007042494136840105 0.05957808718085289 -0.016117427498102188 0.0028173879254609346 -0.9998660683631897 -0.6764821410179138 -0.9631409645080566 -0.26859134435653687 0.014768670313060284 -2.4758400917053223
-0.27004724740982056 0.9628201127052307 0.007195127196609974 0.05980148911476135 -0.01689617522060871 0.0027329670265316963 -0.9998534917831421 -0.6764684915542603 -0.962698757648468 -0.27012932300567627 0.015530013479292393 -2.477607011795044
-0.2686469256877899 0.9632017016410828 0.00843545887619257 0.06002702936530113 -0.018674151971936226 0.003547780914232135 -0.999819278717041 -0.6768484115600586 -0.9630576372146606 -0.2687559723854065 0.01703394204378128 -2.4788920879364014
-0.2685454487800598 0.963234007358551 0.007963391952216625 0.05973534286022186 -0.017744693905115128 0.003318908391520381 -0.9998369812965393 -0.6770502328872681 -0.9631034731864929 -0.2686430513858795 0.0162010807543993 -2.477504253387451
-0.26791971921920776 0.9634110927581787 0.007611422799527645 0.059664975851774216 -0.01756425015628338 0.0030147593934088945 -0.9998411536216736 -0.6773580312728882 -0.9632810354232788 -0.2680109143257141 0.016113946214318275 -2.478219509124756
-0.2693276107311249 0.9630245566368103 0.006796189583837986 0.059798646718263626 -0.016591830179095268 0.0024159764871001244 -0.9998593926429749 -0.6764364838600159 -0.9629056453704834 -0.26940256357192993 0.015327716246247292 -2.4771347045898438
-0.2690747082233429 0.9630998373031616 0.0061109536327421665 0.05972959101200104 -0.01573476567864418 0.0019482988864183426 -0.9998742341995239 -0.6768233776092529 -0.9629907011985779 -0.26913711428642273 0.014629977755248547 -2.4770560264587402
-0.2691251039505005 0.9630863666534424 0.006017498206347227 0.059888288378715515 -0.016637731343507767 0.0015980652533471584 -0.9998602271080017 -0.6766102910041809 -0.9629614353179932 -0.26918765902519226 0.015593558549880981 -2.4782025814056396
-0.268361896276474 0.9632970690727234 0.006369603332132101 0.05945567041635513 -0.016662612557411194 0.0019694282673299313 -0.9998591542243958 -0.6768644452095032 -0.9631739854812622 -0.26843029260635376 0.015522592701017857 -2.476954460144043
-0.26828789710998535 0.9633211493492126 0.0058187455870211124 0.060001663863658905 -0.017587395384907722 0.0011412650346755981 -0.9998446106910706 -0.6769518852233887 -0.9631781578063965 -0.2683486342430115 0.016636189073324203 -2.4780139923095703
-0.26837143301963806 0.9633000493049622 0.005443130154162645 0.05960237979888916 -0.01604337804019451 0.0011802030494436622 -0.9998705387115479 -0.6763309240341187 -0.9631818532943726 -0.26842406392097473 0.015137921087443829 -2.476017713546753
-0.2690865397453308 0.9630964398384094 0.006128367036581039 0.059688933193683624 -0.016179122030735016 0.0018419947009533644 -0.9998673796653748 -0.6764001846313477 -0.9629800319671631 -0.2691500782966614 0.015086464583873749 -2.477400541305542
-0.2682669758796692 0.9633243083953857 0.006239197216928005 0.05959416925907135 -0.015987245365977287 0.0020238100551068783 -0.9998701214790344 -0.6763770580291748 -0.9632118940353394 -0.26833194494247437 0.014858046546578407 -2.4764297008514404
-0.2690536081790924 0.9631034135818481 0.0064705610275268555 0.05977308377623558 -0.01649494096636772 0.002109525492414832 -0.9998616576194763 -0.6762891411781311 -0.9629838466644287 -0.2691231966018677 0.015318823978304863 -2.4762864112854004
-0.26878809928894043 0.9631696939468384 0.007547316607087851 0.0597398541867733 -0.01757894456386566 0.002929032314568758 -0.9998411536216736 -0.6764538288116455 -0.9630388617515564 -0.26887813210487366 0.0161442831158638 -2.477491855621338
-0.26951152086257935 0.9629740118980408 0.0066713630221784115 0.05987204238772392 -0.016907544806599617 0.002194933360442519 -0.9998546242713928 -0.6764037609100342 -0.9628486633300781 -0.26958519220352173 0.0156900305300951 -2.476860761642456
-0.2687068283557892 0.9631930589675903 0.007457387633621693 0.05968307703733444 -0.01753571256995201 0.0028491623234003782 -0.99984210729599 -0.6767204403877258 -0.9630622863769531 -0.2687952220439911 0.016124753281474113 -2.476997137069702
-0.26797711849212646 0.9633924961090088 0.007936415262520313 0.05985654890537262 -0.01941048353910446 0.002837235340848565 -0.9998075366020203 -0.6766794323921204 -0.9632296562194824 -0.26807963848114014 0.017939666286110878 -2.4787826538085938
-0.2679077088832855 0.9634178876876831 0.00716458261013031 0.05962519720196724 -0.017915917560458183 0.0024533970281481743 -0.9998364448547363 -0.6769272089004517 -0.9632779359817505 -0.2679923176765442 0.016603296622633934 -2.477741241455078
-0.26777878403663635 0.9634548425674438 0.007011933717876673 0.05955934524536133 -0.017297789454460144 0.0024691664148122072 -0.9998472929000854 -0.6771868467330933 -0.9633250832557678 -0.26785925030708313 0.016004513949155807 -2.4770781993865967
-0.2674323618412018 0.963555634021759 0.006353831384330988 0.06001533567905426 -0.018175795674324036 0.0015484585892409086 -0.9998335838317871 -0.676673173904419 -0.9634051322937012 -0.26750341057777405 0.017099348828196526 -2.4777326583862305
-0.26816216111183167 0.9633499383926392 0.0067704520188272 0.05963929370045662 -0.017916282638907433 0.00203968514688313 -0.999837338924408 -0.6763037443161011 -0.9632071256637573 -0.26823991537094116 0.016712749376893044 -2.4772393703460693
-0.26830264925956726 0.9633074402809143 0.007232408504933119 0.0597270205616951 -0.01833757385611534 0.0023992343340069056 -0.9998289346694946 -0.6769203543663025 -0.9631600379943848 -0.26838943362236023 0.017021065577864647 -2.477543830871582
-0.2693329453468323 0.963018536567688 0.0074129002168774605 0.05972093343734741 -0.01753447949886322 0.0027924352325499058 -0.9998422861099243 -0.6763693690299988 -0.9628874063491821 -0.2694205343723297 0.016133999451994896 -2.4771814346313477
-0.26858025789260864 0.9632281064987183 0.0074910991825163364 0.059515975415706635 -0.017799535766243935 0.002812757156789303 -0.9998375773429871 -0.6767228841781616 -0.9630928039550781 -0.2686700224876404 0.016389628872275352 -2.4776430130004883
-0.2679326832294464 0.9634106755256653 0.007200573105365038 0.059723861515522 -0.018338602036237717 0.0023726944345980883 -0.9998289942741394 -0.6765581965446472 -0.9632630348205566 -0.2680189907550812 0.017031947150826454 -2.477830410003662
-0.2688353955745697 0.9631630778312683 0.00665618572384119 0.06004437431693077 -0.018881551921367645 0.0016393992118537426 -0.999820351600647 -0.6772915124893188 -0.9630009531974792 -0.2689128518104553 0.017745349556207657 -2.4793739318847656
-0.26915469765663147 0.9630730748176575 0.006771790329366922 0.06001835688948631 -0.01869494840502739 0.0018054816173389554 -0.9998235702514648 -0.6770018339157104 -0.9629154205322266 -0.2692338824272156 0.01751871220767498 -2.4790005683898926
-0.269319623708725 0.9630292654037476 0.006437977775931358 0.059578053653240204 -0.016208184882998466 0.0021515267435461283 -0.999866247177124 -0.6768475770950317 -0.9629144072532654 -0.26938802003860474 0.015029574744403362 -2.4767704010009766
-0.26852238178253174 0.9632520079612732 0.006417988799512386 0.060007691383361816 -0.01637396402657032 0.002097463933750987 -0.9998636841773987 -0.6771751046180725 -0.963134229183197 -0.2685909569263458 0.015209103934466839 -2.478013277053833
-0.26951584219932556 0.9629793763160706 0.005635053385049105 0.059811487793922424 -0.015375846065580845 0.001547691528685391 -0.9998805522918701 -0.6764816641807556 -0.962873101234436 -0.26957035064697266 0.014389561489224434 -2.4772086143493652
-0.2695479691028595 0.9629642963409424 0.00659470958635211 0.05967540666460991 -0.016164837405085564 0.0023227022029459476 -0.9998666048049927 -0.6764989495277405 -0.9628512263298035 -0.2696186602115631 0.01494014821946621 -2.4769930839538574
-0.2688409090042114 0.9631602168083191 0.00684775598347187 0.05978887155652046 -0.017817072570323944 0.0021354116033762693 -0.9998389482498169 -0.6768261790275574 -0.9630197286605835 -0.2689196765422821 0.016586674377322197 -2.4786558151245117
-0.2693031430244446 0.9630333781242371 0.006510358303785324 0.05959375947713852 -0.01734459027647972 0.0019090332789346576 -0.9998477101325989 -0.6767784953117371 -0.9628992080688477 -0.26937511563301086 0.01618937775492668 -2.477483034133911
-0.26852723956108093 0.9632554650306702 0.005650245118886232 0.05964468792080879 -0.017198145389556885 0.0010706234024837613 -0.9998514652252197 -0.676480233669281 -0.9631184935569763 -0.26858460903167725 0.01627878099679947 -2.4778172969818115
-0.2686237394809723 0.9632284641265869 0.005667719524353743 0.05980157107114792 -0.017290830612182617 0.0010612120386213064 -0.9998499155044556 -0.6765434145927429 -0.9630899429321289 -0.26868149638175964 0.01637001894414425 -2.4778881072998047
-0.26876968145370483 0.9631853103637695 0.00606921873986721 0.05966338887810707 -0.016386225819587708 0.0017279356252402067 -0.9998642206192017 -0.6764419674873352 -0.9630650281906128 -0.2688327133655548 0.015318620018661022 -2.4771411418914795
-0.2685821056365967 0.9632349014282227 0.0064829206094145775 0.059475403279066086 -0.01674761436879635 0.0020596603862941265 -0.9998576045036316 -0.6768410205841064 -0.9631111025810242 -0.2686524987220764 0.015578764490783215 -2.4774343967437744
-0.26853448152542114 0.9632483720779419 0.0064559211023151875 0.060037948191165924 -0.016519760712981224 0.00209597940556705 -0.9998612999916077 -0.6764657497406006 -0.9631283283233643 -0.26860395073890686 0.01534985564649105 -2.477689743041992
-0.2688595652580261 0.9631557464599609 0.00673782080411911 0.059852685779333115 -0.017138421535491943 0.002210478065535426 -0.9998506307601929 -0.6765564680099487 -0.9630268216133118 -0.2689349353313446 0.015912726521492004 -2.4780161380767822
-0.26737070083618164 0.9635669589042664 0.007174868602305651 0.05966192111372948 -0.01771497167646885 0.002529459074139595 -0.9998398423194885 -0.6771527528762817 -0.9634308218955994 -0.2674550414085388 0.016393324360251427 -2.4774081707000732
-0.2683737576007843 0.9632857441902161 0.007479479536414146 0.06005438044667244 -0.017617391422390938 0.002855114173144102 -0.9998406767845154 -0.67694091796875 -0.9631536602973938 -0.2684628367424011 0.016204411163926125 -2.478071689605713
-0.2687373757362366 0.9631825089454651 0.007713708560913801 0.05959586054086685 -0.01710331253707409 0.0032354083377867937 -0.9998484253883362 -0.6770036816596985 -0.9630615711212158 -0.2688286304473877 0.015604201704263687 -2.477372884750366
-0.26906949281692505 0.9630877375602722 0.007969156838953495 0.059946209192276 -0.017850704491138458 0.0032861095387488604 -0.999835193157196 -0.6769359707832336 -0.9629552364349365 -0.2691674828529358 0.016307668760418892 -2.4789271354675293
-0.2683410346508026 0.9633006453514099 0.00669452827423811 0.059690773487091064 -0.016788970679044724 0.0022718203254044056 -0.9998564124107361 -0.6771407723426819 -0.9631776213645935 -0.2684149742126465 0.015563269145786762 -2.4781723022460938
-0.2691940665245056 0.9630666971206665 0.00608383072540164 0.05982091277837753 -0.016694823279976845 0.0016498086042702198 -0.9998592138290405 -0.6762800216674805 -0.9629411697387695 -0.2692577838897705 0.01563417539000511 -2.4775583744049072
-0.26991602778434753 0.9628651142120361 0.005997960921376944 0.05999625474214554 -0.01680029183626175 0.00151889119297266 -0.9998576641082764 -0.6768010854721069 -0.9627372026443481 -0.26997846364974976 0.015766508877277374 -2.4784276485443115
-0.270149827003479 0.9628020524978638 0.005579378921538591 0.05974298343062401 -0.016301877796649933 0.0012201183708384633 -0.9998663067817688 -0.67664635181427 -0.9626802206039429 -0.27020472288131714 0.015365933068096638 -2.4772119522094727
-0.2690308690071106 0.9631134271621704 0.005901877768337727 0.05977308005094528 -0.01770354062318802 0.0011817904887720942 -0.9998425245285034 -0.6764340996742249 -0.9629687666893005 -0.26909303665161133 0.01673264428973198 -2.478123664855957
-0.26898837089538574 0.9631204605102539 0.006643781904131174 0.05968005955219269 -0.01701052486896515 0.0021463772282004356 -0.9998529553413391 -0.6765938997268677 -0.9629931449890137 -0.2690619230270386 0.01580590009689331 -2.477385997772217
-0.2685036063194275 0.9632570147514343 0.006453565787523985 0.05991906300187111 -0.017688656225800514 0.0017680912278592587 -0.9998419284820557 -0.6768388748168945 -0.9631161689758301 -0.26857537031173706 0.01656404882669449 -2.4784257411956787
-0.2696070075035095 0.9629497528076172 0.00630557956174016 0.059806711971759796 -0.017452064901590347 0.0016610001912340522 -0.9998462796211243 -0.676500141620636 -0.9628121852874756 -0.26967567205429077 0.01635771058499813 -2.4774482250213623
-0.2688770294189453 0.9631549715995789 0.006120492238551378 0.05990070104598999 -0.017482172697782516 0.0014733283314853907 -0.9998460412025452 -0.6767510175704956 -0.9630157947540283 -0.2689426839351654 0.016441963613033295 -2.4779272079467773
-0.26868510246276855 0.9632042646408081 0.006761241238564253 0.05958094820380211 -0.017962578684091568 0.002007785253226757 -0.9998365640640259 -0.6765856146812439 -0.9630604982376099 -0.2687627375125885 0.01676223799586296 -2.477529764175415
-0.26912233233451843 0.9630817770957947 0.006823791190981865 0.06003196910023689 -0.017100036144256592 0.002305953996255994 -0.9998510479927063 -0.6765673756599426 -0.9629541039466858 -0.2691989839076996 0.01584821566939354 -2.4775257110595703
-0.2689763903617859 0.9631207585334778 0.007073360029608011 0.05997845157980919 -0.017795419320464134 0.002373244147747755 -0.9998387694358826 -0.6767795085906982 -0.9629822969436646 -0.2690589725971222 0.01650085672736168 -2.4786484241485596
-0.26921799778938293 0.9630568623542786 0.006561889313161373 0.059815552085638046 -0.017344562336802483 0.001964027062058449 -0.9998475909233093 -0.6764255166053772 -0.962922990322113 -0.26929086446762085 0.01617511361837387 -2.477456569671631
-0.26921531558036804 0.9630585312843323 0.006420696619898081 0.05958139896392822 -0.016231805086135864 0.002128670224919915 -0.9998659491539001 -0.6765878796577454 -0.9629431366920471 -0.2692835032939911 0.015059174038469791 -2.4765703678131104
-0.2696954607963562 0.9629226922988892 0.006644054315984249 0.059661637991666794 -0.01702078990638256 0.0021317342761904 -0.9998528361320496 -0.6772623062133789 -0.9627951383590698 -0.26976892352104187 0.015814851969480515 -2.4777402877807617
-0.2692050039768219 0.9630652666091919 0.005816678050905466 0.059629347175359726 -0.016194934025406837 0.0015120463212952018 -0.9998676776885986 -0.6770378351211548 -0.9629466533660889 -0.2692636549472809 0.015189793892204762 -2.4773266315460205
-0.2691324055194855 0.9630864262580872 0.0056732334196567535 0.05980515107512474 -0.0159290824085474 0.0014386291150003672 -0.9998720288276672 -0.6763883829116821 -0.9629713892936707 -0.26918837428092957 0.01495396625250578 -2.4772393703460693
-0.26880159974098206 0.9631808400154114 0.005311182700097561 0.059677403420209885 -0.016546187922358513 0.000895844423212111 -0.9998626708984375 -0.6769567728042603 -0.9630533456802368 -0.2688526213169098 0.01569623313844204 -2.4778239727020264
-0.26836809515953064 0.9632948637008667 0.0064347186125814915 0.05993602052330971 -0.017569532617926598 0.0017841487424448133 -0.9998440146446228 -0.6766436696052551 -0.9631561636924744 -0.2684393525123596 0.01644589938223362 -2.4778590202331543
