# 3x4 first row second row third row Freq: 250 current Time: 2020-10-01-15:37:56
0.3263112008571625 0.9439244270324707 -0.050274789333343506 -0.010156715288758278 -0.0640983134508133 -0.030967725440859795 -0.9974629282951355 -0.4757520258426666 -0.9430866241455078 0.3287058174610138 0.05039888992905617 -0.9380170106887817
0.3263275623321533 0.9439193606376648 -0.05026448145508766 -0.01012721098959446 -0.06408784538507462 -0.030959555879235268 -0.9974638819694519 -0.4758093059062958 -0.9430816173553467 0.3287212550640106 0.05039084330201149 -0.9378870129585266
0.3274482488632202 0.9434152245521545 -0.052394989877939224 -0.010955709964036942 -0.06408674269914627 -0.03314901515841484 -0.9973935484886169 -0.4753071665763855 -0.9426931738853455 0.32995256781578064 0.04960586875677109 -0.937671959400177
0.32744869589805603 0.9434149861335754 -0.052397385239601135 -0.010984116233885288 -0.06409476697444916 -0.033148713409900665 -0.9973930716514587 -0.47531336545944214 -0.9426925182342529 0.3299534022808075 0.04961349815130234 -0.9375845193862915
0.3271164000034332 0.9435683488845825 -0.05170675367116928 -0.010410401970148087 -0.06436184048652649 -0.0323437862098217 -0.9974023103713989 -0.47455915808677673 -0.9427896738052368 0.32959452271461487 0.05014965683221817 -0.9386211037635803
0.32711711525917053 0.9435693621635437 -0.05168280750513077 -0.010398656129837036 -0.0643419623374939 -0.032325379550457 -0.997404158115387 -0.47450703382492065 -0.9427907466888428 0.32959333062171936 0.05013696104288101 -0.938582718372345
0.32698941230773926 0.9436129331588745 -0.05169567093253136 -0.009971743449568748 -0.06447207182645798 -0.032300692051649094 -0.9973965883255005 -0.47404640913009644 -0.9428261518478394 0.32947099208831787 0.050274744629859924 -0.938703179359436
0.3268949091434479 0.9436797499656677 -0.05107051879167557 -0.010127234272658825 -0.06448543816804886 -0.031640589237213135 -0.9974168539047241 -0.4742477834224701 -0.9428580403327942 0.3293437659740448 0.05051049962639809 -0.9395315051078796
0.32633861899375916 0.9439113736152649 -0.050342317670583725 -0.01016745064407587 -0.06499938666820526 -0.030723413452506065 -0.9974121451377869 -0.47437646985054016 -0.943015456199646 0.3287662863731384 0.05132747069001198 -0.939912736415863
0.32590270042419434 0.9441112875938416 -0.0494089238345623 -0.010225591249763966 -0.0651196762919426 -0.029720488935709 -0.9974347352981567 -0.4746224284172058 -0.9431578516960144 0.3282841145992279 0.051794275641441345 -0.9402952194213867
0.3258916437625885 0.9441155791282654 -0.04940008372068405 -0.010219431482255459 -0.06511306017637253 -0.02971409447491169 -0.9974353313446045 -0.47459304332733154 -0.9431621432304382 0.32827240228652954 0.05179072171449661 -0.9403172731399536
0.32587894797325134 0.9441203474998474 -0.049392249435186386 -0.010212451219558716 -0.06509815901517868 -0.029711740091443062 -0.9974364042282104 -0.4745582044124603 -0.9431675672531128 0.32825884222984314 0.05177810788154602 -0.9403442144393921
0.32515639066696167 0.9444077014923096 -0.04865565523505211 -0.010363994166254997 -0.06549762189388275 -0.028836993500590324 -0.9974359273910522 -0.4750100076198578 -0.9433892965316772 0.32750943303108215 0.05247996374964714 -0.9404605627059937
0.3245757818222046 0.9446423053741455 -0.04797346517443657 -0.010227536782622337 -0.06549970805644989 -0.02815004624426365 -0.997455358505249 -0.47521501779556274 -0.9435890316963196 0.32689207792282104 0.05273701250553131 -0.9403535723686218
0.3263295292854309 0.9438633918762207 -0.05129191651940346 -0.010856498032808304 -0.06513761729001999 -0.031679168343544006 -0.9973732233047485 -0.4757046699523926 -0.9430090188980103 0.3288133442401886 0.051143206655979156 -0.938801646232605
0.32598939538002014 0.9439812302589417 -0.051286790519952774 -0.010539554059505463 -0.06565810739994049 -0.03151195868849754 -0.997344434261322 -0.4753290116786957 -0.943090558052063 0.32849106192588806 0.05170750245451927 -0.9399002194404602
0.3260038495063782 0.9439758658409119 -0.05129344388842583 -0.010540526360273361 -0.06567241996526718 -0.03151316940784454 -0.9973434209823608 -0.47534406185150146 -0.9430845975875854 0.32850632071495056 0.05171980708837509 -0.9398999214172363
0.3260384500026703 0.9440125823020935 -0.05038977786898613 -0.01014487911015749 -0.06544286012649536 -0.030636366456747055 -0.9973858594894409 -0.4749976396560669 -0.9430885910987854 0.3284837603569031 0.05179028958082199 -0.9406905770301819
0.32605627179145813 0.9440063238143921 -0.05039151385426521 -0.010120619088411331 -0.0654594898223877 -0.030631374567747116 -0.9973849058151245 -0.4749830961227417 -0.943081259727478 0.3285021483898163 0.05180666223168373 -0.9407204389572144
0.3253970146179199 0.9442946314811707 -0.04923836141824722 -0.010180331766605377 -0.0656135156750679 -0.02939806878566742 -0.9974119067192078 -0.47502627968788147 -0.9432982206344604 0.32778552174568176 0.052392490208148956 -0.9408062100410461
0.3267785906791687 0.943634569644928 -0.05262589827179909 -0.011050487868487835 -0.0658019632101059 -0.032831232994794846 -0.9972923994064331 -0.4758051037788391 -0.9428073763847351 0.3293566405773163 0.051364507526159286 -0.9396881461143494
0.3264419734477997 0.9437987804412842 -0.051762986928224564 -0.010287145152688026 -0.0658877044916153 -0.03190884366631508 -0.9973166584968567 -0.47513464093208313 -0.9429180026054382 0.3289765417575836 0.05176839604973793 -0.9403467774391174
0.3264688551425934 0.9437898397445679 -0.051757246255874634 -0.010263822041451931 -0.06587773561477661 -0.03190469741821289 -0.9973174333572388 -0.4751245379447937 -0.9429094195365906 0.3290026783943176 0.05175888538360596 -0.9403586387634277
0.3261624276638031 0.9439524412155151 -0.05071290582418442 -0.01016711164265871 -0.0657791718840599 -0.030853385105729103 -0.9973570108413696 -0.47492745518684387 -0.9430223107337952 0.32863619923591614 0.052029240876436234 -0.9407493472099304
0.32616060972213745 0.9439520835876465 -0.050731223076581955 -0.010144524276256561 -0.06579405069351196 -0.03086766228079796 -0.9973556399345398 -0.47490301728248596 -0.9430218935012817 0.32863590121269226 0.052038662135601044 -0.9407772421836853
0.32616952061653137 0.9439481496810913 -0.0507468543946743 -0.010117260739207268 -0.0657687783241272 -0.030892467126250267 -0.9973565340042114 -0.4748745858669281 -0.9430205821990967 0.3286448121070862 0.052006177604198456 -0.9408105611801147
0.3276565372943878 0.9433012008666992 -0.05314125120639801 -0.010868198238313198 -0.06571397930383682 -0.03335634618997574 -0.9972807765007019 -0.47535333037376404 -0.9425087571144104 0.3302576541900635 0.05105869099497795 -0.9397573471069336
0.32763633131980896 0.9433079361915588 -0.05314571037888527 -0.010971557348966599 -0.06570605933666229 -0.03336499631404877 -0.997281014919281 -0.47543245553970337 -0.9425163269042969 0.3302374482154846 0.051049504429101944 -0.939655601978302
0.3271164298057556 0.9435405731201172 -0.05221080780029297 -0.010272703133523464 -0.06572668999433517 -0.032399360090494156 -0.9973114728927612 -0.4749584496021271 -0.9426954984664917 0.3296685814857483 0.05141747370362282 -0.9401932954788208
0.3262702226638794 0.9438851475715637 -0.05126908794045448 -0.010310200974345207 -0.0659429281949997 -0.03137768432497978 -0.9973298907279968 -0.47506460547447205 -0.9429736137390137 0.32877981662750244 0.052004989236593246 -0.9403666853904724
0.3262729346752167 0.9438830614089966 -0.05128982663154602 -0.01029003132134676 -0.06592593342065811 -0.031405363231897354 -0.9973301291465759 -0.47505661845207214 -0.9429738521575928 0.3287831246852875 0.05197969824075699 -0.9403789043426514
0.3255639374256134 0.944167971611023 -0.05054561793804169 -0.010335208848118782 -0.06639906018972397 -0.030495967715978622 -0.9973269701004028 -0.47511589527130127 -0.9431856870651245 0.32804983854293823 0.052763525396585464 -0.940618097782135
0.32517948746681213 0.9443203806877136 -0.05017198622226715 -0.010342651978135109 -0.06657903641462326 -0.030061563476920128 -0.9973281621932983 -0.47505903244018555 -0.9433056116104126 0.3276509940624237 0.05309658125042915 -0.9405521154403687
0.3251207172870636 0.9443590641021729 -0.0498233363032341 -0.010279515758156776 -0.0663641169667244 -0.0297714751213789 -0.9973511695861816 -0.4752036929130554 -0.9433410167694092 0.3275659680366516 0.05299227684736252 -0.9407935738563538
0.3243827521800995 0.9446731209754944 -0.04866672679781914 -0.010468916036188602 -0.06665563583374023 -0.028493134304881096 -0.9973690509796143 -0.4754607081413269 -0.9435744881629944 0.32677319645881653 0.05372514948248863 -0.9409533739089966
0.32412829995155334 0.944809079170227 -0.047713786363601685 -0.01027640886604786 -0.06673314422369003 -0.0274756271392107 -0.9973924160003662 -0.47537925839424133 -0.9436564445495605 0.3264671862125397 0.054144490510225296 -0.9409890174865723
0.3241196870803833 0.9448133111000061 -0.04768827557563782 -0.010275866836309433 -0.06668466329574585 -0.02746598795056343 -0.997395932674408 -0.4753914773464203 -0.9436628222465515 0.326455682516098 0.0541023313999176 -0.9410175681114197
0.32410866022109985 0.9448156952857971 -0.04771540313959122 -0.010276464745402336 -0.06673974543809891 -0.02747623808681965 -0.9973919987678528 -0.47539564967155457 -0.943662703037262 0.32644787430763245 0.0541515126824379 -0.9410411715507507
0.3236059844493866 0.9450379610061646 -0.04671606048941612 -0.01034097746014595 -0.06701409816741943 -0.02635720744729042 -0.9974038004875183 -0.47532519698143005 -0.9438157677650452 0.3258964419364929 0.05480156093835831 -0.9409561157226562
0.3235374391078949 0.9450967907905579 -0.0459943525493145 -0.010243031196296215 -0.06692270934581757 -0.02563127875328064 -0.997428834438324 -0.4752712547779083 -0.9438457489013672 0.3257836103439331 0.05495580658316612 -0.9410166144371033
0.3234676718711853 0.9451736807823181 -0.044891607016325 -0.010218591429293156 -0.06654141843318939 -0.024603353813290596 -0.9974802136421204 -0.4752522110939026 -0.9438965916633606 0.3256397247314453 0.05493485555052757 -0.9408523440361023
0.32346290349960327 0.9451748728752136 -0.04490123316645622 -0.010249943472445011 -0.06652381271123886 -0.024619881063699722 -0.9974809885025024 -0.47525554895401 -0.9438995122909546 0.32563504576683044 0.05491305887699127 -0.9408832788467407
0.32525771856307983 0.9444440603256226 -0.0472516231238842 -0.010358032770454884 -0.06609450280666351 -0.027140896767377853 -0.9974440932273865 -0.4751542806625366 -0.9433127045631409 0.32754942774772644 0.053594816476106644 -0.9394869804382324
0.32559964060783386 0.9443019032478333 -0.047736264765262604 -0.010039270855486393 -0.06617176532745361 -0.027605421841144562 -0.9974262714385986 -0.475058913230896 -0.9431893229484558 0.3279203772544861 0.05349784716963768 -0.9401288628578186
0.32925280928611755 0.9426257610321045 -0.055219147354364395 -0.011008862406015396 -0.06611577421426773 -0.03532147780060768 -0.997186541557312 -0.4757501482963562 -0.9419242143630981 0.3319772779941559 0.050692781805992126 -0.9395875930786133
0.329242467880249 0.9426308870315552 -0.05519385263323784 -0.011018428951501846 -0.06612049043178558 -0.03529364615678787 -0.9971871972084045 -0.47578001022338867 -0.9419274926185608 0.33196577429771423 0.05070709437131882 -0.9395458698272705
0.3303302228450775 0.942173182964325 -0.05649413540959358 -0.010914218612015247 -0.06565316766500473 -0.03677315264940262 -0.9971646070480347 -0.47538942098617554 -0.941579282283783 0.33310258388519287 0.04970941320061684 -0.9391529560089111
0.32944050431251526 0.942522406578064 -0.05586082860827446 -0.010317076928913593 -0.06618468463420868 -0.035965364426374435 -0.997158944606781 -0.47494521737098694 -0.9418537616729736 0.33220162987709045 0.05053214356303215 -0.9398539662361145
0.32831183075904846 0.9430030584335327 -0.05437418818473816 -0.010046110488474369 -0.0661473423242569 -0.034470416605472565 -0.9972141981124878 -0.4746341407299042 -0.9422503709793091 0.3309938907623291 0.05106014385819435 -0.9401058554649353
0.32790607213974 0.9431913495063782 -0.05355038493871689 -0.010250790044665337 -0.06612706184387207 -0.03362976387143135 -0.9972442984580994 -0.47493281960487366 -0.9423930644989014 0.33054354786872864 0.05134310945868492 -0.9405698180198669
0.3268086016178131 0.9436404705047607 -0.05233258008956909 -0.01036832481622696 -0.06605034321546555 -0.03243273124098778 -0.9972890019416809 -0.475335031747818 -0.9427796006202698 0.3293791711330414 0.05172852799296379 -0.9407325983047485
0.32623693346977234 0.9438737630844116 -0.05168870463967323 -0.010292524471879005 -0.06603898108005524 -0.03178950771689415 -0.9973104596138 -0.475406676530838 -0.9429783821105957 0.3287729322910309 0.051961593329906464 -0.9406229853630066
0.32624274492263794 0.9438748359680176 -0.05163189768791199 -0.010276644490659237 -0.0659998208284378 -0.031742800027132034 -0.9973145723342896 -0.47534388303756714 -0.942979097366333 0.3287743031978607 0.05193975195288658 -0.9405623078346252
0.325752854347229 0.9441136717796326 -0.05034256726503372 -0.010386580601334572 -0.06626863032579422 -0.03031570091843605 -0.9973410964012146 -0.4752049446105957 -0.9431295990943909 0.3282228112220764 0.05268973484635353 -0.9408490061759949
0.327358603477478 0.9434290528297424 -0.05270585045218468 -0.010341543704271317 -0.06593767553567886 -0.03283485025167465 -0.9972832798957825 -0.4753097593784332 -0.9425966739654541 0.32994455099105835 0.05145879089832306 -0.9405944347381592
0.3269270658493042 0.9436360001564026 -0.05166906490921974 -0.010153681971132755 -0.06594286859035492 -0.03176215663552284 -0.9973176717758179 -0.4750921428203583 -0.942746102809906 0.3294573128223419 0.05184219777584076 -0.9408173561096191
0.32691800594329834 0.9436374306678772 -0.0517009012401104 -0.010123519226908684 -0.06593194603919983 -0.03180014714598656 -0.9973171949386597 -0.47506842017173767 -0.9427499771118164 0.3294496536254883 0.051819853484630585 -0.9408358335494995
0.3268605172634125 0.9436575174331665 -0.05169771984219551 -0.010105754248797894 -0.06590476632118225 -0.031809624284505844 -0.997318685054779 -0.4748937487602234 -0.9427717924118042 0.3293911814689636 0.05179425701498985 -0.9406497478485107
0.3255395293235779 0.9442284107208252 -0.04956429451704025 -0.010279811918735504 -0.06603419035673141 -0.029587727040052414 -0.9973785281181335 -0.47525256872177124 -0.9432197213172913 0.3279590308666229 0.05271942913532257 -0.9410074949264526
0.32538580894470215 0.9443102478981018 -0.049011487513780594 -0.010308225639164448 -0.06602863222360611 -0.029014848172664642 -0.9973957538604736 -0.4752247631549835 -0.94327312707901 0.3277745246887207 0.052910540252923965 -0.940819501876831
0.3272847533226013 0.9435219168663025 -0.05148845911026001 -0.010306504555046558 -0.06565326452255249 -0.03165178745985031 -0.9973403215408325 -0.4752272367477417 -0.9426421523094177 0.32979461550712585 0.05158618837594986 -0.9404240846633911
0.32726091146469116 0.9435286521911621 -0.05151565745472908 -0.010268027894198895 -0.06565793603658676 -0.031680282205343246 -0.997339129447937 -0.47519123554229736 -0.9426501393318176 0.3297724723815918 0.051582466810941696 -0.9404045343399048
0.32646670937538147 0.9438673853874207 -0.05033630132675171 -0.010102387517690659 -0.06589275598526001 -0.03039807453751564 -0.9973635077476501 -0.4749746322631836 -0.9429091215133667 0.32892274856567383 0.052270106971263885 -0.9406691789627075
0.32595404982566833 0.9440513849258423 -0.05020848289132118 -0.010316487401723862 -0.06623657792806625 -0.03017333336174488 -0.9973475933074951 -0.4751855134963989 -0.9430623650550842 0.3284150958061218 0.05269565433263779 -0.9406290054321289
0.3258345127105713 0.9441416263580322 -0.04927869513630867 -0.010129112750291824 -0.06585302203893661 -0.02933165803551674 -0.9973980784416199 -0.4750904142856598 -0.9431304931640625 0.3282318115234375 0.05261735990643501 -0.9410595297813416
0.325259804725647 0.9443555474281311 -0.04897548630833626 -0.010403460822999477 -0.06622481346130371 -0.02891615219414234 -0.997385561466217 -0.4752897322177887 -0.9433028697967529 0.32765278220176697 0.05313454940915108 -0.9408426880836487
0.32542961835861206 0.9442782998085022 -0.04933525249361992 -0.011084232479333878 -0.06360206007957458 -0.030197426676750183 -0.9975183010101318 -0.4755135178565979 -0.9434247612953186 0.3277598023414612 0.050230950117111206 -0.9381418228149414
0.32550549507141113 0.9442520141601562 -0.04933742806315422 -0.011168879456818104 -0.06367973983287811 -0.03016846254467964 -0.9975142478942871 -0.47570693492889404 -0.943393349647522 0.32783812284469604 0.050309766083955765 -0.9381735920906067
0.32501810789108276 0.9444054961204529 -0.049612388014793396 -0.010491760447621346 -0.06478710472583771 -0.03010210581123829 -0.9974449276924133 -0.4748549461364746 -0.9434859752655029 0.3274018466472626 0.05140161141753197 -0.9393218755722046
0.32434165477752686 0.9446412324905396 -0.049551378935575485 -0.010229644365608692 -0.06527137756347656 -0.029908938333392143 -0.9974191784858704 -0.47469720244407654 -0.9436853528022766 0.3267388343811035 0.05195736512541771 -0.9396079778671265
0.3241911828517914 0.9447202086448669 -0.04902815446257591 -0.01010071486234665 -0.06519793719053268 -0.02939067780971527 -0.9974393844604492 -0.47468292713165283 -0.9437421560287476 0.32655754685401917 0.0520656518638134 -0.9399508833885193
0.3240821659564972 0.9448149800300598 -0.0479092076420784 -0.01020741555839777 -0.06509853899478912 -0.0282500758767128 -0.9974788427352905 -0.4747646450996399 -0.9437864422798157 0.32638388872146606 0.05235077068209648 -0.9404367804527283
0.32393842935562134 0.9449086785316467 -0.047025520354509354 -0.010244852863252163 -0.06541690975427628 -0.02721557393670082 -0.9974867701530457 -0.47498399019241333 -0.9438138008117676 0.3262005150318146 0.05299687758088112 -0.9405512809753418
0.32391756772994995 0.9449148774147034 -0.04704508185386658 -0.010256459936499596 -0.06543409824371338 -0.027231520041823387 -0.9974852204322815 -0.47497743368148804 -0.9438197612762451 0.3261812925338745 0.05300892889499664 -0.9405979514122009
0.3238523602485657 0.9450011253356934 -0.04574376344680786 -0.010221127420663834 -0.06557717174291611 -0.0258123017847538 -0.9975135326385498 -0.4752260744571686 -0.9438322186470032 0.32604682445526123 0.05361116677522659 -0.9407778382301331
0.3238563537597656 0.9450003504753113 -0.045731522142887115 -0.010236299596726894 -0.06556405872106552 -0.025803670287132263 -0.9975146055221558 -0.47524163126945496 -0.943831741809845 0.3260497450828552 0.05360141396522522 -0.9408280849456787
0.3239632248878479 0.9449900388717651 -0.04518347978591919 -0.010225171223282814 -0.06557817757129669 -0.02521386742591858 -0.9975287914276123 -0.47537514567375183 -0.9437940716743469 0.3261256515979767 0.053802404552698135 -0.9409675598144531
0.32381153106689453 0.9450718760490417 -0.04455490782856941 -0.010202630423009396 -0.06561329960823059 -0.024547386914491653 -0.9975430965423584 -0.47536277770996094 -0.9438436627388 0.3259392976760864 0.05406060442328453 -0.9410020709037781
0.3259730637073517 0.9441581964492798 -0.04802937060594559 -0.01089054998010397 -0.06535325199365616 -0.028177620843052864 -0.9974642395973206 -0.47568652033805847 -0.9431173801422119 0.3282853066921234 0.052518703043460846 -0.9399160742759705
0.3259524405002594 0.944166362285614 -0.04800879955291748 -0.010984457097947598 -0.06535375118255615 -0.028156926855444908 -0.9974647760391235 -0.4757636487483978 -0.9431244730949402 0.3282635807991028 0.052527036517858505 -0.9398601055145264
0.327226847410202 0.9435872435569763 -0.05065175145864487 -0.010277263820171356 -0.06558482348918915 -0.030794667080044746 -0.9973716735839844 -0.47503843903541565 -0.9426670670509338 0.3296887278556824 0.051808204501867294 -0.9400898218154907
0.3272358179092407 0.9435840249061584 -0.05065418407320976 -0.010213566944003105 -0.06558696925640106 -0.03079596906900406 -0.99737149477005 -0.4749965965747833 -0.9426637887954712 0.3296978771686554 0.051809314638376236 -0.9400795102119446
0.3263865113258362 0.9439377188682556 -0.04953133687376976 -0.010062881745398045 -0.06567572802305222 -0.02962789312005043 -0.9974009990692139 -0.4748822748661041 -0.9429519772529602 0.32879120111465454 0.05232369899749756 -0.9403631687164307
0.32569071650505066 0.9442034363746643 -0.049044348299503326 -0.010123861953616142 -0.06592400372028351 -0.029067888855934143 -0.9974011182785034 -0.4750309884548187 -0.9431752562522888 0.32807743549346924 0.05277857184410095 -0.9402108788490295
0.32533928751945496 0.9443517327308655 -0.04851830378174782 -0.010155171155929565 -0.06592640280723572 -0.028532221913337708 -0.9974164366722107 -0.47511377930641174 -0.9432963132858276 0.3276973366737366 0.05297509953379631 -0.9401218891143799
0.32531484961509705 0.9443596601486206 -0.04852897673845291 -0.0101450951769948 -0.06592534482479095 -0.028545312583446503 -0.9974161386489868 -0.47511425614356995 -0.9433048367500305 0.3276735246181488 0.052971065044403076 -0.940120279788971
0.326800137758255 0.9436334371566772 -0.05251243710517883 -0.010847028344869614 -0.06586769223213196 -0.03268711641430855 -0.9972927570343018 -0.4755091071128845 -0.9427953362464905 0.3293742537498474 0.05147284269332886 -0.93877112865448
0.3262127637863159 0.9438790082931519 -0.051744867116212845 -0.010593862272799015 -0.06630748510360718 -0.03175664693117142 -0.9972937107086182 -0.47509557008743286 -0.9429678916931152 0.32876095175743103 0.05222686752676964 -0.9393999576568604
0.3277321755886078 0.9432530403137207 -0.05352800339460373 -0.01088075339794159 -0.06592757999897003 -0.033686041831970215 -0.9972555637359619 -0.4750382900238037 -0.9424675703048706 0.33036166429519653 0.051146432757377625 -0.9386770129203796
0.3277091383934021 0.9432620406150818 -0.053510501980781555 -0.010896614752709866 -0.06594149768352509 -0.03366398066282272 -0.9972553849220276 -0.47504445910453796 -0.9424746036529541 0.3303382396697998 0.05116816237568855 -0.9386277794837952
0.3277032971382141 0.9432628750801086 -0.05353203043341637 -0.010937248356640339 -0.0659598857164383 -0.03368063271045685 -0.9972535967826843 -0.4750516712665558 -0.9424753189086914 0.33033421635627747 0.05118029564619064 -0.9384956955909729
0.3285607397556305 0.9427322745323181 -0.05747676640748978 -0.011049016378819942 -0.06650416553020477 -0.037612006068229675 -0.9970769286155701 -0.4754794239997864 -0.9421384930610657 0.33142274618148804 0.050337836146354675 -0.9380509257316589
0.3280995786190033 0.9429711103439331 -0.056178998202085495 -0.010303979739546776 -0.06652502715587616 -0.03625841811299324 -0.9971256852149963 -0.4748523533344269 -0.9422976970672607 0.3308938145637512 0.05083484947681427 -0.939662516117096
0.32812145352363586 0.9429629445075989 -0.05618826299905777 -0.01026386208832264 -0.06651470065116882 -0.036270592361688614 -0.9971259236335754 -0.47482919692993164 -0.9422908425331116 0.3309157192707062 0.05081978440284729 -0.939662754535675
0.3281205892562866 0.942965030670166 -0.05615825578570366 -0.010175365954637527 -0.06654836237430573 -0.036227092146873474 -0.9971252679824829 -0.4747917950153351 -0.9422887563705444 0.33091452717781067 0.05086596682667732 -0.9396617412567139
0.3287216126918793 0.9426734447479248 -0.057522308081388474 -0.010364335961639881 -0.06598719954490662 -0.03783303126692772 -0.9971029162406921 -0.4749908447265625 -0.942118763923645 0.3315649926662445 0.04976788908243179 -0.9397290349006653
0.3287305533885956 0.9426710605621338 -0.057509906589984894 -0.010319187305867672 -0.06596776098012924 -0.037826258689165115 -0.9971044659614563 -0.4749804139137268 -0.9421169757843018 0.3315724730491638 0.049751292914152145 -0.9397228956222534
0.32874029874801636 0.9426677227020264 -0.05750912427902222 -0.010286450386047363 -0.0659712702035904 -0.03782365098595619 -0.9971043467521667 -0.47497209906578064 -0.9421133399009705 0.33158227801322937 0.04975486919283867 -0.9397187232971191
0.328467458486557 0.9428393244743347 -0.056241169571876526 -0.010309930890798569 -0.06579925119876862 -0.03655834496021271 -0.9971628785133362 -0.4750058352947235 -0.9422205090522766 0.3312361538410187 0.0500299371778965 -0.9403257966041565
0.32714441418647766 0.9434414505958557 -0.053802553564310074 -0.01038642879575491 -0.0656537264585495 -0.034105777740478516 -0.9972593784332275 -0.47521182894706726 -0.9426908493041992 0.32978013157844543 0.05078297108411789 -0.940864086151123
0.32711589336395264 0.9434816241264343 -0.0532684251666069 -0.010399349965155125 -0.06547544151544571 -0.033605169504880905 -0.9972881078720093 -0.4753037095069885 -0.9427131414413452 0.3297165334224701 0.05078212916851044 -0.9411747455596924
0.32711586356163025 0.9434816241264343 -0.05326902121305466 -0.010397788137197495 -0.0654742419719696 -0.03360622003674507 -0.997288167476654 -0.47530391812324524 -0.9427132606506348 0.3297165036201477 0.050780657678842545 -0.941180408000946
0.32710862159729004 0.943483829498291 -0.053274545818567276 -0.01038471981883049 -0.06547390669584274 -0.03361258655786514 -0.997287929058075 -0.47530463337898254 -0.9427157640457153 0.32970955967903137 0.050778649747371674 -0.941213071346283
0.32675984501838684 0.9436643123626709 -0.05220741033554077 -0.010379550978541374 -0.06538774073123932 -0.03253471106290817 -0.9973293542861938 -0.4754101037979126 -0.9428427219390869 0.3293008506298065 0.05107308179140091 -0.9413842558860779
0.32608720660209656 0.9439870715141296 -0.05055161938071251 -0.01029703114181757 -0.06510881334543228 -0.030920900404453278 -0.9973989129066467 -0.47547608613967896 -0.9430948495864868 0.32853037118911743 0.0513790100812912 -0.9411171078681946
0.3260769248008728 0.9439923167228699 -0.05051989108324051 -0.01029099989682436 -0.06510338187217712 -0.030889863148331642 -0.9974002242088318 -0.4754858613014221 -0.943098783493042 0.32851818203926086 0.051384665071964264 -0.9411267042160034
0.3260324001312256 0.9440069794654846 -0.05053367465734482 -0.01027910690754652 -0.06514393538236618 -0.030892862007021904 -0.9973974823951721 -0.47549861669540405 -0.9431113600730896 0.32847583293914795 0.0514242984354496 -0.9411418437957764
0.32609885931015015 0.944002628326416 -0.05018410086631775 -0.010143861174583435 -0.06477690488100052 -0.030647533014416695 -0.9974289536476135 -0.47539761662483215 -0.9431136846542358 0.32851120829582214 0.05115548521280289 -0.9410459995269775
0.3258454501628876 0.9441429376602173 -0.049181558191776276 -0.010461862199008465 -0.06513190269470215 -0.02947935461997986 -0.9974410533905029 -0.475416898727417 -0.943176805973053 0.3282148838043213 0.05188814923167229 -0.9410699605941772
0.325249582529068 0.9443923830986023 -0.04832903668284416 -0.0102938087657094 -0.0654604360461235 -0.028499461710453033 -0.9974480271339417 -0.4753304719924927 -0.9433597326278687 0.3275831639766693 0.052550941705703735 -0.9407422542572021
0.3252480924129486 0.9443944692611694 -0.04829731211066246 -0.010295979678630829 -0.06540616601705551 -0.02848488837480545 -0.9974520206451416 -0.47533488273620605 -0.9433640241622925 0.32757827639579773 0.052504610270261765 -0.9407438039779663
0.32526063919067383 0.9443860054016113 -0.04837867617607117 -0.010298497043550014 -0.0654410645365715 -0.028557967394590378 -0.997447669506073 -0.4753378927707672 -0.9433572292327881 0.32759636640548706 0.05251288414001465 -0.9407446384429932
0.3270038664340973 0.9436195492744446 -0.051483288407325745 -0.010325382463634014 -0.06544233113527298 -0.03173629567027092 -0.9973514676094055 -0.47538599371910095 -0.942754328250885 0.32950693368911743 0.05137481540441513 -0.9399575591087341
0.3264499008655548 0.9439018368721008 -0.04979610815644264 -0.010172154754400253 -0.0653192475438118 -0.03002827800810337 -0.9974124431610107 -0.4750489890575409 -0.9429548382759094 0.32885780930519104 0.0518522709608078 -0.940712034702301
0.32646963000297546 0.9438937902450562 -0.049819860607385635 -0.01015174575150013 -0.06534964591264725 -0.03004162572324276 -0.9974100589752197 -0.4750235676765442 -0.9429458975791931 0.32887977361679077 0.05187549069523811 -0.9407225251197815
0.32883620262145996 0.9428693652153015 -0.05351647734642029 -0.011068880558013916 -0.0650290921330452 -0.03392660617828369 -0.9973064064979553 -0.4756585657596588 -0.9421453475952148 0.3314305543899536 0.05015768110752106 -0.939885139465332
0.3278256356716156 0.9432753324508667 -0.0525539293885231 -0.010335737839341164 -0.06520809978246689 -0.0329030342400074 -0.9973289966583252 -0.4751783013343811 -0.9424850940704346 0.33037692308425903 0.05072277784347534 -0.9403844475746155
0.32781845331192017 0.9432780146598816 -0.05255010724067688 -0.010312946513295174 -0.06521143764257431 -0.03289823234081268 -0.9973289370536804 -0.4751634895801544 -0.942487359046936 0.3303696811199188 0.050727907568216324 -0.9403759241104126
0.32692790031433105 0.9436383247375488 -0.05162138491868973 -0.010317405685782433 -0.0655846819281578 -0.03183688595890999 -0.9973389506340027 -0.4750882387161255 -0.942770779132843 0.32944345474243164 0.051479898393154144 -0.940491259098053
0.32689982652664185 0.9436469078063965 -0.051641907542943954 -0.010260396637022495 -0.06561252474784851 -0.03185046836733818 -0.9973366856575012 -0.47507309913635254 -0.9427785873413086 0.32941749691963196 0.05150318518280983 -0.9406049251556396
0.3257914185523987 0.9441112875938416 -0.05013681948184967 -0.010203910060226917 -0.06568774580955505 -0.03029824234545231 -0.9973800778388977 -0.4750027656555176 -0.943156898021698 0.32823121547698975 0.05214567855000496 -0.9406870603561401
0.32561194896698 0.9441917538642883 -0.049786292016506195 -0.010242195799946785 -0.06549413502216339 -0.03000577725470066 -0.9974016547203064 -0.47520095109939575 -0.9432323575019836 0.32802656292915344 0.05206882581114769 -0.9411375522613525
0.32564881443977356 0.9441794753074646 -0.04977840930223465 -0.010226302780210972 -0.06547806411981583 -0.03000088781118393 -0.9974028468132019 -0.4751795828342438 -0.9432207345962524 0.32806241512298584 0.052053336054086685 -0.9411912560462952
0.3256821036338806 0.9441875219345093 -0.04940646514296532 -0.010285923257470131 -0.06547682732343674 -0.029606465250253677 -0.9974147081375122 -0.4753322899341583 -0.9432093501091003 0.3280750513076782 0.052180152386426926 -0.9414780139923096
0.3256969451904297 0.9441825151443481 -0.04940475523471832 -0.010283973067998886 -0.06549271941184998 -0.029598264023661613 -0.9974139332771301 -0.47532716393470764 -0.9432031512260437 0.32809028029441833 0.052197061479091644 -0.9415068030357361
0.32569533586502075 0.9441827535629272 -0.04941094294190407 -0.010284114629030228 -0.06547556817531586 -0.029610859230160713 -0.9974146485328674 -0.4753216803073883 -0.9432048797607422 0.3280884921550751 0.0521768257021904 -0.9415389895439148
0.3256908357143402 0.9441863894462585 -0.04937033727765083 -0.010332639329135418 -0.06549850106239319 -0.029560253024101257 -0.9974146485328674 -0.47528356313705444 -0.9432048201560974 0.32808247208595276 0.0522153303027153 -0.9414992928504944
0.32569319009780884 0.9441844820976257 -0.049391746520996094 -0.010351180098950863 -0.06549539417028427 -0.02958381175994873 -0.9974141716957092 -0.47525522112846375 -0.9432042241096497 0.32808589935302734 0.05220453068614006 -0.9415876865386963
0.3284631669521332 0.9428577423095703 -0.055956482887268066 -0.010749051347374916 -0.06602456420660019 -0.03617829084396362 -0.997161865234375 -0.4756740927696228 -0.9422062635421753 0.3312253952026367 0.05036858096718788 -0.9391081929206848
0.3284624218940735 0.942858099937439 -0.05595505237579346 -0.010746673680841923 -0.06602318584918976 -0.03617730736732483 -0.9971619844436646 -0.47567856311798096 -0.942206621170044 0.3312245309352875 0.050367649644613266 -0.9390953183174133
0.3284461498260498 0.9429183602333069 -0.05502752959728241 -0.010428807698190212 -0.06582173705101013 -0.03526810184121132 -0.9972078800201416 -0.4753050208091736 -0.9422263503074646 0.3311510682106018 0.05048089474439621 -0.9398266673088074
0.32841941714286804 0.9429275989532471 -0.05502903461456299 -0.010386081412434578 -0.06582096964120865 -0.035271476954221725 -0.9972078204154968 -0.47529059648513794 -0.9422357678413391 0.3311244249343872 0.050480615347623825 -0.9397947788238525
0.32721012830734253 0.943402111530304 -0.0540911927819252 -0.010200311429798603 -0.06640090048313141 -0.03414567559957504 -0.9972085356712341 -0.47497671842575073 -0.9426156878471375 0.32988840341567993 0.05146997794508934 -0.9403854012489319
0.3281131684780121 0.9430651068687439 -0.054496798664331436 -0.010940078645944595 -0.06532073020935059 -0.03490161523222923 -0.9972537159919739 -0.47536590695381165 -0.9423772692680359 0.330771803855896 0.050150066614151 -0.9395594000816345
0.3281153440475464 0.9430650472640991 -0.054484158754348755 -0.01095552183687687 -0.06531974673271179 -0.03488847240805626 -0.9972542524337769 -0.4753708839416504 -0.9423765540122986 0.330773264169693 0.05015336722135544 -0.9395354986190796
0.3271482288837433 0.943508505821228 -0.05258910357952118 -0.01018606312572956 -0.06525654345750809 -0.03296181932091713 -0.9973239302635193 -0.47498688101768494 -0.9427170753479004 0.32970449328422546 0.05078674480319023 -0.9406629204750061
0.32635340094566345 0.9438570141792297 -0.05125761404633522 -0.010292298160493374 -0.06551552563905716 -0.03150976821780205 -0.9973538517951965 -0.47506847977638245 -0.9429746270179749 0.3288479745388031 0.051554013043642044 -0.940826952457428
0.32620158791542053 0.9439563751220703 -0.050386544317007065 -0.01016690768301487 -0.06508370488882065 -0.030748644843697548 -0.9974058866500854 -0.47511255741119385 -0.9430570006370544 0.32863470911979675 0.05140596255660057 -0.9413169622421265
0.3257184326648712 0.9441474676132202 -0.04992951080203056 -0.010256830602884293 -0.06526535004377365 -0.030230458825826645 -0.9974098801612854 -0.47535884380340576 -0.9432114362716675 0.32813340425491333 0.051773540675640106 -0.9410325288772583
0.3251207768917084 0.9444155097007751 -0.04874129220843315 -0.010327701456844807 -0.06544595956802368 -0.028947465121746063 -0.9974361062049866 -0.47541695833206177 -0.9434051513671875 0.3274770677089691 0.05239680036902428 -0.941089928150177
0.3250998556613922 0.9444203972816467 -0.048786282539367676 -0.010337438434362411 -0.0654454380273819 -0.028996385633945465 -0.997434675693512 -0.47543105483055115 -0.9434123635292053 0.3274586796760559 0.052381329238414764 -0.9411107897758484
0.3264128267765045 0.943805456161499 -0.05182484909892082 -0.010471515357494354 -0.06552975624799728 -0.032100774347782135 -0.9973340630531311 -0.47557327151298523 -0.9429530501365662 0.32893869280815125 0.05136927589774132 -0.9406346082687378
0.3260499835014343 0.9439496397972107 -0.051481690257787704 -0.010479052551090717 -0.06563226878643036 -0.031723376363515854 -0.9973394274711609 -0.4755408465862274 -0.9430714249610901 0.32856133580207825 0.05161019042134285 -0.9409357309341431
0.3260461688041687 0.9439519643783569 -0.05146343633532524 -0.01047324389219284 -0.0656370148062706 -0.03170266002416611 -0.9973397850990295 -0.47554656863212585 -0.9430724382400513 0.32855668663978577 0.0516216978430748 -0.940948486328125
0.32824790477752686 0.9429866671562195 -0.05504012852907181 -0.011095226742327213 -0.06533750891685486 -0.035462722182273865 -0.9972327947616577 -0.4759919345378876 -0.9423291683197021 0.3309357166290283 0.04997187480330467 -0.9403480887413025
0.32936495542526245 0.9425004124641418 -0.05667169392108917 -0.010873861610889435 -0.06525488197803497 -0.0371553860604763 -0.9971765875816345 -0.4756537675857544 -0.9419450163841248 0.33213308453559875 0.04926510900259018 -0.9398857951164246
0.3305594027042389 0.9419428110122681 -0.05894163250923157 -0.010973910801112652 -0.06473111361265182 -0.039677537977695465 -0.9971135854721069 -0.47581496834754944 -0.9415627121925354 0.3334205746650696 0.047857265919446945 -0.9399986863136292
0.3305831849575043 0.9419345855712891 -0.05893956497311592 -0.010959352366626263 -0.06472603231668472 -0.03967587277293205 -0.9971139430999756 -0.475828617811203 -0.9415546655654907 0.3334439992904663 0.0478515550494194 -0.939946174621582
0.3292662501335144 0.9424777030944824 -0.05761449411511421 -0.01029299572110176 -0.06517919898033142 -0.0381849966943264 -0.9971426725387573 -0.4750862121582031 -0.9419847726821899 0.3320806622505188 0.0488569512963295 -0.9403247833251953
0.3287179470062256 0.9427100419998169 -0.056940820068120956 -0.010242361575365067 -0.06543834507465363 -0.03741130977869034 -0.9971550107002258 -0.475116491317749 -0.9421582818031311 0.3315088152885437 0.04939165338873863 -0.9402978420257568
0.32764190435409546 0.9431867003440857 -0.055222347378730774 -0.010215717367827892 -0.06499359011650085 -0.03580990061163902 -0.9972428679466248 -0.47501203417778015 -0.9425638318061829 0.3303276002407074 0.049568310379981995 -0.9408998489379883
0.3276379406452179 0.9431881308555603 -0.05522182211279869 -0.01018285471946001 -0.06499093770980835 -0.03581049293279648 -0.9972430467605591 -0.47497934103012085 -0.942565381526947 0.33032354712486267 0.04956584796309471 -0.940906822681427
0.32765406370162964 0.9431809186935425 -0.055249568074941635 -0.010148108005523682 -0.06499527394771576 -0.035837411880493164 -0.9972417950630188 -0.4749404788017273 -0.9425594806671143 0.33034124970436096 0.0495600700378418 -0.9409146308898926
0.3276003301143646 0.9432693719863892 -0.05404436215758324 -0.010137242265045643 -0.06438655406236649 -0.03477940335869789 -0.9973187446594238 -0.47489774227142334 -0.9426199197769165 0.3302016258239746 0.04934016615152359 -0.9412830471992493
0.3257436156272888 0.9440485239028931 -0.05160820484161377 -0.010370136238634586 -0.06478507816791534 -0.03216958045959473 -0.9973804950714111 -0.4753759801387787 -0.9432358741760254 0.3282337486743927 0.05068126320838928 -0.9409556984901428
0.32574939727783203 0.944047212600708 -0.051595211029052734 -0.01036735437810421 -0.0647425577044487 -0.03217031806707382 -0.9973832368850708 -0.4753865599632263 -0.943236768245697 0.328237384557724 0.050640616565942764 -0.9409580230712891
0.3252139687538147 0.9442744255065918 -0.05080908164381981 -0.010358462110161781 -0.06496674567461014 -0.031292449682950974 -0.9973965883255005 -0.4752921760082245 -0.9434061050415039 0.3276681900024414 0.0511697381734848 -0.940719723701477
0.32674741744995117 0.9436162710189819 -0.05314454436302185 -0.010842032730579376 -0.06464383751153946 -0.033785685896873474 -0.9973362684249878 -0.47554224729537964 -0.9428983330726624 0.3293124735355377 0.049959637224674225 -0.9400618076324463
0.3267444968223572 0.9436465501785278 -0.0526229552924633 -0.010917137376964092 -0.06450483947992325 -0.033283110707998276 -0.9973621368408203 -0.4756765365600586 -0.9429088234901428 0.329276978969574 0.04999473690986633 -0.9401922821998596
0.3262091279029846 0.9438836574554443 -0.05168324336409569 -0.010535958223044872 -0.06468768417835236 -0.032256387174129486 -0.9973840117454529 -0.475391685962677 -0.9430816769599915 0.328698992729187 0.05053536221385002 -0.9406393766403198
0.3275603652000427 0.9432968497276306 -0.05380721390247345 -0.010797100141644478 -0.06433630734682083 -0.03454848378896713 -0.9973300099372864 -0.4755997061729431 -0.9426372647285461 0.33014747500419617 0.04937156289815903 -0.9398865103721619
0.3270877003669739 0.943472683429718 -0.053599290549755096 -0.01029819156974554 -0.06443142145872116 -0.034321606159210205 -0.9973316788673401 -0.4751889407634735 -0.9427948594093323 0.3296683728694916 0.049563150852918625 -0.9401902556419373
0.32708078622817993 0.9434771537780762 -0.053562358021736145 -0.010244423523545265 -0.06442087143659592 -0.03428663685917854 -0.9973335862159729 -0.4751717150211334 -0.9427979588508606 0.3296591341495514 0.04956516623497009 -0.9401552677154541
0.32621893286705017 0.9438715577125549 -0.051842570304870605 -0.010197753086686134 -0.06468436866998672 -0.032425347715616226 -0.9973787665367126 -0.4750407040119171 -0.9430785179138184 0.3287172019481659 0.050476014614105225 -0.9403312802314758
