# 3x4 first row second row third row Freq: 250 current Time: 2020-10-01-15:40:15
0.09011361002922058 0.9959313869476318 0.0004143068799749017 1.5688037872314453 -0.0558287538588047 0.005466832313686609 -0.9984253644943237 -0.5194066762924194 -0.9943654537200928 0.08994857966899872 0.056094251573085785 -0.8789429068565369
0.0899268314242363 0.9959481358528137 0.0006455840775743127 1.56914484500885 -0.05701657384634018 0.005795329809188843 -0.9983564019203186 -0.5186183452606201 -0.994314968585968 0.08974221348762512 0.05730671435594559 -0.8787200450897217
0.08984299749135971 0.9959558248519897 0.000446915568318218 1.5690336227416992 -0.057024065405130386 0.005592014640569687 -0.9983571171760559 -0.5188101530075073 -0.9943221211433411 0.08966990560293198 0.05729585886001587 -0.8786821365356445
0.08994541317224503 0.9959466457366943 -0.00027082188171334565 1.5691287517547607 -0.05953944846987724 0.00510566309094429 -0.9982128739356995 -0.520039975643158 -0.9941654205322266 0.08980078995227814 0.059757351875305176 -0.8792623281478882
0.08930782973766327 0.9960039854049683 -0.0003221870865672827 1.5693395137786865 -0.061559148132801056 0.005196914542466402 -0.9980899095535278 -0.5194079875946045 -0.9940998554229736 0.08915707468986511 0.06177728995680809 -0.8788428902626038
0.0903463289141655 0.9959101676940918 0.0006445030448958278 1.5689079761505127 -0.0600224994122982 0.006091058254241943 -0.9981784224510193 -0.5206615924835205 -0.994100034236908 0.09014306217432022 0.060327332466840744 -0.8790011405944824
0.09032293409109116 0.9959123134613037 0.0006491660024039447 1.5688838958740234 -0.06004612147808075 0.00609645014628768 -0.9981769919395447 -0.5207741856575012 -0.9941006898880005 0.09011928737163544 0.06035132706165314 -0.8790108561515808
0.09081047028303146 0.9958674907684326 0.0011820945655927062 1.5688692331314087 -0.06003526970744133 0.00665929215028882 -0.9981740117073059 -0.520695686340332 -0.9940569400787354 0.09057368338108063 0.06039191409945488 -0.8793671727180481
0.0906454399228096 0.9958826303482056 0.0010983714601024985 1.5687601566314697 -0.05993116274476051 0.006555858068168163 -0.9981809854507446 -0.5205375552177429 -0.9940782785415649 0.09041471779346466 0.060278668999671936 -0.8793347477912903
0.09015720337629318 0.9959272742271423 0.0007466752431355417 1.5688327550888062 -0.06104790419340134 0.006274736486375332 -0.9981151223182678 -0.5196287035942078 -0.9940547347068787 0.08994167298078537 0.06136498972773552 -0.8793445825576782
0.08913425356149673 0.9960185885429382 0.0014119443949311972 1.5689070224761963 -0.05998464301228523 0.006783066783100367 -0.9981762766838074 -0.5206754207611084 -0.994211733341217 0.08888699114322662 0.06035042926669121 -0.878747284412384
0.08894254267215729 0.9960355162620544 0.001585562014952302 1.5688660144805908 -0.05987013503909111 0.006935181096196175 -0.9981820583343506 -0.5204892754554749 -0.9942357540130615 0.08868591487407684 0.06024961546063423 -0.8786839842796326
0.0899663195014 0.9959443807601929 0.0009380443370901048 1.568888545036316 -0.05875718221068382 0.006247917655855417 -0.9982527494430542 -0.5196319818496704 -0.9942100644111633 0.08975400775671005 0.05908099189400673 -0.8793473243713379
0.08995530009269714 0.9959453344345093 0.0009512595133855939 1.5688878297805786 -0.05875055491924286 0.0062599084340035915 -0.9982530474662781 -0.5196191072463989 -0.9942114353179932 0.0897422581911087 0.05907545983791351 -0.8793798685073853
0.09056435525417328 0.9958903789520264 0.00070335459895432 1.5686930418014526 -0.05852435529232025 0.006027131341397762 -0.9982677698135376 -0.519652247428894 -0.9941694736480713 0.09036630392074585 0.05882968753576279 -0.8796913027763367
0.0904783084988594 0.9958982467651367 0.0005491158226504922 1.5686064958572388 -0.058507196605205536 0.005865863524377346 -0.9982697367668152 -0.519643247127533 -0.9941783547401428 0.0902896299958229 0.05879795551300049 -0.8797901272773743
0.09070663899183273 0.9958775043487549 0.0005897702067159116 1.5689246654510498 -0.05793171375989914 0.005867755971848965 -0.9983032941818237 -0.5195498466491699 -0.9941912293434143 0.09051856398582458 0.05822513997554779 -0.8793644309043884
0.09054943174123764 0.9958919286727905 0.00031893645063973963 1.5688906908035278 -0.057954542338848114 0.005589112173765898 -0.9983035922050476 -0.5195938944816589 -0.9942042231559753 0.0903773307800293 0.058222558349370956 -0.8793649673461914
0.09116248041391373 0.9958359599113464 -0.00032084653503261507 1.5690687894821167 -0.05584646016359329 0.004790713544934988 -0.9984278678894043 -0.519269585609436 -0.9942688345909119 0.0910370722413063 0.05605065077543259 -0.8791844248771667
0.09150345623493195 0.9958046078681946 0.0005385286640375853 1.5688362121582031 -0.0558277927339077 0.005669908598065376 -0.9984242916107178 -0.5201067328453064 -0.9942386150360107 0.09132920205593109 0.056112393736839294 -0.8792415261268616
0.09124266356229782 0.99582839012146 0.0007856505690142512 1.5688730478286743 -0.056288812309503555 0.005945138167589903 -0.9983968138694763 -0.5200063586235046 -0.9942365884780884 0.09105215221643448 0.05659645050764084 -0.8791059851646423
0.09177093207836151 0.9957801103591919 -0.00026790195261128247 1.5689117908477783 -0.054536785930395126 0.004757472779601812 -0.998500406742096 -0.5207439661026001 -0.9942855834960938 0.0916479229927063 0.05474324896931648 -0.8791653513908386
0.09173738211393356 0.9957831501960754 -0.0004378588346298784 1.5689302682876587 -0.054543934762477875 0.004585858900099993 -0.9985008239746094 -0.5207222104072571 -0.9942882657051086 0.09162373095750809 0.05473462864756584 -0.8791624903678894
0.09186800569295883 0.9957711696624756 -1.0701655810407829e-06 1.5688378810882568 -0.05390594154596329 0.004972194787114859 -0.9985336065292358 -0.5211030840873718 -0.9943110346794128 0.09173335134983063 0.05413477495312691 -0.8789288997650146
0.09185759723186493 0.9957712292671204 0.0013697624672204256 1.568551778793335 -0.05500072240829468 0.006447163876146078 -0.9984654784202576 -0.5214929580688477 -0.9942520260810852 0.09164129942655563 0.05536036193370819 -0.8790459632873535
0.09187929332256317 0.9957692623138428 0.0013438788009807467 1.5685337781906128 -0.05500178039073944 0.006422519218176603 -0.9984655976295471 -0.5215792059898376 -0.9942499399185181 0.0916643962264061 0.05535918101668358 -0.8790434002876282
0.08959232270717621 0.9959773421287537 0.00151329324580729 1.568260669708252 -0.057021066546440125 0.006646187510341406 -0.9983508586883545 -0.5207479596138 -0.9943448901176453 0.08935827761888504 0.05738714337348938 -0.879736602306366
0.08965937048196793 0.9959723949432373 0.0004099142097402364 1.5688321590423584 -0.05679498612880707 0.005523701664060354 -0.9983705878257751 -0.5194006562232971 -0.9943518042564392 0.08948998898267746 0.05706149712204933 -0.8792861700057983
0.08967597782611847 0.9959709048271179 0.0004405779764056206 1.5688294172286987 -0.05680694803595543 0.0055564711801707745 -0.9983696937561035 -0.5193828344345093 -0.9943495988845825 0.08950474113225937 0.0570763535797596 -0.8793043494224548
0.08962811529636383 0.9959750175476074 0.0007063152152113616 1.5691519975662231 -0.05758301913738251 0.005889900494366884 -0.9983233213424683 -0.5189542770385742 -0.9943093061447144 0.08943716436624527 0.05787915736436844 -0.8788607120513916
0.08961465209722519 0.9959763288497925 0.0005596989649347961 1.5690866708755493 -0.057558368891477585 0.005739935673773289 -0.9983256459236145 -0.5191079378128052 -0.9943119287490845 0.08943238109350204 0.05784115940332413 -0.8788421750068665
0.08906624466180801 0.9960254430770874 0.0007049086270853877 1.5692417621612549 -0.05868953838944435 0.00595461018383503 -0.9982585310935974 -0.5187321901321411 -0.9942951202392578 0.08886976540088654 0.05898663401603699 -0.8787288069725037
0.08928065747022629 0.9960060119628906 0.0009880951838567853 1.568906307220459 -0.05896338075399399 0.006275716237723827 -0.9982404112815857 -0.5195920467376709 -0.9942596554756165 0.08906529098749161 0.05928818881511688 -0.8790984153747559
0.08929267525672913 0.9960049390792847 0.0009894889080896974 1.5688939094543457 -0.05896192416548729 0.00627770135179162 -0.9982404708862305 -0.5196087956428528 -0.9942586421966553 0.08907721936702728 0.059286925941705704 -0.8791108131408691
0.09007357805967331 0.9959345459938049 0.0010394438868388534 1.5689001083374023 -0.05793134495615959 0.006281302776187658 -0.9983007907867432 -0.5208585262298584 -0.9942488074302673 0.08986029773950577 0.05826161429286003 -0.8787747621536255
0.09008964151144028 0.9959331154823303 0.0010340104345232248 1.5688961744308472 -0.057909782975912094 0.006274850573390722 -0.9983021020889282 -0.5209519267082214 -0.994248628616333 0.08987679332494736 0.05823957547545433 -0.8787709474563599
0.08981288969516754 0.9959577322006226 0.0013369172811508179 1.5687330961227417 -0.05874935910105705 0.006637865211814642 -0.9982506632804871 -0.5206925868988037 -0.9942243695259094 0.08957722783088684 0.05910804867744446 -0.8793312907218933
0.08981697261333466 0.9959573745727539 0.0013287450419738889 1.5687212944030762 -0.05873630568385124 0.006628741510212421 -0.9982514977455139 -0.5207535624504089 -0.9942247867584229 0.08958188444375992 0.05909423530101776 -0.8793743848800659
0.08850356191396713 0.996074378490448 0.0017007245915010571 1.569022536277771 -0.05468820035457611 0.006564015988260508 -0.9984818696975708 -0.5202513933181763 -0.9945734143257141 0.08827619254589081 0.05505445972084999 -0.878405749797821
0.08960361033678055 0.9959771037101746 0.0008649699157103896 1.568688154220581 -0.05463316664099693 0.005782259162515402 -0.9984897375106812 -0.5193842053413391 -0.9944779276847839 0.08942102640867233 0.05493149906396866 -0.8791794180870056
0.089169442653656 0.9960164427757263 -0.00031370625947602093 1.5689836740493774 -0.053739603608846664 0.004496598616242409 -0.9985448718070984 -0.5190426111221313 -0.9945656657218933 0.08905653655529022 0.0539264902472496 -0.8781275153160095
0.089092917740345 0.9960231781005859 -0.0005031888140365481 1.569136619567871 -0.053767599165439606 0.004304981324821711 -0.9985442161560059 -0.5190823078155518 -0.9945710301399231 0.08899026364088058 0.05393732339143753 -0.8781137466430664
0.08916860818862915 0.9960165023803711 0.0001848796964623034 1.568637490272522 -0.05529610812664032 0.005135734565556049 -0.9984567761421204 -0.5189883708953857 -0.9944804310798645 0.08902077376842499 0.05553378909826279 -0.8790538907051086
0.08913485705852509 0.9960195422172546 0.0001961820962605998 1.568666696548462 -0.055280666798353195 0.005143793765455484 -0.9984576106071472 -0.5189695954322815 -0.9944843053817749 0.08898652344942093 0.05551912263035774 -0.8791334629058838
0.08869191259145737 0.9960590600967407 0.00017679181473795325 1.5688551664352417 -0.05617193505167961 0.005178921390324831 -0.9984076619148254 -0.5190030932426453 -0.994473934173584 0.08854074776172638 0.05640989914536476 -0.8790276646614075
0.08849119395017624 0.996076762676239 0.000597342208493501 1.568920612335205 -0.05722561851143837 0.0056826164945960045 -0.9983450770378113 -0.5187015533447266 -0.994431734085083 0.08831055462360382 0.05750397965312004 -0.8787270188331604
0.08767339587211609 0.9961490035057068 0.0007545599946752191 1.569023847579956 -0.05786559358239174 0.0058490862138569355 -0.9983072280883789 -0.5191285610198975 -0.9944671392440796 0.0874813124537468 0.058155566453933716 -0.8783259391784668
0.08760863542556763 0.99615478515625 0.0006237049237824976 1.569170355796814 -0.057889100164175034 0.005716219078749418 -0.9983066320419312 -0.5192470550537109 -0.9944714903831482 0.08742417395114899 0.05816729739308357 -0.878337025642395
0.08811452984809875 0.9961100220680237 0.0007683190051466227 1.5682296752929688 -0.057834215462207794 0.0058859558776021 -0.9983088374137878 -0.5207834839820862 -0.9944300055503845 0.08792107552289963 0.058127887547016144 -0.8792486786842346
0.08915483951568604 0.9960177540779114 0.000275677302852273 1.5678908824920654 -0.05569138750433922 0.005261360201984644 -0.9984341859817505 -0.5217788815498352 -0.9944595694541931 0.08899988234043121 0.05593869090080261 -0.8801140189170837
0.08894097059965134 0.996036171913147 0.0011805890826508403 1.5681116580963135 -0.057246509939432144 0.006295147817581892 -0.9983402490615845 -0.5217843651771545 -0.9943904280662537 0.08872576057910919 0.05757949873805046 -0.8790169358253479
0.0889616459608078 0.9960343241691589 0.0011906279250979424 1.5681003332138062 -0.057261671870946884 0.006307763047516346 -0.9983392953872681 -0.5218891501426697 -0.994387686252594 0.08874572068452835 0.05759574472904205 -0.8790357708930969
0.08886469900608063 0.9960428476333618 0.0012944691115990281 1.5676747560501099 -0.05699201300740242 0.006382177583873272 -0.9983542561531067 -0.5217371582984924 -0.9944118857383728 0.08864466845989227 0.05733364447951317 -0.8788162469863892
0.08898871392011642 0.9960321187973022 0.0010010440601035953 1.5684151649475098 -0.05625122785568237 0.00602909317240119 -0.9983984231948853 -0.5204655528068542 -0.9944429397583008 0.08878988027572632 0.05656455457210541 -0.8784754872322083
0.08937003463506699 0.9959974884986877 0.0013973762979730964 1.5683071613311768 -0.05621674284338951 0.006445031147450209 -0.9983977675437927 -0.5196739435195923 -0.9944106936454773 0.08914828300476074 0.056567735970020294 -0.8788295388221741
0.08937209099531174 0.9959973096847534 0.0014001689851284027 1.5683090686798096 -0.056215863674879074 0.006447868887335062 -0.9983978271484375 -0.5196593999862671 -0.9944105744361877 0.08915018290281296 0.05656711384654045 -0.8788353800773621
0.08929526805877686 0.9960042834281921 0.0013595832278952003 1.5682151317596436 -0.05613182485103607 0.006395277101546526 -0.9984028935432434 -0.5195428133010864 -0.994422197341919 0.08907633274793625 0.05647860839962959 -0.8788003921508789
0.0897819772362709 0.9959611296653748 0.0008001627866178751 1.5680649280548096 -0.05596711114048958 0.005847354885190725 -0.998415470123291 -0.5190673470497131 -0.994387686252594 0.08959493041038513 0.05626605823636055 -0.8791760802268982
0.08960331976413727 0.9959769248962402 0.0010693497024476528 1.5680716037750244 -0.05600692331790924 0.006110646296292543 -0.9984116554260254 -0.5195291042327881 -0.9944015741348267 0.08940110355615616 0.056329146027565 -0.8784583210945129
0.0899101123213768 0.9959489107131958 0.0013691112399101257 1.5679115056991577 -0.05520157888531685 0.006355929654091597 -0.9984549880027771 -0.5202584266662598 -0.9944189190864563 0.08969561755657196 0.05554942041635513 -0.8784648776054382
0.08955070376396179 0.9959814548492432 0.0012787150917574763 1.5679690837860107 -0.05554812029004097 0.00627631600946188 -0.9984362721443176 -0.5202174782752991 -0.9944320321083069 0.08933963626623154 0.055886950343847275 -0.8780805468559265
0.08954859524965286 0.9959816336631775 0.001279874355532229 1.567971110343933 -0.05554758384823799 0.006277311127632856 -0.9984363317489624 -0.5202305316925049 -0.994432270526886 0.08933746814727783 0.05588650330901146 -0.8780709505081177
0.08957397937774658 0.995979368686676 0.00128269218839705 1.5679758787155151 -0.05552570894360542 0.006279600318521261 -0.9984375238418579 -0.5202708840370178 -0.99443119764328 0.08936279267072678 0.05586495250463486 -0.8780456185340881
0.08818937093019485 0.9961032867431641 0.0009395515080541372 1.568425178527832 -0.05761178582906723 0.0060422709211707115 -0.9983207583427429 -0.5190714597702026 -0.9944362640380859 0.08798714727163315 0.05792015790939331 -0.8777280449867249
0.08834846317768097 0.9960888028144836 0.0012611832935363054 1.5678669214248657 -0.05826756730675697 0.006432026159018278 -0.9982802867889404 -0.5193242430686951 -0.9943839311599731 0.08812303096055984 0.05860793963074684 -0.8785301446914673
0.08834903687238693 0.9960887432098389 0.0012685571564361453 1.5678523778915405 -0.05827172473073006 0.006439818535000086 -0.9982799887657166 -0.5193203091621399 -0.9943836331367493 0.0881231501698494 0.05861276760697365 -0.8785646557807922
0.08908350765705109 0.996023952960968 0.0006281534442678094 1.5676902532577515 -0.0571269616484642 0.005739011336117983 -0.9983504414558411 -0.519599437713623 -0.9943845272064209 0.08890067040920258 0.057411078363657 -0.8784503936767578
0.0886988490819931 0.9960577487945557 0.0011965418234467506 1.5674619674682617 -0.05815727263689041 0.006378124468028545 -0.9982870817184448 -0.5202353000640869 -0.9943591952323914 0.08847731351852417 0.05849374085664749 -0.8784413933753967
0.08907172828912735 0.9960252046585083 -1.6087855328805745e-05 1.5673298835754395 -0.05561921000480652 0.004957747645676136 -0.9984397292137146 -0.5203464031219482 -0.9944710731506348 0.08893364667892456 0.05583973601460457 -0.8783925771713257
0.08958917111158371 0.9959787726402283 -0.0003095053252764046 1.5672669410705566 -0.056062962859869 0.004732655826956034 -0.998416006565094 -0.5202946066856384 -0.9943996667861938 0.08946461230516434 0.05626152083277702 -0.8786458969116211
0.08958490937948227 0.9959791302680969 -0.0003096945001743734 1.567257285118103 -0.05602363497018814 0.004728686064481735 -0.9984182119369507 -0.5203227400779724 -0.994402289390564 0.08946055173873901 0.05622199550271034 -0.8786737322807312
0.08958017826080322 0.9959795475006104 -0.0002991400542668998 1.5672463178634644 -0.05604977533221245 0.0047413501888513565 -0.9984167218208313 -0.5203602910041809 -0.994401216506958 0.08945511281490326 0.056249167770147324 -0.8787028193473816
0.08949968218803406 0.995986819267273 -0.00027380610117688775 1.567145824432373 -0.05592292547225952 0.004750780761241913 -0.9984237551689148 -0.5203263759613037 -0.9944156408309937 0.08937392383813858 0.05612369254231453 -0.8786841034889221
0.09076269716024399 0.9958723783493042 -0.0005750930868089199 1.5672565698623657 -0.05259591341018677 0.004216866102069616 -0.9986069798469543 -0.5201866030693054 -0.994482696056366 0.0906665027141571 0.05276155844330788 -0.8790555000305176
0.09031536430120468 0.9959130883216858 -0.00048705245717428625 1.5677036046981812 -0.05285419151186943 0.0043047768995165825 -0.9985929727554321 -0.519452691078186 -0.9945096969604492 0.09021402150392532 0.05302697420120239 -0.8786054849624634
0.09024948626756668 0.9959189891815186 -0.0005794872995465994 1.5676944255828857 -0.05282481014728546 0.004205908160656691 -0.9985949397087097 -0.5194033980369568 -0.9945172667503357 0.0901532843708992 0.052988819777965546 -0.8785778284072876
0.08918698877096176 0.9960147738456726 -0.0004991425084881485 1.5681113004684448 -0.05374327301979065 0.004311973229050636 -0.9985454678535461 -0.5187888145446777 -0.99456387758255 0.08908408135175705 0.053913671523332596 -0.8777363300323486
0.08889057487249374 0.9960414171218872 -1.6297552065225318e-05 1.567409634590149 -0.05217853561043739 0.004640278872102499 -0.9986270070075989 -0.5201671719551086 -0.9946737289428711 0.08876936882734299 0.05238446220755577 -0.8782382011413574
0.08888951689004898 0.996041476726532 -4.607219671015628e-05 1.5674036741256714 -0.05221632122993469 0.004613743629306555 -0.9986251592636108 -0.5202034115791321 -0.9946718811988831 0.08876970410346985 0.052419740706682205 -0.8782287836074829
0.08890078961849213 0.9960404634475708 -3.1153476811596192e-06 1.5673937797546387 -0.052202850580215454 0.004656205419450998 -0.998625636100769 -0.520270049571991 -0.9946715831756592 0.0887787714600563 0.052410099655389786 -0.8782133460044861
0.08978017419576645 0.9959614872932434 -0.0004416780429892242 1.5673187971115112 -0.051827676594257355 0.0042291018180549145 -0.9986470937728882 -0.5205985307693481 -0.9946121573448181 0.08968159556388855 0.051998063921928406 -0.8780808448791504
0.0902172327041626 0.9959218502044678 -0.0006818966940045357 1.5674288272857666 -0.05206143856048584 0.004032322205603123 -0.9986357092857361 -0.5194854140281677 -0.9945604205131531 0.09012964367866516 0.0522129163146019 -0.878340482711792
0.090189129114151 0.9959244132041931 -0.000683094491250813 1.5674291849136353 -0.05206245556473732 0.004029733594506979 -0.9986357092857361 -0.5194821953773499 -0.9945629239082336 0.09010163694620132 0.05221371352672577 -0.8783372044563293
0.09012586623430252 0.9959300756454468 -0.0007864549988880754 1.5674488544464111 -0.05201898515224457 0.003918827045708895 -0.998638391494751 -0.519493043422699 -0.9945709109306335 0.0900440588593483 0.052160464227199554 -0.8783527612686157
0.09059297293424606 0.995887279510498 -0.001219053054228425 1.5676320791244507 -0.052161019295454025 0.0035225283354520798 -0.9986324906349182 -0.5193558931350708 -0.9945210814476013 0.09053266793489456 0.05226561427116394 -0.8783383369445801
0.09075597673654556 0.9958721995353699 -0.0013973680324852467 1.567419171333313 -0.051827576011419296 0.003321897704154253 -0.9986504912376404 -0.5189653038978577 -0.9945236444473267 0.09070592373609543 0.05191512778401375 -0.8786826133728027
0.09078574180603027 0.9958694577217102 -0.0014033415354788303 1.5674149990081787 -0.05183442682027817 0.0033180902246385813 -0.9986501932144165 -0.5189379453659058 -0.9945205450057983 0.09073593467473984 0.05192156136035919 -0.8787044882774353
0.0907568708062172 0.9958721399307251 -0.0013829342788085341 1.56741201877594 -0.05183552950620651 0.0033371439203619957 -0.998650074005127 -0.518913745880127 -0.9945231080055237 0.09070603549480438 0.051924433559179306 -0.8787249326705933
0.0905989333987236 0.9958866834640503 -0.0012398767285048962 1.5675523281097412 -0.05184660479426384 0.003473337972536683 -0.998649001121521 -0.5191158652305603 -0.9945369362831116 0.0905408188700676 0.051948029547929764 -0.8785548806190491
0.09059455245733261 0.9958871006965637 -0.0012296251952648163 1.5675551891326904 -0.05183272063732147 0.003482124302536249 -0.9986497163772583 -0.5191086530685425 -0.9945380687713623 0.0905359536409378 0.05193500593304634 -0.8785543441772461
0.09057068824768066 0.9958890676498413 -0.0013918147888034582 1.5676416158676147 -0.0518609918653965 0.00332080852240324 -0.9986487627029419 -0.5191589593887329 -0.9945387840270996 0.09052048623561859 0.05194856971502304 -0.8786055445671082
0.09014756977558136 0.9959279298782349 -0.0009693449246697128 1.567873477935791 -0.052919652312994 0.003818151308223605 -0.9985914826393127 -0.5186296701431274 -0.99452143907547 0.09007188677787781 0.05304836109280586 -0.8781346082687378
0.09000974893569946 0.995940089225769 -0.0012719795340672135 1.5677484273910522 -0.051720693707466125 0.00339890131726861 -0.9986557960510254 -0.5194113254547119 -0.9945970177650452 0.08995454013347626 0.05181664973497391 -0.8779711127281189
0.09001719206571579 0.9959393739700317 -0.0012830154737457633 1.5677545070648193 -0.05170897766947746 0.003387164557352662 -0.9986564517021179 -0.5194235444068909 -0.9945969581604004 0.08996258676052094 0.051803912967443466 -0.8779471516609192
0.09004813432693481 0.9959366321563721 -0.001250634202733636 1.5677647590637207 -0.05172836035490036 0.003423004411160946 -0.9986553192138672 -0.5194448232650757 -0.9945931434631348 0.0899917408823967 0.05182640999555588 -0.8779098987579346
0.08995740115642548 0.9959446787834167 -0.0013754406245425344 1.567850947380066 -0.05168760567903519 0.0032894329633563757 -0.9986578822135925 -0.519522488117218 -0.9946034550666809 0.08990775048732758 0.051773909479379654 -0.8779067993164062
0.08819364756345749 0.9961031675338745 -0.0005764553789049387 1.567893147468567 -0.054005954414606094 0.00420376006513834 -0.9985317587852478 -0.5190274119377136 -0.9946382641792297 0.0880952849984169 0.05416625365614891 -0.878214418888092
0.08818114548921585 0.9961043000221252 -0.0005981072899885476 1.567901372909546 -0.053988344967365265 0.004179812967777252 -0.9985328316688538 -0.5190141201019287 -0.9946402907371521 0.08808404952287674 0.05414660647511482 -0.8782095313072205
0.08810793608427048 0.9961109161376953 -0.00012637715553864837 1.5678704977035522 -0.05520941689610481 0.004756709095090628 -0.9984634518623352 -0.5185450911521912 -0.9945797324180603 0.0879795253276825 0.05541381239891052 -0.8781903386116028
0.08811934292316437 0.9961099028587341 -0.00012517849972937256 1.567865014076233 -0.05517137795686722 0.004755182657390833 -0.9984655976295471 -0.5185121297836304 -0.994580864906311 0.08799102902412415 0.05537578463554382 -0.8781933188438416
0.08831240981817245 0.9960927963256836 -0.0001096265550586395 1.5675950050354004 -0.056083597242832184 0.004862428177148104 -0.9984142184257507 -0.5186404585838318 -0.9945127367973328 0.08817850798368454 0.05629388615489006 -0.8787319660186768
0.08830278366804123 0.9960936903953552 -0.00010394482524134219 1.5675667524337769 -0.05607408657670021 0.004866734612733126 -0.9984147548675537 -0.5186256170272827 -0.9945141077041626 0.08816862851381302 0.05628479644656181 -0.8787813186645508
0.08819570392370224 0.9961031675338745 0.00013253020006231964 1.5677536725997925 -0.0571981817483902 0.005197203252464533 -0.9983493089675903 -0.519589900970459 -0.9944595694541931 0.08804253488779068 0.05743366479873657 -0.8781201839447021
0.09005226194858551 0.9959369897842407 0.000233354905503802 1.5675022602081299 -0.054950371384620667 0.005202547647058964 -0.9984755516052246 -0.5209178924560547 -0.9944199323654175 0.08990215510129929 0.05519561469554901 -0.8789085149765015
0.09003575891256332 0.9959384799003601 0.00025597488274797797 1.567480206489563 -0.05499093979597092 0.005227973684668541 -0.9984731674194336 -0.5210149884223938 -0.9944192171096802 0.0898842066526413 0.055238302797079086 -0.8789382576942444
0.09002777934074402 0.9959391951560974 0.0002436841605231166 1.5674538612365723 -0.05497371777892113 0.0052136508747935295 -0.9984741806983948 -0.5211342573165894 -0.9944208860397339 0.08987701684236526 0.0552198588848114 -0.8789741396903992
0.08951234817504883 0.9959856867790222 9.41674443311058e-05 1.5677026510238647 -0.055168267339468 0.005052551627159119 -0.9984642863273621 -0.5204499363899231 -0.9944566488265991 0.08936968445777893 0.055399078875780106 -0.8783732056617737
0.08949499577283859 0.9959872364997864 9.139654139289632e-05 1.5677053928375244 -0.055211517959833145 0.005052690859884024 -0.998461902141571 -0.5205771327018738 -0.9944558143615723 0.08935229480266571 0.05544216185808182 -0.8783567547798157
0.08921729773283005 0.9960120320320129 0.0005897656665183604 1.567620038986206 -0.056097615510225296 0.005616107489913702 -0.9984095096588135 -0.5202402472496033 -0.9944311380386353 0.0890423059463501 0.05637495964765549 -0.8786402344703674
0.08922616392374039 0.9960111975669861 0.0006075816345401108 1.5676167011260986 -0.05612865462899208 0.005637249909341335 -0.9984076023101807 -0.520275890827179 -0.9944286346435547 0.08904998004436493 0.05640776455402374 -0.878657341003418
0.08956385403871536 0.9959807991981506 -0.0007433583377860487 1.5676313638687134 -0.05441820248961449 0.0041483319364488125 -0.9985095858573914 -0.5203437805175781 -0.994493305683136 0.08947081863880157 0.05457103252410889 -0.8788519501686096
0.0903187170624733 0.9959123730659485 -0.001015207264572382 1.567543625831604 -0.0538976825773716 0.003870070446282625 -0.9985389709472656 -0.5199881792068481 -0.9944533705711365 0.09024146944284439 0.05402691662311554 -0.8790943026542664
0.09095685184001923 0.9958533048629761 -0.001737578772008419 1.567898154258728 -0.05264256149530411 0.003065758151933551 -0.9986087083816528 -0.5188629031181335 -0.9944624900817871 0.09092176705598831 0.0527031272649765 -0.8787369728088379
0.09055790305137634 0.9958909153938293 -0.00074463349301368 1.5680769681930542 -0.05411941930651665 0.004174564499408007 -0.9985257387161255 -0.5189791321754456 -0.9944195747375488 0.09046468883752823 0.05427508428692818 -0.8784835338592529
0.09055875986814499 0.9958908557891846 -0.0007275539683178067 1.5681092739105225 -0.05411246046423912 0.004191102925688028 -0.9985260367393494 -0.5189409852027893 -0.9944198727607727 0.09046464413404465 0.05426965281367302 -0.8784565925598145
0.08877702802419662 0.9960514903068542 0.00020946555014234036 1.567986249923706 -0.053818825632333755 0.005006809253245592 -0.9985381364822388 -0.5199902057647705 -0.9945964813232422 0.08863596618175507 0.05405081436038017 -0.8780754804611206
0.08983011543750763 0.99595707654953 -0.00024488047347404063 1.567980408668518 -0.05405980348587036 0.004630404524505138 -0.998526930809021 -0.5198601484298706 -0.9944888353347778 0.0897110253572464 0.05425719916820526 -0.8781343102455139
0.0898071825504303 0.9959591031074524 -0.00026620185235515237 1.5679913759231567 -0.05404535308480263 0.004606470465660095 -0.9985278248786926 -0.5198808312416077 -0.994491696357727 0.08968935906887054 0.05424066260457039 -0.8781089782714844
0.089427150785923 0.9959933757781982 9.02948304428719e-05 1.5681474208831787 -0.05545417591929436 0.005069580860435963 -0.998448371887207 -0.5187808871269226 -0.9944484233856201 0.08928337693214417 0.05568535253405571 -0.8780947923660278
0.08904370665550232 0.9960276484489441 0.0003198288904968649 1.5678393840789795 -0.05574158579111099 0.0053038387559354305 -0.9984311461448669 -0.5195797085762024 -0.9944667220115662 0.08888617902994156 0.05599244311451912 -0.8781315684318542
0.0885712057352066 0.9960698485374451 0.0001539650693302974 1.5681926012039185 -0.05556976795196533 0.0050956388004124165 -0.9984418153762817 -0.5190572142601013 -0.994518518447876 0.08842463791370392 0.05580270290374756 -0.8775752782821655
0.08853645622730255 0.9960727095603943 0.0006874301470816135 1.568095326423645 -0.05721896514296532 0.005774941761046648 -0.9983449578285217 -0.5183952450752258 -0.9944280982017517 0.08835058659315109 0.05750554800033569 -0.8780764937400818
0.0885167121887207 0.9960744380950928 0.0007026066887192428 1.5680925846099854 -0.057206861674785614 0.005787933710962534 -0.9983455538749695 -0.5183244347572327 -0.9944305419921875 0.08833006769418716 0.0574946254491806 -0.8780853152275085
0.08882662653923035 0.9960470199584961 -0.00038368781679309905 1.567765474319458 -0.05518285557627678 0.0045365458354353905 -0.9984659552574158 -0.519953191280365 -0.9945173263549805 0.08871152997016907 0.055367689579725266 -0.8790273070335388
0.08885205537080765 0.9960447549819946 -0.00032077429932542145 1.5676894187927246 -0.05518259108066559 0.004601007793098688 -0.9984656572341919 -0.520069420337677 -0.994515061378479 0.08873341977596283 0.05537314713001251 -0.8791765570640564
0.08901308476924896 0.9960304498672485 0.00021125629427842796 1.567470908164978 -0.05644244700670242 0.005255901720374823 -0.9983919858932495 -0.521084189414978 -0.9944299459457397 0.08885802328586578 0.056686244904994965 -0.8796725869178772
0.0890045017004013 0.9960311651229858 0.00022308659390546381 1.567436695098877 -0.05645265430212021 0.005268181674182415 -0.9983913898468018 -0.521158754825592 -0.9944301247596741 0.08884872496128082 0.056697502732276917 -0.8797410130500793
0.08899973332881927 0.996031641960144 0.0002396295894868672 1.5673670768737793 -0.05648043379187584 0.005286973435431719 -0.998389720916748 -0.5213247537612915 -0.9944289922714233 0.08884287625551224 0.0567268431186676 -0.8798829913139343
0.09049353748559952 0.995896577835083 0.0009649055427871644 1.5673635005950928 -0.05705574154853821 0.006151739973574877 -0.99835205078125 -0.5202204585075378 -0.9942613244056702 0.09028934687376022 0.057378318160772324 -0.879874587059021
0.08987410366535187 0.9959530830383301 -0.0002665936772245914 1.5685245990753174 -0.05519556999206543 0.004713548347353935 -0.9984644055366516 -0.5188454389572144 -0.9944224953651428 0.08975080400705338 0.05539583042263985 -0.8783687949180603
0.09005429595708847 0.9959368109703064 0.0002056011580862105 1.5680804252624512 -0.056431520730257034 0.005308746825903654 -0.9983923435211182 -0.5194732546806335 -0.9943367838859558 0.08989790827035904 0.056680310517549515 -0.8785326480865479
0.09007089585065842 0.995935320854187 0.00018935180560220033 1.5680676698684692 -0.056415002793073654 0.005291912239044905 -0.9983933568000793 -0.5194675326347351 -0.9943362474441528 0.08991549909114838 0.05666234716773033 -0.8785175681114197
0.08920427411794662 0.996013343334198 8.875748608261347e-05 1.5683674812316895 -0.05706747993826866 0.005200010724365711 -0.9983567595481873 -0.5190640091896057 -0.9943771362304688 0.08905262500047684 0.057303838431835175 -0.8779046535491943
0.08991040289402008 0.9959496855735779 0.0005438299267552793 1.5679762363433838 -0.05679912120103836 0.00567275658249855 -0.9983695149421692 -0.519943118095398 -0.9943289160728455 0.08973290771245956 0.05707911401987076 -0.8786017894744873
0.08968613296747208 0.9959698915481567 0.0005975247477181256 1.56816565990448 -0.057448890060186386 0.005772164557129145 -0.9983317852020264 -0.5193977952003479 -0.9943118095397949 0.08950218558311462 0.057735055685043335 -0.8786216974258423
0.08902362734079361 0.9960294365882874 -0.0004465928068384528 1.568384051322937 -0.057039905339479446 0.004650508519262075 -0.9983610510826111 -0.519031822681427 -0.9943948984146118 0.08890318870544434 0.05722743272781372 -0.8783811926841736
0.08818943053483963 0.9961037039756775 0.00019431528926361352 1.5685619115829468 -0.05914222449064255 0.005430856719613075 -0.9982348084449768 -0.5188882946968079 -0.9943464398384094 0.08802225440740585 0.05939073860645294 -0.8781103491783142
0.08842214196920395 0.9960830807685852 -0.00011831566371256486 1.5682731866836548 -0.05817284435033798 0.0050454214215278625 -0.9982937574386597 -0.5195988416671753 -0.994382917881012 0.0882781520485878 0.05839112028479576 -0.8784543871879578
0.08820495009422302 0.9961021542549133 0.0005621203454211354 1.5682810544967651 -0.05929126963019371 0.0058135706931352615 -0.9982237815856934 -0.5197068452835083 -0.9943361878395081 0.08801494538784027 0.05957295373082161 -0.8783177137374878
0.08799126744270325 0.9961206316947937 0.0010975789045915008 1.5680062770843506 -0.056988343596458435 0.00613405229523778 -0.9983559846878052 -0.5207766890525818 -0.9944897294044495 0.0877840518951416 0.057307012379169464 -0.8783613443374634
0.08798855543136597 0.996120810508728 0.0011306062806397676 1.5679974555969238 -0.05695079639554024 0.006163683254271746 -0.9983579516410828 -0.5208597779273987 -0.9944921135902405 0.08777967840433121 0.05727221444249153 -0.8783655166625977
0.0879887044429779 0.996120810508728 0.0011434959014877677 1.5679875612258911 -0.056949250400066376 0.006176474038511515 -0.9983579516410828 -0.5209518671035767 -0.99449223279953 0.08777909725904465 0.0572718009352684 -0.8783681988716125
0.08853892982006073 0.9960723519325256 0.0008664220804348588 1.5680757761001587 -0.057109810411930084 0.005944788455963135 -0.998350203037262 -0.5202328562736511 -0.9944341778755188 0.08834336698055267 0.05741185322403908 -0.8788120746612549
0.08887012302875519 0.9960432052612305 0.00017437835049349815 1.5681467056274414 -0.05564407631754875 0.005139543209224939 -0.9984374642372131 -0.5203620791435242 -0.9944877028465271 0.08872155100107193 0.05588065832853317 -0.8792665600776672
0.08887580782175064 0.9960426688194275 0.0001953540777321905 1.5681378841400146 -0.05563405528664589 0.0051599955186247826 -0.9984378814697266 -0.5204013586044312 -0.9944877624511719 0.08872610330581665 0.05587249994277954 -0.8793240785598755
0.08883582800626755 0.996046245098114 0.00020888879953417927 1.5681270360946655 -0.055612970143556595 0.005169430747628212 -0.9984390139579773 -0.5204533934593201 -0.9944925308227539 0.0886855348944664 0.05585232377052307 -0.8793976306915283
0.08921079337596893 0.9960126876831055 0.0003986138617619872 1.5683262348175049 -0.05425416678190231 0.005259053315967321 -0.9985132813453674 -0.5197250843048096 -0.9945340156555176 0.08905653655529022 0.05450700595974922 -0.8790850043296814
0.08921036869287491 0.9960126876831055 0.00045325496466830373 1.5683220624923706 -0.05425041913986206 0.00531347282230854 -0.9985132217407227 -0.5197276473045349 -0.9945342540740967 0.08905313909053802 0.05450812727212906 -0.8791010975837708
0.08825128525495529 0.9960981607437134 0.0003097791923210025 1.5685559511184692 -0.054977528750896454 0.005181366112083197 -0.99847412109375 -0.5191779732704163 -0.9945799112319946 0.08809959143400192 0.055220283567905426 -0.8781492710113525
0.08826164901256561 0.9960972666740417 0.0003108477685600519 1.5685724020004272 -0.05497951805591583 0.005183190107345581 -0.9984740018844604 -0.5191553831100464 -0.9945788383483887 0.08810986578464508 0.05522242933511734 -0.8781031370162964
0.08858828991651535 0.9960682988166809 1.564770718687214e-05 1.5682682991027832 -0.0539352111518383 0.0048125796020030975 -0.9985328316688538 -0.519779622554779 -0.9946070313453674 0.08845746517181396 0.05414950102567673 -0.8783792853355408
0.0886850357055664 0.9960586428642273 0.0014761555939912796 1.568029761314392 -0.05532947927713394 0.006406014785170555 -0.998447597026825 -0.5203608870506287 -0.9945217967033386 0.08846568316221237 0.055679526180028915 -0.8784829378128052
0.08868622779846191 0.9960585236549377 0.001479713129810989 1.5680220127105713 -0.05533883348107338 0.006410479545593262 -0.998447060585022 -0.5203923583030701 -0.9945211410522461 0.08846661448478699 0.055689241737127304 -0.8784828782081604
0.08841969072818756 0.9960828423500061 0.0009330547763966024 1.568170189857483 -0.056782323867082596 0.005975620821118355 -0.9983686804771423 -0.5200170278549194 -0.9944635033607483 0.08822246640920639 0.05708827078342438 -0.8781340718269348
0.08832419663667679 0.9960913062095642 0.0009915611008182168 1.5677250623703003 -0.05627017468214035 0.005983383394777775 -0.9983976483345032 -0.5211332440376282 -0.9945011138916016 0.08812687546014786 0.05657871440052986 -0.8788207769393921
0.08801287412643433 0.9961190223693848 0.0007735913968645036 1.5680831670761108 -0.056652847677469254 0.005780956707894802 -0.9983772039413452 -0.5193822383880615 -0.9945070147514343 0.0878262147307396 0.05694178491830826 -0.8784687519073486
0.08804979920387268 0.9961157441139221 0.0007956656045280397 1.5680917501449585 -0.056680455803871155 0.005807639565318823 -0.9983754754066467 -0.5193573236465454 -0.9945021867752075 0.08786165714263916 0.05697166174650192 -0.8784787058830261
0.08803782612085342 0.9961168169975281 0.0007901855278760195 1.5680994987487793 -0.05668090283870697 0.005801498889923096 -0.9983754754066467 -0.5193329453468323 -0.9945032000541687 0.08785001188516617 0.056971557438373566 -0.8784860372543335
0.08804336190223694 0.9961163401603699 0.0007324963225983083 1.5681315660476685 -0.0566735565662384 0.00574334803968668 -0.9983762502670288 -0.5193131566047668 -0.9945031404495239 0.08785887807607651 0.0569591261446476 -0.8785025477409363
0.08784652501344681 0.9961338639259338 0.0005068298778496683 1.5680419206619263 -0.055909547954797745 0.005438520107418299 -0.9984210133552551 -0.5195438265800476 -0.9945637583732605 0.08767947554588318 0.05617115646600723 -0.8783011436462402
0.08854765444993973 0.9960718750953674 0.0003393743827473372 1.5679402351379395 -0.05587635189294815 0.005307412706315517 -0.9984235763549805 -0.5193644762039185 -0.9945034384727478 0.08838909864425659 0.056126825511455536 -0.8784960508346558
0.08856247365474701 0.9960705637931824 0.00035127688897773623 1.5679411888122559 -0.05586777999997139 0.0053194197826087475 -0.9984239935874939 -0.519345760345459 -0.994502604007721 0.08840326964855194 0.05611936002969742 -0.8785061240196228
0.08715696632862091 0.99619460105896 0.00016587434220127761 1.5683866739273071 -0.05772317200899124 0.005216428078711033 -0.9983189702033997 -0.5187855958938599 -0.9945208430290222 0.08700087666511536 0.05795816332101822 -0.8781623244285583
0.08713498711585999 0.9961965084075928 0.00016636565851513296 1.5684163570404053 -0.057715244591236115 0.005214943550527096 -0.9983194470405579 -0.5187633633613586 -0.9945232272148132 0.08697894215583801 0.057950135320425034 -0.8781396746635437
0.08711352944374084 0.9961983561515808 7.370528328465298e-05 1.5684959888458252 -0.05776163190603256 0.005124889314174652 -0.9983172416687012 -0.5187949538230896 -0.9945223927497864 0.08696267753839493 0.057988498359918594 -0.8781705498695374
