# 3x4 first row second row third row Freq: 250 current Time: 2020-10-01-15:31:08
-0.04114473611116409 0.9986692070960999 -0.03109562210738659 0.104971744120121 -0.054092440754175186 -0.03330276533961296 -0.9979804158210754 -0.7264791131019592 -0.9976878762245178 -0.03937959671020508 0.05539068207144737 -3.870285749435425
-0.04113498702645302 0.9986696243286133 -0.031094731763005257 0.1049640104174614 -0.0540999136865139 -0.03330162912607193 -0.9979800581932068 -0.7264781594276428 -0.9976878762245178 -0.03936966881155968 0.055397797375917435 -3.8701422214508057
-0.04054851084947586 0.9987035989761353 -0.03077314980328083 0.10588785260915756 -0.05440588295459747 -0.03295964002609253 -0.9979748129844666 -0.7275779843330383 -0.99769526720047 -0.03879214823246002 0.0556718073785305 -3.8749561309814453
-0.04053827002644539 0.9987040162086487 -0.030772434547543526 0.10606089979410172 -0.05441022664308548 -0.03295852243900299 -0.9979745745658875 -0.7277961373329163 -0.9976954460144043 -0.038781825453042984 0.05567578971385956 -3.874986171722412
-0.03793184831738472 0.998899519443512 -0.027585702016949654 0.10536229610443115 -0.055258508771657944 -0.029660101979970932 -0.9980314373970032 -0.7274357080459595 -0.9977512955665588 -0.03633283078670502 0.05632275342941284 -3.873469352722168
-0.03792290762066841 0.9989006519317627 -0.02755625918507576 0.10535307973623276 -0.05523121729493141 -0.029629187658429146 -0.998033881187439 -0.7275434136390686 -0.9977531433105469 -0.03632637858390808 0.056294117122888565 -3.873434066772461
-0.03794431313872337 0.9988996982574463 -0.02756245993077755 0.10534799098968506 -0.055224429816007614 -0.029636340215802193 -0.9980340600013733 -0.7276065349578857 -0.9977527260780334 -0.03634759038686752 0.05628819018602371 -3.873413562774658
-0.03741411864757538 0.9989171028137207 -0.027654964476823807 0.10553284734487534 -0.055955104529857635 -0.029725102707743645 -0.9979907274246216 -0.727645754814148 -0.9977320432662964 -0.03579150140285492 0.05700664222240448 -3.873779535293579
-0.03503039851784706 0.9990636110305786 -0.025393448770046234 0.10572941601276398 -0.05761970952153206 -0.027385810390114784 -0.9979629516601562 -0.7275606393814087 -0.9977238178253174 -0.03349586948752403 0.05852508172392845 -3.8769378662109375
-0.03633757308125496 0.9990391731262207 -0.024502264335751534 0.10494595021009445 -0.055302541702985764 -0.02649117447435856 -0.9981181621551514 -0.7256253361701965 -0.9978082180023193 -0.03491415083408356 0.05621202290058136 -3.8740427494049072
-0.03641021251678467 0.9990353584289551 -0.024549216032028198 0.1048760712146759 -0.05534869059920311 -0.026543788611888885 -0.9981142282485962 -0.7255619764328003 -0.9978029727935791 -0.03498277813196182 0.056261755526065826 -3.8739657402038574
-0.03760228306055069 0.998956561088562 -0.025920690968632698 0.10542689263820648 -0.055014755576848984 -0.027969149872660637 -0.9980937242507935 -0.7263752222061157 -0.9977772831916809 -0.03610457479953766 0.05600905045866966 -3.8755407333374023
-0.03865180164575577 0.9988784790039062 -0.027346836403012276 0.10515540838241577 -0.053322918713092804 -0.02939009480178356 -0.9981447458267212 -0.7262487411499023 -0.997829020023346 -0.03712187334895134 0.05439909175038338 -3.8729357719421387
-0.03865063190460205 0.9988784193992615 -0.027350058779120445 0.10514528304338455 -0.053318120539188385 -0.029393071308732033 -0.9981449246406555 -0.7262271642684937 -0.9978293180465698 -0.037120670080184937 0.054394375532865524 -3.872894763946533
-0.03866822272539139 0.9988781809806824 -0.027335254475474358 0.10512592643499374 -0.053325753659009933 -0.029379520565271378 -0.9981448650360107 -0.7261901497840881 -0.9978281855583191 -0.037138812243938446 0.05440197512507439 -3.8728201389312744
-0.038659222424030304 0.9988782405853271 -0.027344729751348495 0.1051076278090477 -0.053343385457992554 -0.0293891541659832 -0.9981436729431152 -0.7261520624160767 -0.9978276491165161 -0.037128791213035583 0.05441970005631447 -3.872749090194702
-0.0398452989757061 0.9987987279891968 -0.028520969673991203 0.1049739271402359 -0.052567776292562485 -0.030599502846598625 -0.9981484413146973 -0.726361870765686 -0.997822105884552 -0.03827223554253578 0.05372386798262596 -3.8709497451782227
-0.038225844502449036 0.9989281892776489 -0.026102162897586823 0.10560407489538193 -0.05278961360454559 -0.028103498741984367 -0.9982101321220398 -0.7273556590080261 -0.9978737831115723 -0.0367794968187809 0.05380730703473091 -3.8730082511901855
-0.04237239062786102 0.9986469745635986 -0.030145829543471336 0.1043798178434372 -0.05518018454313278 -0.03246603161096573 -0.9979484677314758 -0.7277349829673767 -0.9975769519805908 -0.04062200337648392 0.05648118257522583 -3.8736417293548584
-0.04349024221301079 0.9984992146492004 -0.033286090940237045 0.10515328496694565 -0.05426156520843506 -0.035629212856292725 -0.9978908896446228 -0.7268783450126648 -0.9975792169570923 -0.04159235581755638 0.05572964623570442 -3.8723714351654053
-0.04350000619888306 0.9984986782073975 -0.033289551734924316 0.1051635593175888 -0.05425339192152023 -0.03563287481665611 -0.9978911876678467 -0.7268794775009155 -0.9975792169570923 -0.04160219803452492 0.055721964687108994 -3.872363328933716
-0.043519727885723114 0.9984957575798035 -0.033351004123687744 0.10523004829883575 -0.05428072065114975 -0.03569653257727623 -0.9978874325752258 -0.7268442511558533 -0.997576892375946 -0.04161746799945831 0.05575256422162056 -3.8724160194396973
-0.03980178013443947 0.9987386465072632 -0.030610356479883194 0.10584747046232224 -0.056609220802783966 -0.03283930942416191 -0.9978561997413635 -0.7273238897323608 -0.9976027607917786 -0.037983622401952744 0.057844869792461395 -3.8746256828308105
-0.03941105678677559 0.998841404914856 -0.027616780251264572 0.1054532527923584 -0.05568145960569382 -0.029790643602609634 -0.9980040788650513 -0.7265471816062927 -0.9976704716682434 -0.037794649600982666 0.056791018694639206 -3.875699758529663
-0.03920457512140274 0.9988077878952026 -0.029086288064718246 0.1057150810956955 -0.05569024756550789 -0.031247494742274284 -0.9979590177536011 -0.7269464135169983 -0.9976781010627747 -0.037504732608795166 0.05684889480471611 -3.8774640560150146
-0.04052168130874634 0.9987255930900574 -0.030086494982242584 0.10512829571962357 -0.05484733358025551 -0.032289158552885056 -0.9979725480079651 -0.7264173626899719 -0.9976722002029419 -0.038789357990026474 0.05608583986759186 -3.8757123947143555
-0.04059236869215965 0.9987236261367798 -0.030056165531277657 0.1050691306591034 -0.0549173466861248 -0.032265547662973404 -0.9979694485664368 -0.7264119982719421 -0.9976654648780823 -0.03885933384299278 0.056156981736421585 -3.8756697177886963
-0.04205692559480667 0.9986314177513123 -0.031088896095752716 0.10509409755468369 -0.056346867233514786 -0.033437635749578476 -0.9978511929512024 -0.7263181209564209 -0.9975250363349915 -0.04021478444337845 0.057676028460264206 -3.8728017807006836
-0.04300285503268242 0.9985837936401367 -0.03132323920726776 0.10528429597616196 -0.05404093489050865 -0.03363126888871193 -0.9979721903800964 -0.7277509570121765 -0.9976122975349426 -0.041222911328077316 0.055410634726285934 -3.8726418018341064
-0.042434897273778915 0.9984266757965088 -0.03665303811430931 0.1056634783744812 -0.055214472115039825 -0.038973577320575714 -0.9977136254310608 -0.7272082567214966 -0.9975723624229431 -0.040314093232154846 0.05678143352270126 -3.874269723892212
-0.04091522470116615 0.9984949231147766 -0.03652183338999748 0.10494616627693176 -0.05310966819524765 -0.03867413476109505 -0.9978395104408264 -0.7261458039283752 -0.9977501034736633 -0.03888716176152229 0.054612088948488235 -3.8739781379699707
-0.039943333715200424 0.998634934425354 -0.03365713357925415 0.1055162250995636 -0.05256858468055725 -0.035737622529268265 -0.997977614402771 -0.7260376214981079 -0.9978181719779968 -0.038093239068984985 0.05392429977655411 -3.875565528869629
-0.03987268730998039 0.998637318611145 -0.033670373260974884 0.10540231317281723 -0.05256309732794762 -0.035746827721595764 -0.997977614402771 -0.7262027263641357 -0.9978212714195251 -0.038022223860025406 0.05391678586602211 -3.8753387928009033
-0.0391569659113884 0.9986727833747864 -0.03345777466893196 0.10528961569070816 -0.05362420529127121 -0.03553540259599686 -0.9979286789894104 -0.7271707057952881 -0.9977931380271912 -0.03728170692920685 0.0549444854259491 -3.877760410308838
-0.03917587175965309 0.998670756816864 -0.03349672257900238 0.10530589520931244 -0.0537073127925396 -0.035578470677137375 -0.9979227185249329 -0.7273804545402527 -0.9977879524230957 -0.037295468151569366 0.0550297312438488 -3.8777339458465576
-0.03984476625919342 0.9986722469329834 -0.03265160694718361 0.10471897572278976 -0.05248602479696274 -0.03472428768873215 -0.9980177879333496 -0.7263619899749756 -0.9978264570236206 -0.0380520261824131 0.053799912333488464 -3.87384033203125
-0.03986889496445656 0.9986718893051147 -0.03263412415981293 0.1046828031539917 -0.05247538164258003 -0.03470771014690399 -0.9980189204216003 -0.7263150811195374 -0.9978260397911072 -0.03807741776108742 0.05378944054245949 -3.873760223388672
-0.039858266711235046 0.998670756816864 -0.03268032521009445 0.10460171848535538 -0.052465811371803284 -0.034752942621707916 -0.9980178475379944 -0.7262155413627625 -0.9978269934654236 -0.03806465491652489 0.053781259804964066 -3.8735876083374023
-0.04137538745999336 0.998541533946991 -0.0346829779446125 0.1050189808011055 -0.0517723523080349 -0.036808717995882034 -0.9979803562164307 -0.7262065410614014 -0.9978014230728149 -0.039496198296546936 0.053219810128211975 -3.871919870376587
-0.04148261249065399 0.9985417723655701 -0.034548159688711166 0.10523573309183121 -0.0518665611743927 -0.03668343275785446 -0.9979800581932068 -0.7263481616973877 -0.9977920651435852 -0.03960691764950752 0.053312644362449646 -3.8718409538269043
-0.04160074517130852 0.9985107183456421 -0.03529566898941994 0.10530019551515579 -0.05184430256485939 -0.037435948848724365 -0.9979532957077026 -0.726303219795227 -0.9977883100509644 -0.03968571498990059 0.05332444980740547 -3.871471881866455
-0.042326487600803375 0.9984708428382874 -0.03555871173739433 0.10495971143245697 -0.05076273903250694 -0.0376938171684742 -0.9979991912841797 -0.7264457941055298 -0.9978134036064148 -0.04043673723936081 0.05228055641055107 -3.869748592376709
-0.04232567921280861 0.9984714388847351 -0.03554382920265198 0.10496744513511658 -0.05075462907552719 -0.03767856955528259 -0.9980001449584961 -0.7264587879180908 -0.997813880443573 -0.040437012910842896 0.05227181315422058 -3.8696036338806152
-0.04306846857070923 0.9984110593795776 -0.03633911535143852 0.10498058050870895 -0.0500195287168026 -0.03848209232091904 -0.9980065822601318 -0.7264728546142578 -0.997819185256958 -0.04116494581103325 0.05159740895032883 -3.8686182498931885
-0.04376237466931343 0.9983962178230286 -0.03591451421380043 0.10483118146657944 -0.04949793964624405 -0.038071632385253906 -0.9980483651161194 -0.726771891117096 -0.9978150129318237 -0.041899263858795166 0.05108465626835823 -3.8679287433624268
-0.0425841361284256 0.9984951615333557 -0.034554798156023026 0.10504160821437836 -0.050772812217473984 -0.03670427203178406 -0.9980355501174927 -0.7263853549957275 -0.9978019595146179 -0.04074602946639061 0.0522594228386879 -3.8686981201171875
-0.04256706312298775 0.998495876789093 -0.0345555916428566 0.10504930466413498 -0.050806306302547455 -0.036705538630485535 -0.9980337619781494 -0.7263956069946289 -0.9978009462356567 -0.04072771966457367 0.05229232832789421 -3.8686182498931885
-0.04689357429742813 0.9982791543006897 -0.03520903363823891 0.10361156612634659 -0.05425126478075981 -0.0377410463988781 -0.9978138208389282 -0.7281833291053772 -0.9974256157875061 -0.04488091543316841 0.055927716195583344 -3.871734142303467
-0.04467490687966347 0.9983334541320801 -0.03653104230761528 0.10545096546411514 -0.05529184639453888 -0.03898248076438904 -0.9977089762687683 -0.7269577980041504 -0.9974702596664429 -0.042552683502435684 0.05694122985005379 -3.873847246170044
-0.0445794016122818 0.9983722567558289 -0.03557373583316803 0.10524184256792068 -0.053536299616098404 -0.037945449352264404 -0.9978446960449219 -0.7260105609893799 -0.9975703358650208 -0.04257882758975029 0.05514073744416237 -3.871800422668457
-0.044797632843256 0.9983812570571899 -0.03504367917776108 0.10523103922605515 -0.0522250272333622 -0.037371400743722916 -0.9979358315467834 -0.7254706025123596 -0.9976300597190857 -0.042875003069639206 0.05381463095545769 -3.870399236679077
-0.04498700052499771 0.9983316659927368 -0.03619559854269028 0.10516685247421265 -0.05145527422428131 -0.03849983587861061 -0.9979329109191895 -0.725317656993866 -0.9976615309715271 -0.04303154721856117 0.05310141667723656 -3.8690195083618164
-0.04492698237299919 0.9983358383178711 -0.03615434095263481 0.10516805201768875 -0.051511041820049286 -0.038457803428173065 -0.9979316592216492 -0.7251676917076111 -0.9976613521575928 -0.04297170788049698 0.053153105080127716 -3.8686447143554688
-0.0449366495013237 0.9983356595039368 -0.03614764288067818 0.10518468916416168 -0.05153297632932663 -0.03845256567001343 -0.9979307651519775 -0.7251310348510742 -0.9976598024368286 -0.0429808609187603 0.05317513272166252 -3.868598699569702
-0.04485797509551048 0.9983410239219666 -0.036096781492233276 0.10511313378810883 -0.051579512655735016 -0.03839953616261482 -0.9979304075241089 -0.7251303195953369 -0.9976609349250793 -0.04290327429771423 0.05321646109223366 -3.868349552154541
-0.04485372453927994 0.9983306527137756 -0.03638749197125435 0.10519829392433167 -0.05103550851345062 -0.038666512817144394 -0.9979480504989624 -0.725433349609375 -0.9976890683174133 -0.042904626578092575 0.05268464609980583 -3.86840558052063
-0.045224983245134354 0.9982909560203552 -0.03701202571392059 0.10503686964511871 -0.05025608837604523 -0.039276622235774994 -0.9979637861251831 -0.7257620692253113 -0.9977118968963623 -0.04327280819416046 0.051946476101875305 -3.8673195838928223
-0.043074484914541245 0.9983991384506226 -0.03665757551789284 0.10579177737236023 -0.05113138630986214 -0.03884657099843025 -0.9979361295700073 -0.7270432710647583 -0.9977625608444214 -0.04111122712492943 0.05272281914949417 -3.870689630508423
-0.042882829904556274 0.9984132647514343 -0.036496736109256744 0.1054505705833435 -0.051350485533475876 -0.038684673607349396 -0.997931182384491 -0.7267363667488098 -0.9977595806121826 -0.04091998189687729 0.052927907556295395 -3.871464967727661
-0.04356793686747551 0.9983891844749451 -0.03634466230869293 0.10483096539974213 -0.04982303828001022 -0.03850525617599487 -0.9980155229568481 -0.7258225679397583 -0.9978073239326477 -0.04167066887021065 0.05142037197947502 -3.868290662765503
-0.043605875223875046 0.9983886480331421 -0.03631240129470825 0.10479395091533661 -0.049979351460933685 -0.03848149627447128 -0.998008668422699 -0.725642204284668 -0.9977979063987732 -0.04170416295528412 0.05157683044672012 -3.868386745452881
-0.04518304020166397 0.9982391595840454 -0.03843321651220322 0.10498077422380447 -0.052576761692762375 -0.04079543799161911 -0.9977832436561584 -0.725766658782959 -0.9975941777229309 -0.043062180280685425 0.05432743951678276 -3.8707165718078613
-0.049372874200344086 0.9978584051132202 -0.0429057851433754 0.10438740998506546 -0.05440448224544525 -0.045581307262182236 -0.9974780678749084 -0.7260947823524475 -0.9972975850105286 -0.04691408947110176 0.05653844401240349 -3.871302843093872
-0.04924613982439041 0.9978669881820679 -0.042851950973272324 0.10459420830011368 -0.05445977672934532 -0.04552290588617325 -0.9974777102470398 -0.726125955581665 -0.9973008632659912 -0.04678821191191673 0.05658543482422829 -3.8713748455047607
-0.04909461736679077 0.9978762269020081 -0.042811065912246704 0.10479703545570374 -0.05451451241970062 -0.045476000756025314 -0.9974768757820129 -0.7261713147163391 -0.9973053336143494 -0.0466369166970253 0.05663135275244713 -3.871345281600952
-0.049025628715753555 0.9978988766670227 -0.04235989227890968 0.10513810813426971 -0.053246304392814636 -0.04496181383728981 -0.997568666934967 -0.7255059480667114 -0.9973772168159485 -0.04665091633796692 0.055338699370622635 -3.869433879852295
-0.04862910881638527 0.9979098439216614 -0.04255817458033562 0.10522167384624481 -0.05215317755937576 -0.04508732631802559 -0.9976207613945007 -0.7254270911216736 -0.9974544048309326 -0.04629386216402054 0.05423671752214432 -3.8679258823394775
-0.04484804719686508 0.9982252717018127 -0.03917895257472992 0.10580477118492126 -0.05470668151974678 -0.041613638401031494 -0.9976349472999573 -0.7271373271942139 -0.9974947571754456 -0.042598623782396317 0.05647587403655052 -3.8741025924682617
-0.04298604652285576 0.9984172582626343 -0.03626534342765808 0.10544377565383911 -0.05565434694290161 -0.038635529577732086 -0.9977023005485535 -0.7263678908348083 -0.9975243210792542 -0.04086894541978836 0.05722704157233238 -3.873134136199951
-0.042958814650774 0.9984208345413208 -0.03619949892163277 0.10536966472864151 -0.05570216476917267 -0.03857013210654259 -0.9977021813392639 -0.7264641523361206 -0.9975228309631348 -0.04084370657801628 0.05727112293243408 -3.873598337173462
-0.04297596588730812 0.9984237551689148 -0.03609858825802803 0.10525453835725784 -0.05581298843026161 -0.03847481682896614 -0.9976996779441833 -0.7265284657478333 -0.9975159168243408 -0.04086233302950859 0.05737849697470665 -3.8736586570739746
-0.04130769520998001 0.9985819458961487 -0.03358244150876999 0.10458925366401672 -0.056621190160512924 -0.03589668869972229 -0.9977502226829529 -0.7251363396644592 -0.9975408315658569 -0.03931327909231186 0.05802370235323906 -3.8722634315490723
-0.04120444506406784 0.998572051525116 -0.03400008752942085 0.10545780509710312 -0.056730687618255615 -0.036312285810709 -0.9977289438247681 -0.7262389659881592 -0.9975388646125793 -0.039182014763355255 0.058145903050899506 -3.874229669570923
-0.0419902503490448 0.998569667339325 -0.03309789299964905 0.10548536479473114 -0.05633493512868881 -0.03544072061777115 -0.9977827072143555 -0.7268587946891785 -0.9975285530090332 -0.04003256931900978 0.057742517441511154 -3.87721586227417
-0.039840396493673325 0.9987863302230835 -0.028958607465028763 0.10499239712953568 -0.056718744337558746 -0.03119543567299843 -0.9979026913642883 -0.7263407111167908 -0.997594952583313 -0.038114339113235474 0.05789273977279663 -3.8751232624053955
-0.039874762296676636 0.9987849593162537 -0.028958657756447792 0.10496107488870621 -0.05671828240156174 -0.031197460368275642 -0.9979026913642883 -0.7263410091400146 -0.9975936412811279 -0.03814864158630371 0.05789335444569588 -3.875180244445801
-0.0398879237473011 0.9987805485725403 -0.029092324897646904 0.10502470284700394 -0.05670379847288132 -0.03133121877908707 -0.9978992938995361 -0.726518452167511 -0.9975939393043518 -0.0381544791162014 0.05788438394665718 -3.8749165534973145
-0.03874050825834274 0.998818039894104 -0.029355023056268692 0.10478250682353973 -0.05608487129211426 -0.03150422126054764 -0.9979288578033447 -0.7255517840385437 -0.9976741075515747 -0.03701389208436012 0.05723906308412552 -3.871917247772217
-0.03878980875015259 0.9988129138946533 -0.029463034123182297 0.10482880473136902 -0.05612819641828537 -0.03161657229065895 -0.9979228377342224 -0.7255387306213379 -0.9976697564125061 -0.03705552592873573 0.05728796496987343 -3.871217727661133
-0.04219549894332886 0.9985952377319336 -0.03204934671521187 0.10364561527967453 -0.056809261441230774 -0.03442402184009552 -0.9977914094924927 -0.7270684838294983 -0.9974929690361023 -0.04028160125017166 0.058181989938020706 -3.872785806655884
-0.04240451380610466 0.998576283454895 -0.032361339777708054 0.10389202833175659 -0.05694165825843811 -0.03475332260131836 -0.9977724552154541 -0.7267777919769287 -0.9974765777587891 -0.04046734422445297 0.05833428353071213 -3.87337064743042
-0.042432576417922974 0.9985744953155518 -0.03237947076559067 0.10406503826379776 -0.0568803995847702 -0.03477058932185173 -0.9977753162384033 -0.7271624803543091 -0.9974789023399353 -0.04049641638994217 0.05827471613883972 -3.8729031085968018
-0.04261498525738716 0.9985780119895935 -0.03203080594539642 0.10568734258413315 -0.05707021802663803 -0.03444059193134308 -0.9977759718894958 -0.7261933088302612 -0.9974602460861206 -0.04069219529628754 0.05845674127340317 -3.874499797821045
-0.042628489434719086 0.9985781908035278 -0.03200614079833031 0.10581406950950623 -0.05715589597821236 -0.03442023694515228 -0.9977717399597168 -0.7262309193611145 -0.9974547624588013 -0.0407041572034359 0.058541908860206604 -3.8744559288024902
-0.04560545086860657 0.9982743859291077 -0.03699119761586189 0.10561500489711761 -0.05907883495092392 -0.03966018930077553 -0.997465193271637 -0.7274028658866882 -0.9972110390663147 -0.0433044470846653 0.060785602778196335 -3.87837290763855
-0.04154796898365021 0.998568058013916 -0.03369811922311783 0.10664945095777512 -0.06103945150971413 -0.03620105981826782 -0.9974786639213562 -0.7275334596633911 -0.9972702264785767 -0.039386291056871414 0.06245611980557442 -3.8782482147216797
-0.04118824377655983 0.9986057281494141 -0.03301664814352989 0.10550100356340408 -0.05955877900123596 -0.03543980047106743 -0.997595489025116 -0.7261946201324463 -0.9973747134208679 -0.039122771471738815 0.06093543767929077 -3.877533435821533
-0.040622007101774216 0.9986562132835388 -0.032181255519390106 0.1051994115114212 -0.05836328864097595 -0.03452441468834877 -0.9976982474327087 -0.726139485836029 -0.9974685907363892 -0.03865029662847519 0.059687308967113495 -3.874741554260254
-0.04063417389988899 0.9986569285392761 -0.03214295208454132 0.1051936149597168 -0.05837802216410637 -0.03448744863271713 -0.9976986646652222 -0.7261084914207458 -0.9974672198295593 -0.03866421431303024 0.05970098078250885 -3.8747003078460693
-0.04063909500837326 0.9986571073532104 -0.03213142231106758 0.10518677532672882 -0.058382797986269 -0.03447640687227249 -0.9976987838745117 -0.7260723114013672 -0.9974667429924011 -0.0386696495115757 0.05970548093318939 -3.874652147293091
-0.040060486644506454 0.9986792802810669 -0.03216898441314697 0.10498158633708954 -0.0586843304336071 -0.03449084982275963 -0.9976806044578552 -0.7262330055236816 -0.9974724650382996 -0.038079749792814255 0.059988539665937424 -3.871368169784546
-0.040077660232782364 0.9986782073974609 -0.03218139708042145 0.10496185719966888 -0.05866507813334465 -0.034503545612096786 -0.9976812601089478 -0.7262134552001953 -0.997472882270813 -0.03809680417180061 0.059970349073410034 -3.8712565898895264
-0.041319046169519424 0.9986092448234558 -0.032746586948633194 0.10492943227291107 -0.0588427409529686 -0.03514979034662247 -0.9976482391357422 -0.7266896367073059 -0.9974117875099182 -0.03929496929049492 0.060213252902030945 -3.869380235671997
-0.03932422026991844 0.9986637234687805 -0.03353098779916763 0.10553742200136185 -0.05905134230852127 -0.035820938646793365 -0.9976120591163635 -0.727357029914856 -0.9974800944328308 -0.03725026175379753 0.06038105860352516 -3.8723814487457275
-0.039305996149778366 0.9986640214920044 -0.03354451805353165 0.10558013617992401 -0.05903526395559311 -0.03583275154232979 -0.9976125955581665 -0.7274144291877747 -0.9974817633628845 -0.03723184019327164 0.06036483123898506 -3.872382640838623
-0.03937769681215286 0.998663067817688 -0.03348788991570473 0.10545738786458969 -0.05907563120126724 -0.03578202426433563 -0.9976119995117188 -0.727186918258667 -0.9974765777587891 -0.03730533644556999 0.060405660420656204 -3.87284779548645
-0.040195710957050323 0.9986491799354553 -0.03292691335082054 0.10511461645364761 -0.05794258043169975 -0.035227756947278976 -0.997698187828064 -0.7260626554489136 -0.9975103735923767 -0.03819531202316284 0.05928030610084534 -3.870406150817871
-0.04044022411108017 0.998599112033844 -0.03412344679236412 0.10492673516273499 -0.05690641701221466 -0.03639780730009079 -0.9977158308029175 -0.7261161804199219 -0.9975601434707642 -0.03840600326657295 0.05829862877726555 -3.8691632747650146
-0.04341335967183113 0.9983593821525574 -0.0373346284031868 0.10471966117620468 -0.0588449127972126 -0.03986026346683502 -0.997471034526825 -0.7275131940841675 -0.997322678565979 -0.041106611490249634 0.06047883257269859 -3.8732097148895264
-0.044726159423589706 0.9983742237091064 -0.035334762185811996 0.10402364283800125 -0.06233697384595871 -0.03809037432074547 -0.9973280429840088 -0.729213297367096 -0.9970524907112122 -0.04240398481488228 0.06393925845623016 -3.877338171005249
-0.04471762478351593 0.9983745217323303 -0.03533569350838661 0.10395646095275879 -0.062314722687006 -0.0380898155272007 -0.9973294734954834 -0.7293820381164551 -0.9970542788505554 -0.042396266013383865 0.06391671299934387 -3.8775315284729004
-0.04477255046367645 0.9983602166175842 -0.03566999360918999 0.10423487424850464 -0.062404926866292953 -0.03843112289905548 -0.9973106980323792 -0.7291995286941528 -0.997046172618866 -0.042426154017448425 0.06402324885129929 -3.8782553672790527
-0.041987478733062744 0.9983664155006409 -0.03874969109892845 0.1058463454246521 -0.06493908911943436 -0.04142887145280838 -0.9970288872718811 -0.7284084558486938 -0.9970055222511292 -0.039346352219581604 0.06657249480485916 -3.879523277282715
-0.04161280021071434 0.9983825087547302 -0.03873911499977112 0.10580529272556305 -0.06406322866678238 -0.0413590744137764 -0.9970884323120117 -0.7268326282501221 -0.9970778822898865 -0.039009883999824524 0.06568066775798798 -3.878981828689575
-0.041598331183195114 0.9983834624290466 -0.03873084858059883 0.10588399320840836 -0.06408391892910004 -0.041350677609443665 -0.9970874786376953 -0.7267866134643555 -0.9970771670341492 -0.03899514302611351 0.06570043414831161 -3.879173517227173
-0.04349149391055107 0.9983530640602112 -0.03741154447197914 0.10483771562576294 -0.05974537879228592 -0.03997901454567909 -0.9974127411842346 -0.7251445055007935 -0.9972657561302185 -0.04114379733800888 0.06138572469353676 -3.873659133911133
-0.04346303641796112 0.9983539581298828 -0.037421345710754395 0.10492157936096191 -0.05970418080687523 -0.03998535871505737 -0.9974149465560913 -0.7253061532974243 -0.9972694516181946 -0.041116464883089066 0.061343781650066376 -3.8730099201202393
-0.04343928024172783 0.9983551502227783 -0.037417665123939514 0.104922816157341 -0.059718746691942215 -0.039980821311473846 -0.9974142909049988 -0.7251995205879211 -0.9972696304321289 -0.041092414408922195 0.061357248574495316 -3.872953176498413
-0.0423552580177784 0.9985295534133911 -0.033835269510746 0.10517539829015732 -0.05790538340806961 -0.03626213222742081 -0.9976632595062256 -0.7255914211273193 -0.9974231719970703 -0.04029703512787819 0.059356123208999634 -3.869802474975586
-0.04234151914715767 0.9985299110412598 -0.03384177014231682 0.10518438369035721 -0.057887423783540726 -0.03626708313822746 -0.9976641535758972 -0.7255553007125854 -0.9974247813224792 -0.04028359800577164 0.05933791771531105 -3.869718551635742
-0.04353197664022446 0.9984363913536072 -0.03506762906908989 0.10503297299146652 -0.05686229467391968 -0.0375201590359211 -0.9976767897605896 -0.7261905670166016 -0.9974325299263 -0.0414368100464344 0.058406706899404526 -3.868443012237549
-0.04348344728350639 0.9984402656555176 -0.03501713275909424 0.10495781898498535 -0.05692809075117111 -0.037469591945409775 -0.9976749420166016 -0.7260876893997192 -0.9974309206008911 -0.04138888046145439 0.05846860259771347 -3.868607521057129
-0.04346922039985657 0.9984403252601624 -0.03503326699137688 0.10496335476636887 -0.05697658658027649 -0.03748689219355583 -0.9976714849472046 -0.7260947227478027 -0.9974287748336792 -0.04137192294001579 0.05851724371314049 -3.868494749069214
-0.04153609275817871 0.9985988140106201 -0.032789282500743866 0.10547047853469849 -0.05718352273106575 -0.035139765590429306 -0.9977450966835022 -0.7269105911254883 -0.9974992871284485 -0.03956741839647293 0.05856296420097351 -3.8714756965637207
-0.04150776565074921 0.9986040592193604 -0.03266536816954613 0.10545415431261063 -0.05723360553383827 -0.03501627966761589 -0.9977465271949768 -0.7269517183303833 -0.99749755859375 -0.039544668048620224 0.058607153594493866 -3.8717072010040283
-0.04159338399767876 0.9985647797584534 -0.033740028738975525 0.10544651746749878 -0.0561387874186039 -0.03605160117149353 -0.9977718591690063 -0.7265836000442505 -0.997556209564209 -0.03960657864809036 0.05755772069096565 -3.8705856800079346
-0.04123891890048981 0.9985536932945251 -0.03449437767267227 0.1054854467511177 -0.0559719055891037 -0.036778345704078674 -0.9977547526359558 -0.7270628213882446 -0.997580349445343 -0.039215605705976486 0.057407647371292114 -3.8725473880767822
-0.0412571020424366 0.9985516667366028 -0.0345316007733345 0.10552038997411728 -0.05597532168030739 -0.03681671991944313 -0.9977531433105469 -0.7271196842193604 -0.9975793957710266 -0.03923147916793823 0.05741319805383682 -3.872570037841797
-0.041256748139858246 0.9985512495040894 -0.034544121474027634 0.10556236654520035 -0.05596740171313286 -0.0368288978934288 -0.9977531433105469 -0.7271894812583923 -0.99757981300354 -0.039230700582265854 0.057405754923820496 -3.8725991249084473
-0.04160958528518677 0.9985231757164001 -0.03493034094572067 0.1047254428267479 -0.05465716868638992 -0.037183113396167755 -0.9978126287460327 -0.7261460423469543 -0.9976378083229065 -0.03960937261581421 0.05612361803650856 -3.868889808654785
-0.04162968695163727 0.9985226392745972 -0.03492114320397377 0.1047130823135376 -0.05467591807246208 -0.037175796926021576 -0.9978118538856506 -0.7261096239089966 -0.9976359605789185 -0.039629243314266205 0.05614275485277176 -3.8688228130340576
-0.04077039286494255 0.9985678791999817 -0.034640900790691376 0.10527339577674866 -0.05395546182990074 -0.03681943938136101 -0.997864305973053 -0.7270082831382751 -0.9977107048034668 -0.038814250379800797 0.05537932738661766 -3.8731558322906494
-0.040749769657850266 0.9985682368278503 -0.034654684364795685 0.10530374199151993 -0.0540420264005661 -0.0368354357779026 -0.997859001159668 -0.726895272731781 -0.9977068305015564 -0.03878971189260483 0.05546567961573601 -3.8736512660980225
-0.041740287095308304 0.9985591769218445 -0.03372417017817497 0.10510292649269104 -0.053417645394802094 -0.0359356589615345 -0.9979254603385925 -0.7256730794906616 -0.997699499130249 -0.03985222429037094 0.05484063923358917 -3.8710386753082275
-0.04207697510719299 0.9985176920890808 -0.03452545404434204 0.10480092465877533 -0.05314011871814728 -0.03674377128481865 -0.9979108572006226 -0.7254227995872498 -0.9977002143859863 -0.04015437886118889 0.05460740625858307 -3.870361328125
-0.04211388900876045 0.9985181093215942 -0.03446822613477707 0.10479120165109634 -0.05317069590091705 -0.03668982908129692 -0.9979112148284912 -0.7253380417823792 -0.9976969957351685 -0.04019321873784065 0.05463704466819763 -3.870281934738159
-0.042724609375 0.9984530210494995 -0.03558402881026268 0.10484629124403 -0.052701685577631 -0.03781925514340401 -0.9978939294815063 -0.7258684635162354 -0.9976959228515625 -0.04075928404927254 0.05423596501350403 -3.869230270385742
-0.04124201461672783 0.9985569715499878 -0.03439626470208168 0.10564742237329483 -0.05356884375214577 -0.03658590465784073 -0.9978936910629272 -0.7270011901855469 -0.9977121353149414 -0.03931257501244545 0.055000413209199905 -3.8743574619293213
-0.04192177578806877 0.9985231757164001 -0.03455517068505287 0.10487764328718185 -0.052540116012096405 -0.03674091771245003 -0.9979426860809326 -0.7262710332870483 -0.9977384805679321 -0.04001999273896217 0.05400276184082031 -3.8708059787750244
-0.04189799353480339 0.9985256791114807 -0.03451091796159744 0.10491638630628586 -0.05265595391392708 -0.0367000512778759 -0.9979380965232849 -0.7261716723442078 -0.9977334141731262 -0.03999439254403114 0.05411597341299057 -3.8708839416503906
-0.04190489649772644 0.9985243678092957 -0.03454131633043289 0.10488317161798477 -0.05268673226237297 -0.03673204034566879 -0.9979352951049805 -0.726166307926178 -0.9977314472198486 -0.03999850153923035 0.05414823070168495 -3.870760917663574
-0.040695592761039734 0.9986805319786072 -0.031321391463279724 0.10516688227653503 -0.052766021341085434 -0.03345169126987457 -0.9980464577674866 -0.7267603874206543 -0.9977773427963257 -0.038963381201028824 0.05405772849917412 -3.8742711544036865
-0.03892740607261658 0.9988080859184265 -0.02944565750658512 0.10550231486558914 -0.05355847626924515 -0.031511206179857254 -0.9980673789978027 -0.7264707088470459 -0.997805655002594 -0.037275101989507675 0.05472128465771675 -3.8725619316101074
-0.039262570440769196 0.9987331032752991 -0.03147534653544426 0.10536900907754898 -0.05379386991262436 -0.03356662392616272 -0.9979877471923828 -0.7267320156097412 -0.997779905796051 -0.037490375339984894 0.055043622851371765 -3.871610403060913
-0.03926302492618561 0.9987320899963379 -0.031507089734077454 0.10539501160383224 -0.05381077155470848 -0.03359900787472725 -0.9979857206344604 -0.7267817854881287 -0.9977789521217346 -0.03748851269483566 0.055061738938093185 -3.871619939804077
-0.042369525879621506 0.9984875321388245 -0.03503582254052162 0.10488241165876389 -0.052481576800346375 -0.037243153899908066 -0.997927188873291 -0.7260637879371643 -0.9977226853370667 -0.04044296219944954 0.05398016795516014 -3.8681414127349854
-0.042201463133096695 0.9984880089759827 -0.035224415361881256 0.10554832220077515 -0.052041515707969666 -0.03740478679537773 -0.997944176197052 -0.7267243266105652 -0.997752845287323 -0.040281567722558975 0.053541358560323715 -3.8717973232269287
-0.045444101095199585 0.998236894607544 -0.03818322718143463 0.10485757887363434 -0.05376622453331947 -0.04061141610145569 -0.9977273941040039 -0.7281346917152405 -0.9975189566612244 -0.04328785091638565 0.05551696941256523 -3.8772847652435303
-0.045453596860170364 0.9982361197471619 -0.0381912961602211 0.104848213493824 -0.05377675220370293 -0.04062046483159065 -0.9977264404296875 -0.7282728552818298 -0.9975179433822632 -0.0432964451611042 0.05552823841571808 -3.8774819374084473
-0.04543066397309303 0.9982370734214783 -0.03819497302174568 0.10495733469724655 -0.05375463142991066 -0.04062190651893616 -0.9977275729179382 -0.7283542156219482 -0.9975201487541199 -0.04327426105737686 0.05550533905625343 -3.877950429916382
-0.043634627014398575 0.9984391331672668 -0.0348609983921051 0.10547582805156708 -0.05419422313570976 -0.03720841929316521 -0.9978369474411011 -0.7257163524627686 -0.9975765943527222 -0.04165097326040268 0.05573320388793945 -3.8723459243774414
-0.04355364292860031 0.9984407424926758 -0.034917037934064865 0.10549456626176834 -0.05422066152095795 -0.037261005491018295 -0.9978335499763489 -0.7256763577461243 -0.9975786805152893 -0.04156605526804924 0.05575896427035332 -3.872114658355713
-0.04354242607951164 0.9984419345855713 -0.03489615395665169 0.10553769767284393 -0.05423615872859955 -0.037240151315927505 -0.9978334903717041 -0.725630521774292 -0.9975783228874207 -0.04155545309185982 0.05577317625284195 -3.872103691101074
-0.04342697933316231 0.99844890832901 -0.03484154865145683 0.10540832579135895 -0.05422763153910637 -0.03717877343297005 -0.9978362321853638 -0.7256926894187927 -0.99758380651474 -0.041443634778261185 0.055758073925971985 -3.871947765350342
-0.04360203444957733 0.9984384775161743 -0.034920837730169296 0.10503701865673065 -0.05316832289099693 -0.037223584949970245 -0.9978915452957153 -0.7255204319953918 -0.9976332187652588 -0.04165341332554817 0.054708316922187805 -3.870885133743286
-0.044497814029455185 0.9983490705490112 -0.03631872683763504 0.1046733558177948 -0.05737549811601639 -0.03884866088628769 -0.9975965619087219 -0.7271225452423096 -0.9973605275154114 -0.0423070527613163 0.059009451419115067 -3.8720576763153076
-0.04487812891602516 0.9983104467391968 -0.03690900281071663 0.10484131425619125 -0.05636023357510567 -0.03941754996776581 -0.9976320862770081 -0.7258081436157227 -0.9974013566970825 -0.042691655457019806 0.05803399160504341 -3.8697657585144043
-0.04488290473818779 0.9983101487159729 -0.03691016882658005 0.10484515130519867 -0.05636368691921234 -0.03941914439201355 -0.997631847858429 -0.7257776260375977 -0.9974009394645691 -0.04269621521234512 0.05803767964243889 -3.8697099685668945
-0.045259494334459305 0.9983141422271729 -0.03633739799261093 0.10480483621358871 -0.055764418095350266 -0.03884274885058403 -0.9976881146430969 -0.7257117629051208 -0.9974176287651062 -0.043128520250320435 0.057428404688835144 -3.8690762519836426
-0.04299800097942352 0.9984922409057617 -0.0341230183839798 0.1049577072262764 -0.054753948003053665 -0.036458395421504974 -0.9978340268135071 -0.7260188460350037 -0.9975736737251282 -0.041036494076251984 0.05623902752995491 -3.8680601119995117
-0.043000128120183945 0.9984912276268005 -0.03415113314986229 0.10491053014993668 -0.05487506091594696 -0.03649159520864487 -0.9978261590003967 -0.7258333563804626 -0.9975668787956238 -0.04103260114789009 0.056361403316259384 -3.8680567741394043
-0.043150369077920914 0.9984772205352783 -0.03436955437064171 0.10467763990163803 -0.05479108914732933 -0.036714885383844376 -0.9978225827217102 -0.7262789011001587 -0.9975650310516357 -0.041173264384269714 0.05629190802574158 -3.8678741455078125
-0.043156690895557404 0.998477041721344 -0.03436729311943054 0.10465101897716522 -0.05482473224401474 -0.03671437129378319 -0.9978207945823669 -0.7263049483299255 -0.9975628852844238 -0.04117846116423607 0.056325700134038925 -3.8677947521209717
-0.04423972964286804 0.9983770847320557 -0.03586213290691376 0.10496323555707932 -0.05282502621412277 -0.038184814155101776 -0.9978734850883484 -0.7258701920509338 -0.9976233839988708 -0.04225122928619385 0.054428573697805405 -3.866128444671631
-0.044249534606933594 0.9983755350112915 -0.03589297831058502 0.10496843606233597 -0.05281558632850647 -0.03821577504277229 -0.9978727698326111 -0.7258719801902771 -0.9976234436035156 -0.04225969314575195 0.05442081019282341 -3.8660943508148193
-0.04425480589270592 0.9983748197555542 -0.03590531274676323 0.10498137772083282 -0.052808839827775955 -0.0382281057536602 -0.9978726506233215 -0.7258754968643188 -0.9976235628128052 -0.042264536023139954 0.0544147863984108 -3.866001844406128
-0.044187210500240326 0.9983815550804138 -0.03580200672149658 0.10493318736553192 -0.052962254732847214 -0.038127657026052475 -0.9978683590888977 -0.7256132960319519 -0.9976184368133545 -0.042196862399578094 0.05456128716468811 -3.86639142036438
-0.040912188589572906 0.9985990524291992 -0.033557161688804626 0.10494472086429596 -0.053995516151189804 -0.03574588894844055 -0.9979011416435242 -0.7260573506355286 -0.9977027177810669 -0.03901437669992447 0.05538231134414673 -3.871056079864502
-0.041817862540483475 0.9985479712486267 -0.03395985811948776 0.10467792302370071 -0.05279355123639107 -0.036150481551885605 -0.9979509115219116 -0.7253486514091492 -0.997729480266571 -0.03993930667638779 0.05422862246632576 -3.8683061599731445
-0.04263627901673317 0.9984731078147888 -0.03512263670563698 0.10478275269269943 -0.05217242240905762 -0.037331730127334595 -0.9979400634765625 -0.7253381013870239 -0.9977275133132935 -0.0407160148024559 0.05368443951010704 -3.8671183586120605
-0.04263392090797424 0.9984720945358276 -0.035155270248651505 0.10479538887739182 -0.05225645378232002 -0.037367649376392365 -0.9979343414306641 -0.7252537608146667 -0.9977232217788696 -0.0407087579369545 0.053769733756780624 -3.8671393394470215
-0.042621366679668427 0.9984731674194336 -0.03513896465301514 0.10479439795017242 -0.052253298461437225 -0.037350546568632126 -0.9979351162910461 -0.7252201437950134 -0.9977239370346069 -0.04069722816348076 0.053765442222356796 -3.867069721221924
-0.04262085258960724 0.9984727501869202 -0.03515108302235603 0.10479293018579483 -0.052240628749132156 -0.03736211359500885 -0.9979353547096252 -0.7251625657081604 -0.9977245926856995 -0.040696535259485245 0.05375324562191963 -3.8669450283050537
