# 3x4 first row second row third row Freq: 250 current Time: 2020-10-01-15:44:12
-0.002523191040381789 0.9994878768920898 -0.03190065547823906 1.5531041622161865 -0.04882131516933441 -0.03198583424091339 -0.998295247554779 -0.7698277831077576 -0.9988043308258057 -0.0009614633163437247 0.04887702316045761 -3.8349905014038086
-0.0025266765151172876 0.9994817972183228 -0.03208903223276138 1.5531878471374512 -0.04876301810145378 -0.03217409923672676 -0.9982920289039612 -0.7698021531105042 -0.9988071918487549 -0.0009576085722073913 0.04881905019283295 -3.8349313735961914
-0.0019102577352896333 0.9994897246360779 -0.031885068863630295 1.5532562732696533 -0.048412103205919266 -0.031940169632434845 -0.9983166456222534 -0.7692569494247437 -0.9988256096839905 -0.0003634244203567505 0.04844841733574867 -3.835110664367676
-0.0018921635346487164 0.9994888305664062 -0.031914547085762024 1.5532516241073608 -0.048433370888233185 -0.03196874260902405 -0.9983146786689758 -0.7692458629608154 -0.9988245964050293 -0.00034325107117183506 0.04846910759806633 -3.8351056575775146
-0.0024535744450986385 0.9995244741439819 -0.03073800727725029 1.5528769493103027 -0.04824233427643776 -0.030820613726973534 -0.9983600378036499 -0.7701867818832397 -0.998832643032074 -0.0009666831465438008 0.048295021057128906 -3.834700584411621
-0.00243372586555779 0.9995241761207581 -0.030748946592211723 1.5528371334075928 -0.048237394541502 -0.03083057887852192 -0.9983599781990051 -0.7702441811561584 -0.9988329410552979 -0.000946490908972919 0.04828948155045509 -3.834656000137329
-0.0024136060383170843 0.9995196461677551 -0.030897490680217743 1.5528987646102905 -0.048170026391744614 -0.030977915972471237 -0.9983586668968201 -0.7702377438545227 -0.9988362193107605 -0.0009213172597810626 0.048221662640571594 -3.834510326385498
-0.0024139315355569124 0.9994990825653076 -0.03155605494976044 1.5528448820114136 -0.04784468561410904 -0.03163543716073036 -0.9983536601066589 -0.7691500186920166 -0.9988518357276917 -0.0009001736179925501 0.0478970929980278 -3.834439754486084
-0.0024682837538421154 0.9994940161705017 -0.03171144053339958 1.5528080463409424 -0.04785926640033722 -0.031793262809515 -0.9983479976654053 -0.7690673470497131 -0.9988510608673096 -0.0009465256007388234 0.047913532704114914 -3.8342957496643066
-0.002468041842803359 0.9994940161705017 -0.03171078860759735 1.5527960062026978 -0.047860629856586456 -0.03179259970784187 -0.9983479380607605 -0.7690542340278625 -0.99885094165802 -0.0009462717571295798 0.047914884984493256 -3.834270477294922
-0.0021076500415802 0.9995198845863342 -0.030912267044186592 1.5530476570129395 -0.04834800586104393 -0.03097803331911564 -0.9983500242233276 -0.7697817087173462 -0.9988283514976501 -0.0006096316501498222 0.048390090465545654 -3.8349058628082275
-0.0020919672679156065 0.9995201230049133 -0.030904419720172882 1.5530341863632202 -0.04835175350308418 -0.030969437211751938 -0.9983501434326172 -0.7697997093200684 -0.9988281726837158 -0.000594238459598273 0.04839334636926651 -3.8348934650421143
-0.0017535346560180187 0.9995115399360657 -0.031202951446175575 1.5529524087905884 -0.04973306134343147 -0.03125154599547386 -0.998273491859436 -0.7691472172737122 -0.998760998249054 -0.0001986944698728621 0.049763575196266174 -3.835084915161133
-0.0025871817488223314 0.9994913935661316 -0.03178434073925018 1.5526529550552368 -0.049555450677871704 -0.03187353536486626 -0.9982626438140869 -0.7690615057945251 -0.9987680315971375 -0.0010076052276417613 0.04961271584033966 -3.834418296813965
-0.002409696578979492 0.9994875192642212 -0.03191954270005226 1.5525904893875122 -0.04935974255204201 -0.031999606639146805 -0.9982683062553406 -0.769111692905426 -0.9987781643867493 -0.000829988915938884 0.04941156134009361 -3.834271192550659
-0.0028990921564400196 0.9994591474533081 -0.03275593742728233 1.5529370307922363 -0.050275545567274094 -0.032860320061445236 -0.9981946349143982 -0.7686928510665894 -0.9987311959266663 -0.001247041393071413 0.050343625247478485 -3.834465503692627
-0.0012845494784414768 0.9994670748710632 -0.03261810541152954 1.5535647869110107 -0.051217786967754364 -0.03264107555150986 -0.9981539249420166 -0.7694970369338989 -0.998686671257019 0.0003884434700012207 0.05123242363333702 -3.8357443809509277
-0.002421898301690817 0.9994557499885559 -0.03289875015616417 1.5531092882156372 -0.05123212933540344 -0.03297964856028557 -0.9981420636177063 -0.7689692974090576 -0.9986838102340698 -0.0007319311844184995 0.051284126937389374 -3.834740400314331
-0.00350385089404881 0.9994028210639954 -0.034376200288534164 1.552708387374878 -0.052908919751644135 -0.034513529390096664 -0.9980027079582214 -0.7690242528915405 -0.9985932111740112 -0.0016780508449301124 0.05299826338887215 -3.8341994285583496
-0.002512617502361536 0.9994347095489502 -0.03352486342191696 1.5531619787216187 -0.0526747964322567 -0.03361069783568382 -0.9980459213256836 -0.7695534229278564 -0.9986085295677185 -0.0007417977903969586 0.05272947996854782 -3.8350725173950195
-0.0024487865157425404 0.9994351863861084 -0.03351617231965065 1.553229570388794 -0.05261554196476936 -0.03359861299395561 -0.9980494379997253 -0.7695298194885254 -0.9986118078231812 -0.0006805440643802285 0.05266810581088066 -3.835087776184082
-0.0029292255640029907 0.9994533658027649 -0.032929111272096634 1.5529403686523438 -0.053426194936037064 -0.03303862735629082 -0.998025119304657 -0.7699546813964844 -0.998567521572113 -0.0011641692835837603 0.05349377542734146 -3.834779739379883
-0.0028046048246324062 0.9994518160820007 -0.03298727050423622 1.5529112815856934 -0.05336468294262886 -0.033089976757764816 -0.9980266690254211 -0.7699372172355652 -0.9985711574554443 -0.0010387207148596644 0.05342824012041092 -3.834829807281494
-0.001227495027706027 0.9994779825210571 -0.032283853739500046 1.5534117221832275 -0.053718630224466324 -0.03230316564440727 -0.9980334639549255 -0.7703025937080383 -0.9985553622245789 0.0005091577186249197 0.05373024567961693 -3.83587908744812
-0.0013736814726144075 0.9994757771492004 -0.03234660252928734 1.5535814762115479 -0.053677450865507126 -0.032373689115047455 -0.9980334043502808 -0.770075261592865 -0.9985573887825012 0.00036529742646962404 0.05369378626346588 -3.8359591960906982
-0.001975715160369873 0.9994525909423828 -0.033023517578840256 1.5532947778701782 -0.05302762612700462 -0.03308182582259178 -0.9980449080467224 -0.7687826156616211 -0.9985910654067993 -0.00022069925034884363 0.05306396633386612 -3.8348686695098877
-0.0019469278631731868 0.9994527101516724 -0.03302285075187683 1.55330228805542 -0.05302370339632034 -0.03307963162660599 -0.9980452060699463 -0.7687247395515442 -0.9985913634300232 -0.0001921337825478986 0.05305909365415573 -3.834868907928467
-0.001988151576370001 0.9994326233863831 -0.03362172469496727 1.5530130863189697 -0.05220140144228935 -0.033679671585559845 -0.9980684518814087 -0.7684258818626404 -0.9986345767974854 -0.00022921575873624533 0.05223875120282173 -3.8345401287078857
-0.00132334278896451 0.9994416236877441 -0.03338661044836044 1.5532230138778687 -0.051946770399808884 -0.033410266041755676 -0.9980908036231995 -0.7688866853713989 -0.998649001121521 0.00041350474930368364 0.0519619844853878 -3.8349342346191406
-0.0008392554591409862 0.9994704723358154 -0.032528165727853775 1.5532914400100708 -0.05092558264732361 -0.03252867981791496 -0.9981725811958313 -0.7692363858222961 -0.9987021088600159 0.000818788364995271 0.05092592164874077 -3.835237503051758
7.604410347994417e-05 0.9994751811027527 -0.0323927216231823 1.553390383720398 -0.05023631453514099 -0.03234799951314926 -0.9982133507728577 -0.769391655921936 -0.9987373352050781 0.0017031936440616846 0.05020749568939209 -3.8353168964385986
7.189527968876064e-05 0.9994754791259766 -0.03238528594374657 1.5534073114395142 -0.05024116113781929 -0.032340772449970245 -0.9982133507728577 -0.7694073915481567 -0.998737096786499 0.0016988356364890933 0.05021248757839203 -3.8353447914123535
5.0532384193502367e-05 0.9994729161262512 -0.03246300294995308 1.5533547401428223 -0.050246600061655045 -0.03241945430636406 -0.9982105493545532 -0.7694134712219238 -0.9987368583679199 0.001681591966189444 0.05021848529577255 -3.8354108333587646
0.00045260353363119066 0.9994745850563049 -0.03240804374217987 1.553253173828125 -0.049632929265499115 -0.03234564885497093 -0.9982436299324036 -0.7693319916725159 -0.9987674355506897 0.00206030928529799 0.04959221929311752 -3.8352251052856445
0.00044878068729303777 0.9994745254516602 -0.032410815358161926 1.5532543659210205 -0.0496281236410141 -0.03234861418604851 -0.9982437491416931 -0.7693342566490173 -0.9987676739692688 0.0020564747974276543 0.04958753287792206 -3.8352296352386475
8.894484199117869e-05 0.9994528889656067 -0.03307434171438217 1.5530747175216675 -0.04925084114074707 -0.03302982077002525 -0.9982401132583618 -0.7687411904335022 -0.998786449432373 0.0017177219269797206 0.049220964312553406 -3.8346800804138184
-0.0023026629351079464 0.9994184374809265 -0.034022070467472076 1.5527944564819336 -0.05079943314194679 -0.03409513458609581 -0.9981266856193542 -0.7690216302871704 -0.9987062215805054 -0.0005700531182810664 0.050848402082920074 -3.8339293003082275
-0.00311753386631608 0.9993879795074463 -0.034842297434806824 1.552774429321289 -0.051977720111608505 -0.03495730832219124 -0.9980362057685852 -0.7692041397094727 -0.9986433982849121 -0.0013003941858187318 0.05205489322543144 -3.833937406539917
-0.0030041998252272606 0.9993863701820374 -0.03489697724580765 1.5526701211929321 -0.05190363526344299 -0.035005927085876465 -0.9980383515357971 -0.7692566514015198 -0.9986475706100464 -0.001187032088637352 0.05197696015238762 -3.83383846282959
-0.0032012085430324078 0.9993792176246643 -0.03508460149168968 1.5527368783950806 -0.05199067294597626 -0.03520365431904793 -0.9980269074440002 -0.7694665193557739 -0.9986424446105957 -0.0013708258047699928 0.05207109823822975 -3.834031343460083
-0.0032081124372780323 0.9993795156478882 -0.03507533296942711 1.5527291297912598 -0.051990460604429245 -0.0351947620511055 -0.9980272054672241 -0.7694866061210632 -0.9986424446105957 -0.0013782063033431768 0.052071116864681244 -3.834005355834961
-0.003725446993485093 0.9993610978126526 -0.03554530814290047 1.5530338287353516 -0.05223114416003227 -0.03569149225950241 -0.997996985912323 -0.7690097093582153 -0.9986280798912048 -0.0018614184809848666 0.05233074724674225 -3.834364175796509
-0.004824492149055004 0.9993318915367126 -0.03622749075293541 1.5526493787765503 -0.053263090550899506 -0.03643328323960304 -0.9979156255722046 -0.7694284319877625 -0.9985688328742981 -0.0028848538640886545 0.05340328440070152 -3.834012985229492
-0.003291888628154993 0.999405562877655 -0.03431785851716995 1.5531951189041138 -0.051899541169404984 -0.034442536532878876 -0.9980581998825073 -0.7688369154930115 -0.9986468553543091 -0.001504420768469572 0.051982078701257706 -3.834960699081421
-0.004835468251258135 0.9993776082992554 -0.03494343161582947 1.552842617034912 -0.05403624102473259 -0.035153914242982864 -0.9979199767112732 -0.7695830464363098 -0.9985272884368896 -0.0029372042044997215 0.05417259782552719 -3.834240674972534
-0.00466337101534009 0.9993575215339661 -0.03553552180528641 1.5529743432998657 -0.05338423326611519 -0.03573402389883995 -0.9979344606399536 -0.7690858840942383 -0.9985631704330444 -0.002756707603111863 0.053516585379838943 -3.8342716693878174
-0.00474399421364069 0.9993402361869812 -0.036007653921842575 1.5529381036758423 -0.053293365985155106 -0.03620954602956772 -0.9979221820831299 -0.7688749432563782 -0.9985676407814026 -0.0028151734732091427 0.0534299872815609 -3.834423065185547
-0.004375513177365065 0.9993436336517334 -0.03596111387014389 1.5530577898025513 -0.05329911783337593 -0.03614339604973793 -0.997924268245697 -0.769423246383667 -0.9985690116882324 -0.002449740655720234 0.05342228710651398 -3.834606409072876
-0.007159570697695017 0.9992746114730835 -0.03740246966481209 1.5527364015579224 -0.05550446733832359 -0.03774288296699524 -0.9977447986602783 -0.7688886523246765 -0.9984327554702759 -0.0050674257799983025 0.055734436959028244 -3.833998918533325
-0.006712425034493208 0.9992527961730957 -0.038063161075115204 1.5528486967086792 -0.05489443987607956 -0.03837483376264572 -0.9977544546127319 -0.7687075138092041 -0.9984695911407471 -0.004607901442795992 0.05511101707816124 -3.8342978954315186
-0.005378097295761108 0.9993031024932861 -0.03693820908665657 1.5531963109970093 -0.05414653196930885 -0.037175558507442474 -0.9978407025337219 -0.769358217716217 -0.9985185265541077 -0.0033664144575595856 0.05430873483419418 -3.835068464279175
-0.0054052239283919334 0.999302327632904 -0.03695489838719368 1.5532753467559814 -0.054149072617292404 -0.03719370439648628 -0.9978399276733398 -0.7692795395851135 -0.9985182285308838 -0.0033924803137779236 0.054312340915203094 -3.835139036178589
-0.004467703402042389 0.9993801712989807 -0.034918129444122314 1.5530840158462524 -0.05305686220526695 -0.03510618954896927 -0.9979742169380188 -0.7698479294776917 -0.9985814690589905 -0.002606012159958482 0.05318082496523857 -3.8350069522857666
-0.005792565178126097 0.9993653297424316 -0.03514799475669861 1.55265474319458 -0.05368688702583313 -0.035408683121204376 -0.9979298114776611 -0.7695186734199524 -0.998540997505188 -0.0038935926277190447 0.05385792627930641 -3.8341917991638184
-0.005390078295022249 0.9993706941604614 -0.035058531910181046 1.552822470664978 -0.054146815091371536 -0.035299282521009445 -0.9979088306427002 -0.769736647605896 -0.9985184073448181 -0.0034805042669177055 0.054303012788295746 -3.834630012512207
-0.00534702418372035 0.9993661642074585 -0.03519527241587639 1.5528991222381592 -0.054114025086164474 -0.03543337062001228 -0.9979058504104614 -0.7696102261543274 -0.9985204339027405 -0.0034312745556235313 0.05426919087767601 -3.8346080780029297
-0.005240639206022024 0.9993546009063721 -0.0355367586016655 1.5528827905654907 -0.05333453416824341 -0.03576599434018135 -0.997935950756073 -0.7689117789268494 -0.9985629320144653 -0.003334491513669491 0.05348755419254303 -3.834401845932007
-0.0055172378197312355 0.9993339776992798 -0.03607185184955597 1.5530787706375122 -0.053194399923086166 -0.036314621567726135 -0.9979236125946045 -0.7683297991752625 -0.9985689520835876 -0.0035869674757122993 0.05335933342576027 -3.834237813949585
-0.006841406226158142 0.999334990978241 -0.035815391689538956 1.552465558052063 -0.053596410900354385 -0.03613119199872017 -0.9979087710380554 -0.7691280245780945 -0.9985392093658447 -0.004907528404146433 0.05380796268582344 -3.8337316513061523
-0.006861379835754633 0.9993350505828857 -0.0358094796538353 1.5524412393569946 -0.053585316985845566 -0.03612630441784859 -0.9979095458984375 -0.7691291570663452 -0.9985396862030029 -0.004928180016577244 0.05379756912589073 -3.8336870670318604
-0.006866754498332739 0.9993352890014648 -0.035802677273750305 1.5524080991744995 -0.05361231416463852 -0.036119937896728516 -0.997908353805542 -0.7691329121589661 -0.9985381960868835 -0.004932933021336794 0.053824711591005325 -3.8336262702941895
-0.005232965108007193 0.9993526935577393 -0.03559234365820885 1.5533002614974976 -0.052982062101364136 -0.03581991419196129 -0.9979528188705444 -0.7694894671440125 -0.9985817670822144 -0.0033365024719387293 0.0531352162361145 -3.834873676300049
-0.005714038852602243 0.9993361830711365 -0.03597905859351158 1.5527088642120361 -0.05304693058133125 -0.03623189777135849 -0.9979345202445984 -0.7693706750869751 -0.9985756874084473 -0.003793663578107953 0.05321875587105751 -3.8343300819396973
-0.005770302377641201 0.9993329644203186 -0.03605925291776657 1.5528817176818848 -0.05301458388566971 -0.03631485253572464 -0.9979332089424133 -0.7693549394607544 -0.9985770583152771 -0.003846715437248349 0.05318877473473549 -3.8342254161834717
-0.004729419481009245 0.99937504529953 -0.03503137826919556 1.5533438920974731 -0.053704552352428436 -0.035235047340393066 -0.9979349970817566 -0.7696787118911743 -0.9985456466674805 -0.0028383140452206135 0.05383763834834099 -3.8351383209228516
-0.005140852648764849 0.9993672370910645 -0.035194337368011475 1.5530314445495605 -0.05288446694612503 -0.03541725128889084 -0.9979723691940308 -0.7690070271492004 -0.9985873699188232 -0.0032692004460841417 0.05303308367729187 -3.8348052501678467
-0.006097889970988035 0.9993368983268738 -0.03589581698179245 1.552629828453064 -0.05391312018036842 -0.03617281839251518 -0.9978902339935303 -0.769050121307373 -0.9985269904136658 -0.004149775020778179 0.05409795790910721 -3.8340840339660645
-0.005928325466811657 0.9993089437484741 -0.036694224923849106 1.5528485774993896 -0.053786538541316986 -0.03696040064096451 -0.9978681802749634 -0.7686603665351868 -0.9985348582267761 -0.003942037932574749 0.05396848917007446 -3.8342511653900146
-0.005958125926554203 0.9993054270744324 -0.03678497299551964 1.5527904033660889 -0.05377129465341568 -0.037052564322948456 -0.997865617275238 -0.7686339616775513 -0.9985355138778687 -0.0039674388244748116 0.05395471677184105 -3.8342790603637695
-0.005949350539594889 0.9993752837181091 -0.034836702048778534 1.5526217222213745 -0.05374285951256752 -0.035106513649225235 -0.9979375004768372 -0.7700690627098083 -0.9985370635986328 -0.004064861219376326 0.053918153047561646 -3.834357738494873
-0.005896957125514746 0.9993658661842346 -0.03511601313948631 1.5527743101119995 -0.053690992295742035 -0.03538239002227783 -0.9979305267333984 -0.7698631882667542 -0.9985401630401611 -0.0039993454702198505 0.053865596652030945 -3.834315538406372
-0.004289689008146524 0.9994068741798401 -0.03416771814227104 1.5530670881271362 -0.052903469651937485 -0.034346986562013626 -0.9980087876319885 -0.770136296749115 -0.9985904097557068 -0.0024735622573643923 0.053019437938928604 -3.8349521160125732
-0.004264668095856905 0.9994049072265625 -0.034229934215545654 1.5531197786331177 -0.052856773138046265 -0.03440767526626587 -0.9980091452598572 -0.7700692415237427 -0.9985929727554321 -0.0024468994233757257 0.052972059696912766 -3.8350205421447754
-0.0028272951021790504 0.999433159828186 -0.033546581864356995 1.5534119606018066 -0.053371611982584 -0.033649712800979614 -0.998007595539093 -0.7697964310646057 -0.9985707402229309 -0.0010312324156984687 0.05343650281429291 -3.835768938064575
-0.0027611248660832644 0.9994277954101562 -0.03371205925941467 1.5530943870544434 -0.051767922937870026 -0.0338098369538784 -0.9980866312980652 -0.7690097093582153 -0.9986553192138672 -0.0010106441332027316 0.05183165892958641 -3.8349502086639404
-0.002814618172124028 0.9994282126426697 -0.033694393932819366 1.5530973672866821 -0.05174754559993744 -0.03379494696855545 -0.9980882406234741 -0.7689632773399353 -0.9986562132835388 -0.0010656405938789248 0.05181308463215828 -3.834960699081421
-0.0039004699792712927 0.999394953250885 -0.03456137329339981 1.552783727645874 -0.052420444786548615 -0.034718457609415054 -0.9980214238166809 -0.7686181664466858 -0.9986174702644348 -0.00208103540353477 0.052524153143167496 -3.83422589302063
-0.003925736993551254 0.9993913173675537 -0.03466304391622543 1.5527626276016235 -0.05233771353960037 -0.03482113778591156 -0.9980221390724182 -0.7687596082687378 -0.9986217021942139 -0.002103793667629361 0.05244256183505058 -3.8341636657714844
-0.003941381815820932 0.9994226694107056 -0.033745478838682175 1.5528138875961304 -0.05290396884083748 -0.03390687704086304 -0.9980238080024719 -0.7696821689605713 -0.9985918402671814 -0.002148328348994255 0.05300707370042801 -3.8344886302948
-0.004713184200227261 0.9993875026702881 -0.03467493876814842 1.5528254508972168 -0.05366503819823265 -0.03487813472747803 -0.9979496598243713 -0.7691114544868469 -0.9985478520393372 -0.0028426945209503174 0.05379656329751015 -3.8341522216796875
-0.004761239048093557 0.9993883967399597 -0.03464377671480179 1.5528219938278198 -0.053650692105293274 -0.034849558025598526 -0.9979514479637146 -0.7691066265106201 -0.9985483884811401 -0.0028928283136337996 0.05378381162881851 -3.8341281414031982
-0.003945703152567148 0.9994381666183472 -0.033284008502960205 1.5531419515609741 -0.05238620564341545 -0.033445145934820175 -0.9980666637420654 -0.7697684168815613 -0.9986190795898438 -0.0021944574546068907 0.05248874053359032 -3.834719181060791
-0.005476369056850672 0.9994242787361145 -0.03348276764154434 1.5527570247650146 -0.053255606442689896 -0.03372723609209061 -0.9980111718177795 -0.769465446472168 -0.9985659122467041 -0.0036823381669819355 0.05340965464711189 -3.833904266357422
-0.005475246347486973 0.9994249939918518 -0.0334622859954834 1.5527342557907104 -0.05325225368142128 -0.03370670974254608 -0.9980120658874512 -0.769474983215332 -0.9985660910606384 -0.003682425245642662 0.05340619012713432 -3.8338563442230225
-0.004540698602795601 0.9994242191314697 -0.03362508863210678 1.5532945394515991 -0.0530066043138504 -0.03381871059536934 -0.9980213046073914 -0.7691901922225952 -0.9985838532447815 -0.002749368082731962 0.0531296506524086 -3.8349788188934326
-0.0045351991429924965 0.9994244575500488 -0.03361830487847328 1.5533219575881958 -0.053005240857601166 -0.03381163999438286 -0.99802166223526 -0.769184410572052 -0.9985839128494263 -0.002744286321103573 0.05312808230519295 -3.8350236415863037
-0.0041949134320020676 0.9994539618492126 -0.03277525305747986 1.5530266761779785 -0.0526481494307518 -0.03295081853866577 -0.9980693459510803 -0.7698091864585876 -0.9986042976379395 -0.002461263444274664 0.0527576319873333 -3.8347792625427246
-0.003937185276299715 0.9994621872901917 -0.032554369419813156 1.5529124736785889 -0.05258559808135033 -0.032716505229473114 -0.9980803728103638 -0.7696332931518555 -0.9986086487770081 -0.0022177421487867832 0.05268613249063492 -3.8347105979919434
-0.003943196032196283 0.9994553923606873 -0.032761409878730774 1.553002953529358 -0.05251644551753998 -0.03292342275381088 -0.9980771541595459 -0.7694623470306396 -0.9986122846603394 -0.002215106738731265 0.052617672830820084 -3.8346774578094482
-0.0023149254266172647 0.9994572997093201 -0.032859694212675095 1.5533360242843628 -0.05333699285984039 -0.03293640911579132 -0.9980332255363464 -0.769367516040802 -0.998573899269104 -0.0005577408010140061 0.05338430032134056 -3.8353800773620605
-0.0024871518835425377 0.999466061592102 -0.032578594982624054 1.5530014038085938 -0.05366244167089462 -0.03266514465212822 -0.9980247020721436 -0.7693855166435242 -0.9985560178756714 -0.0007339977310039103 0.05371503904461861 -3.8348474502563477
-0.002613795455545187 0.9994633793830872 -0.03265185281634331 1.5531607866287231 -0.053611014038324356 -0.032745055854320526 -0.9980248808860779 -0.7692949175834656 -0.9985584616661072 -0.0008581395959481597 0.053667839616537094 -3.8347551822662354
-0.0019466838566586375 0.999474048614502 -0.03237094357609749 1.5533432960510254 -0.05275340750813484 -0.0324285663664341 -0.9980809092521667 -0.7690539956092834 -0.9986056685447693 -0.00023527587472926825 0.05278879776597023 -3.8351011276245117
-0.0019570188596844673 0.9994739890098572 -0.032371532171964645 1.553348422050476 -0.0527738519012928 -0.03242970630526543 -0.998079776763916 -0.769034206867218 -0.9986045956611633 -0.0002448959567118436 0.052809566259384155 -3.835122585296631
-0.0018692873418331146 0.9995173811912537 -0.031007705256342888 1.5533620119094849 -0.051527850329875946 -0.031062835827469826 -0.998188316822052 -0.769220232963562 -0.9986698031425476 -0.00026814601733349264 0.05156105384230614 -3.8354389667510986
-0.001869206316769123 0.9995174407958984 -0.031006259843707085 1.5533647537231445 -0.05152690410614014 -0.031061388552188873 -0.9981884360313416 -0.7692123651504517 -0.9986698627471924 -0.0002681691257748753 0.05156010389328003 -3.8354671001434326
-0.001906262245029211 0.9995119571685791 -0.031179629266262054 1.5533889532089233 -0.051386721432209015 -0.031236397102475166 -0.9981902241706848 -0.7693192362785339 -0.9986770153045654 -0.0003005988837685436 0.05142119526863098 -3.8354790210723877
-0.0005118934204801917 0.9995278120040894 -0.030722400173544884 1.5534930229187012 -0.05163375288248062 -0.030707836151123047 -0.9981938600540161 -0.7695141434669495 -0.9986659288406372 0.001075338339433074 0.051625095307826996 -3.83559250831604
-0.0010686565656214952 0.9995343685150146 -0.030493490397930145 1.55289888381958 -0.051630258560180664 -0.030507981777191162 -0.9982001781463623 -0.7695989012718201 -0.9986656904220581 0.000507648044731468 0.051638826727867126 -3.8345131874084473
-0.0007608659216202796 0.9995220303535461 -0.030905654653906822 1.5531655550003052 -0.05152071267366409 -0.03090379573404789 -0.998193621635437 -0.7690672278404236 -0.9986716508865356 0.0008327842224389315 0.05151960626244545 -3.83482027053833
0.0005669799284078181 0.9995319843292236 -0.03058638796210289 1.5534337759017944 -0.05218004435300827 -0.030515149235725403 -0.998171329498291 -0.7693490982055664 -0.9986374974250793 0.002161936601623893 0.052138324826955795 -3.835425615310669
0.000803243659902364 0.999553918838501 -0.029855316504836082 1.553124189376831 -0.05404416844248772 -0.02976829744875431 -0.9980947375297546 -0.7702001333236694 -0.9985381960868835 0.0024152135010808706 0.05399615317583084 -3.835139751434326
0.0007619491079822183 0.9995488524436951 -0.03002474270761013 1.5531268119812012 -0.053973790258169174 -0.02993987314403057 -0.9980933666229248 -0.7700108885765076 -0.998542070388794 0.0023810400161892176 0.05392663553357124 -3.8351516723632812
0.0007675050874240696 0.9995487332344055 -0.03002970665693283 1.5530792474746704 -0.05395655706524849 -0.02994457259774208 -0.9980942010879517 -0.7700891494750977 -0.9985429644584656 0.002386336447671056 0.05390922725200653 -3.8351714611053467
0.00027155649149790406 0.9995228052139282 -0.030888529494404793 1.5530478954315186 -0.05285436287522316 -0.030831003561615944 -0.9981261491775513 -0.7687451243400574 -0.9986022114753723 0.00190363556612283 0.05282077193260193 -3.8345634937286377
0.0004959784564562142 0.9995348453521729 -0.030493520200252533 1.5533615350723267 -0.05217825993895531 -0.030426111072301865 -0.9981741905212402 -0.7685966491699219 -0.9986376762390137 0.0020861660595983267 0.052138905972242355 -3.835096836090088
0.0004340008890721947 0.9995346069335938 -0.03050220012664795 1.553451657295227 -0.052202943712472916 -0.03043796308338642 -0.9981725215911865 -0.7685994505882263 -0.9986364245414734 0.002025506692007184 0.0521654412150383 -3.8350419998168945
0.00015437141701113433 0.9995391964912415 -0.030354389920830727 1.553036093711853 -0.05260413885116577 -0.030304240062832832 -0.9981555342674255 -0.7693300843238831 -0.9986154437065125 0.0017508475575596094 0.05257522687315941 -3.8348867893218994
0.00017924365238286555 0.9995399117469788 -0.030329909175634384 1.5530132055282593 -0.05263984575867653 -0.030278421938419342 -0.9981544017791748 -0.7693285942077637 -0.9986135363578796 0.0017754689324647188 0.052610207349061966 -3.83488392829895
-0.0001912325096782297 0.9995224475860596 -0.030901242047548294 1.5530951023101807 -0.052187126129865646 -0.030869103968143463 -0.9981601238250732 -0.7684401273727417 -0.998637318611145 0.0014217606512829661 0.0521681122481823 -3.8346810340881348
-0.0009244084358215332 0.9994938373565674 -0.03179864212870598 1.5527021884918213 -0.05310223251581192 -0.03180284798145294 -0.9980825185775757 -0.7683387994766235 -0.9985886216163635 0.0007659373804926872 0.05310475826263428 -3.8339710235595703
-0.0009930209489539266 0.9994868636131287 -0.03201597183942795 1.5527753829956055 -0.05283157899975777 -0.032023705542087555 -0.9980898499488831 -0.768600344657898 -0.9986029267311096 0.0007003245409578085 0.05283627286553383 -3.833800792694092
-0.0015461865114048123 0.999457061290741 -0.03291217237710953 1.552988052368164 -0.05259346961975098 -0.032947931438684464 -0.9980723261833191 -0.7684282064437866 -0.9986147880554199 0.00018775381613522768 0.05261586233973503 -3.8343348503112793
-0.0013180882669985294 0.9994418025016785 -0.033381860703229904 1.552991509437561 -0.05236542224884033 -0.03340506926178932 -0.9980691075325012 -0.768951952457428 -0.9986271262168884 0.0004325064946897328 0.05238022655248642 -3.8345837593078613
-0.001626697019673884 0.9994552731513977 -0.0329628624022007 1.5528970956802368 -0.05317426845431328 -0.033002715557813644 -0.998039722442627 -0.7699025869369507 -0.9985839128494263 0.00012926226190757006 0.05319899320602417 -3.8346242904663086
-0.0016243072459474206 0.9994551539421082 -0.032966285943984985 1.55288827419281 -0.05319599807262421 -0.033006008714437485 -0.9980384707450867 -0.7699541449546814 -0.9985827803611755 0.00013254779332783073 0.05322062969207764 -3.834628105163574
-0.0013032298302277923 0.9994850158691406 -0.032063134014606476 1.5528122186660767 -0.052814990282058716 -0.03208720311522484 -0.9980886578559875 -0.7704609632492065 -0.9986034631729126 0.00039266966632567346 0.05282961204648018 -3.834702253341675
-0.0011754657607525587 0.9994939565658569 -0.03178820386528969 1.552921175956726 -0.05320902541279793 -0.031805701553821564 -0.9980767369270325 -0.7701950669288635 -0.9985827207565308 0.0005182086024433374 0.05321948975324631 -3.8347907066345215
-0.0012311778264120221 0.9994872808456421 -0.031995102763175964 1.5531123876571655 -0.05321359634399414 -0.03201527148485184 -0.9980698227882385 -0.7700279355049133 -0.9985823631286621 0.0004737674898933619 0.05322573333978653 -3.8347249031066895
-0.0020884419791400433 0.999543309211731 -0.030146099627017975 1.5528273582458496 -0.05324966087937355 -0.030214548110961914 -0.9981240034103394 -0.7699703574180603 -0.9985790252685547 -0.00047926008119247854 0.053288448601961136 -3.8347573280334473
-0.0020704653579741716 0.9995438456535339 -0.030129704624414444 1.5527937412261963 -0.053221944719552994 -0.030197206884622574 -0.9981260299682617 -0.7699989676475525 -0.9985805749893188 -0.00046302942791953683 0.0532601960003376 -3.8347561359405518
-0.0020733478013426065 0.9995357394218445 -0.030397266149520874 1.55290687084198 -0.05308886989951134 -0.030464479699730873 -0.9981249570846558 -0.7698280215263367 -0.9985876083374023 -0.0004557094071060419 0.05312739312648773 -3.8347055912017822
-0.002836098661646247 0.9995262622833252 -0.03064545802772045 1.5527578592300415 -0.054858021438121796 -0.0307549387216568 -0.9980204105377197 -0.769603967666626 -0.9984901547431946 -0.0011493406491354108 0.05491926521062851 -3.8344733715057373
-0.0036716535687446594 0.9995161294937134 -0.030887017026543617 1.5528125762939453 -0.05401754751801491 -0.031040363013744354 -0.9980574250221252 -0.7689993977546692 -0.9985332489013672 -0.0019960859790444374 0.05410538613796234 -3.834163188934326
-0.0035874550230801105 0.9995173811912537 -0.0308572705835104 1.552700161933899 -0.05390366166830063 -0.03100588731467724 -0.9980646371841431 -0.7690122127532959 -0.9985396862030029 -0.001917197834700346 0.05398888140916824 -3.8340396881103516
-0.003942950628697872 0.9994872212409973 -0.03177712485194206 1.5531083345413208 -0.05405382812023163 -0.03194393217563629 -0.9980269074440002 -0.7682839632034302 -0.9985302090644836 -0.0022175011690706015 0.05415206775069237 -3.8343732357025146
-0.004038965329527855 0.9994856715202332 -0.031812477856874466 1.553202748298645 -0.05400200933218002 -0.03198431432247162 -0.9980284571647644 -0.7682535648345947 -0.9985326528549194 -0.0023130702320486307 0.05410342290997505 -3.8343005180358887
-0.004416879266500473 0.9994646310806274 -0.03241845592856407 1.5531373023986816 -0.053740572184324265 -0.032609160989522934 -0.9980223178863525 -0.7682164907455444 -0.9985451698303223 -0.0026659637223929167 0.053855836391448975 -3.834672212600708
-0.004550688900053501 0.999437689781189 -0.03322024643421173 1.5529861450195312 -0.053465913981199265 -0.03341624140739441 -0.9980103969573975 -0.7683637738227844 -0.998559296131134 -0.0027654897421598434 0.05358792096376419 -3.8346805572509766
-0.004937164485454559 0.9994034767150879 -0.034180767834186554 1.5528221130371094 -0.05515109375119209 -0.034401290118694305 -0.9978852272033691 -0.7690573334693909 -0.9984658360481262 -0.0030416222289204597 0.05528804659843445 -3.8346781730651855
-0.004815806169062853 0.9994019269943237 -0.034242741763591766 1.5529005527496338 -0.0550646111369133 -0.03445620462298393 -0.9978880882263184 -0.7692860960960388 -0.998471200466156 -0.002920077880844474 0.055197618901729584 -3.8346712589263916
-0.004858734086155891 0.9994015097618103 -0.034248899668455124 1.5529052019119263 -0.055069129914045334 -0.03446473553776741 -0.9978875517845154 -0.7692959308624268 -0.9984707236289978 -0.002962418831884861 0.0552036315202713 -3.834695816040039
-0.004774670582264662 0.9994180202484131 -0.03377664461731911 1.5529379844665527 -0.05560984089970589 -0.033990126103162766 -0.997873842716217 -0.7699944376945496 -0.9984411597251892 -0.0028862108010798693 0.05573977530002594 -3.8351714611053467
-0.004616010934114456 0.9994141459465027 -0.03391291946172714 1.5530664920806885 -0.05548748001456261 -0.03411701321601868 -0.9978763461112976 -0.7700101137161255 -0.9984487295150757 -0.002724471502006054 0.055612459778785706 -3.835256814956665
-0.0034143542870879173 0.9994359612464905 -0.03340848535299301 1.5532220602035522 -0.05422908812761307 -0.033544570207595825 -0.9979649186134338 -0.7697649598121643 -0.9985226988792419 -0.0015956995775923133 0.05431303754448891 -3.8354287147521973
-0.0012203836813569069 0.9994974136352539 -0.031676799058914185 1.5532909631729126 -0.052598584443330765 -0.03169712796807289 -0.9981125593185425 -0.7695164680480957 -0.9986149668693542 0.0004480690404307097 0.052610840648412704 -3.835381031036377
-0.0018666660180315375 0.9994810223579407 -0.03215793892741203 1.553049921989441 -0.05421542376279831 -0.03221184387803078 -0.9980095624923706 -0.7699117064476013 -0.9985275268554688 -0.00011949990584980696 0.0542474240064621 -3.8351023197174072
-0.0019992170855402946 0.999474823474884 -0.032342322170734406 1.5532331466674805 -0.0541178435087204 -0.0324031226336956 -0.998008668422699 -0.7698177695274353 -0.9985325336456299 -0.00024494490935467184 0.05415420979261398 -3.8350298404693604
-0.0012454231036826968 0.9994986653327942 -0.03163645789027214 1.5533509254455566 -0.052823442965745926 -0.03165806457400322 -0.9981018900871277 -0.7696982622146606 -0.998603105545044 0.0004280817520339042 0.05283639207482338 -3.8351597785949707
-0.001430189935490489 0.9995109438896179 -0.031238136813044548 1.5530869960784912 -0.05300251394510269 -0.031270019710063934 -0.9981046319007874 -0.7696194648742676 -0.9985933303833008 0.00022821493621449918 0.05302131921052933 -3.8348469734191895
-0.0030339141376316547 0.9994572997093201 -0.03280007094144821 1.5529136657714844 -0.05364793911576271 -0.03291565552353859 -0.9980172514915466 -0.7685370445251465 -0.9985553026199341 -0.001268247957341373 0.053718697279691696 -3.8342208862304688
-0.0030114268884062767 0.9994562864303589 -0.032833948731422424 1.5529086589813232 -0.05366615578532219 -0.03294830396771431 -0.9980152249336243 -0.7685196995735168 -0.9985544085502625 -0.0012433836236596107 0.05373620241880417 -3.8342173099517822
-0.0030179491732269526 0.9994569420814514 -0.03281230106949806 1.5528931617736816 -0.05366670340299606 -0.03292703628540039 -0.9980158805847168 -0.7684626579284668 -0.9985543489456177 -0.0012510386295616627 0.053736940026283264 -3.8341901302337646
-0.002953995717689395 0.9994564056396484 -0.03283582627773285 1.552824854850769 -0.05356995388865471 -0.03294697403907776 -0.9980204105377197 -0.7685980796813965 -0.9985597133636475 -0.0011891400208696723 0.053638163954019547 -3.834155797958374
-0.0039034003857523203 0.9993966221809387 -0.03451285883784294 1.5530799627304077 -0.055253397673368454 -0.03467594459652901 -0.9978700280189514 -0.7685658931732178 -0.9984647035598755 -0.001988139236345887 0.05535541847348213 -3.8344309329986572
-0.0028344430029392242 0.9994322061538696 -0.033573925495147705 1.5533581972122192 -0.05450601875782013 -0.033678553998470306 -0.9979453086853027 -0.7692885994911194 -0.998509407043457 -0.0009986435761675239 0.05457053706049919 -3.835096597671509
-0.0028893558774143457 0.9994311928749084 -0.033600423485040665 1.5533698797225952 -0.05443974584341049 -0.033707939088344574 -0.9979479312896729 -0.7694031596183777 -0.998512864112854 -0.0010542337549850345 0.05450617894530296 -3.8352560997009277
-0.001124309143051505 0.9994540214538574 -0.03302120417356491 1.5534706115722656 -0.05471154674887657 -0.03303323686122894 -0.9979556202888489 -0.7698682546615601 -0.9985015392303467 0.0006846249452792108 0.05471882224082947 -3.8357670307159424
-0.0017140673007816076 0.9994335770606995 -0.033608678728342056 1.5529309511184692 -0.05449460446834564 -0.033652134239673615 -0.9979467988014221 -0.7688791155815125 -0.9985125660896301 0.00012093796249246225 0.05452142655849457 -3.8346052169799805
-0.0012938743457198143 0.9994502067565918 -0.03312934935092926 1.5531184673309326 -0.05357396975159645 -0.03315107151865959 -0.998013436794281 -0.7692855596542358 -0.9985630512237549 0.00048356119077652693 0.0535874180495739 -3.834913492202759
-0.0006392754148691893 0.9994664788246155 -0.03265560045838356 1.5531896352767944 -0.05268830433487892 -0.03264390677213669 -0.9980773329734802 -0.7694119811058044 -0.99861079454422 0.001082516391761601 0.05268106609582901 -3.835038185119629
-0.0002730342384893447 0.9994553327560425 -0.03299962729215622 1.5531708002090454 -0.05287645012140274 -0.032967887818813324 -0.9980567097663879 -0.7691468596458435 -0.9986010193824768 0.0014723939821124077 0.05285665765404701 -3.8348348140716553
-0.0005936044617556036 0.9994608163833618 -0.032828439027071 1.5529425144195557 -0.053555987775325775 -0.03281309828162193 -0.9980255961418152 -0.7694910168647766 -0.9985646605491638 0.0011657214490696788 0.05354659631848335 -3.834588050842285
-0.0007729630451649427 0.9994572401046753 -0.03293376788496971 1.5530134439468384 -0.05347679182887077 -0.03292796015739441 -0.9980260133743286 -0.7694503664970398 -0.9985687732696533 0.0009897493291646242 0.05347322300076485 -3.8344833850860596
-0.001381956972181797 0.9994698762893677 -0.03252787888050079 1.552910566329956 -0.054239027202129364 -0.03255493938922882 -0.9979971647262573 -0.769741952419281 -0.9985269904136658 0.0003850858483929187 0.05425526946783066 -3.834306240081787
-0.0015056475531309843 0.9994465112686157 -0.03323164954781532 1.5529906749725342 -0.05388087406754494 -0.03326449170708656 -0.9979931712150574 -0.7689998149871826 -0.9985462427139282 0.0002879187813960016 0.05390114337205887 -3.834321975708008
-0.001737799495458603 0.9994552731513977 -0.03295615687966347 1.5528644323349 -0.055104780942201614 -0.03300183638930321 -0.9979350566864014 -0.7697657346725464 -0.9984790682792664 8.182522287825122e-05 0.055132124572992325 -3.8345837593078613
-0.0009858814300969243 0.9994653463363647 -0.032680388540029526 1.5532602071762085 -0.054177187383174896 -0.032685786485672 -0.9979962110519409 -0.7695363163948059 -0.9985308647155762 0.000786620017606765 0.05418045446276665 -3.8353421688079834
-0.0009418405243195593 0.9994614124298096 -0.03280219808220863 1.5532981157302856 -0.05407881364226341 -0.03280511498451233 -0.9979976415634155 -0.76955246925354 -0.998536229133606 0.0008339437772519886 0.05408059060573578 -3.8354010581970215
-0.0009322466212324798 0.9994624257087708 -0.03277222067117691 1.5532978773117065 -0.05409393832087517 -0.03277464956045151 -0.9979978203773499 -0.7695490121841431 -0.9985353946685791 0.000842392910271883 0.05409541726112366 -3.8354647159576416
-0.0011556894751265645 0.9994924664497375 -0.03183535113930702 1.5528088808059692 -0.05371641367673874 -0.031851451843976974 -0.9980481266975403 -0.7701327204704285 -0.9985555410385132 0.0005566416075453162 0.053725965321063995 -3.8346142768859863
0.00019293709192425013 0.9995120167732239 -0.031235001981258392 1.5534030199050903 -0.05432048812508583 -0.03117840550839901 -0.9980366826057434 -0.77028489112854 -0.9985235333442688 0.001889253268018365 0.054287973791360855 -3.835716485977173
