# 3x4 first row second row third row Freq: 250 current Time: 2020-10-01-14:58:23
-0.02927008643746376 0.9990776777267456 -0.031415022909641266 0.07196958363056183 0.0037954661529511213 -0.03131712228059769 -0.9995022416114807 -0.7926727533340454 -0.9995642900466919 -0.029374809935688972 -0.0028752507641911507 -3.914820671081543
-0.02924233302474022 0.9990744590759277 -0.0315435454249382 0.0719287171959877 0.003814887721091509 -0.0314452089369297 -0.9994981288909912 -0.7924479246139526 -0.9995650053024292 -0.02934805117547512 -0.0028917656745761633 -3.91487193107605
-0.029228288680315018 0.9990753531455994 -0.03152861446142197 0.07192928344011307 0.0037922505289316177 -0.03143097087740898 -0.9994986653327942 -0.7924407720565796 -0.9995654821395874 -0.02933325804769993 -0.002870010444894433 -3.914872884750366
-0.029389644041657448 0.9990721344947815 -0.031479865312576294 0.07191944867372513 0.0037094480358064175 -0.0313841812312603 -0.9995004534721375 -0.7924366593360901 -0.999561071395874 -0.029491793364286423 -0.0027835762593895197 -3.914846181869507
-0.029154561460018158 0.9990736842155457 -0.0316491462290287 0.07200852036476135 0.0036469222977757454 -0.03155602142214775 -0.999495267868042 -0.79253751039505 -0.9995682239532471 -0.029255326837301254 -0.0027234822046011686 -3.914825201034546
-0.02906128577888012 0.9990782737731934 -0.03159002959728241 0.0718948096036911 0.0038612328935414553 -0.031490884721279144 -0.9994965195655823 -0.7923876047134399 -0.9995701313018799 -0.029168689623475075 -0.0029424484819173813 -3.915053367614746
-0.029241254553198814 0.9990751147270203 -0.03152449429035187 0.07186334580183029 0.003727124072611332 -0.03142872452735901 -0.9994989633560181 -0.792417049407959 -0.9995653629302979 -0.029344158247113228 -0.002804601565003395 -3.9150054454803467
-0.029088836163282394 0.9990770816802979 -0.0316031314432621 0.07199423015117645 0.0037779612466692924 -0.03150634095072746 -0.999496340751648 -0.7924777865409851 -0.9995696544647217 -0.029193637892603874 -0.0028579316567629576 -3.915037155151367
-0.028994888067245483 0.9990763068199158 -0.03171385079622269 0.07202668488025665 0.003854805137962103 -0.03161513805389404 -0.9994926452636719 -0.7925276756286621 -0.9995720982551575 -0.02910248562693596 -0.002934507094323635 -3.9149370193481445
-0.028896406292915344 0.9990929961204529 -0.03127363324165344 0.07199086248874664 0.0036963403690606356 -0.031179625540971756 -0.9995068907737732 -0.7925540804862976 -0.9995754957199097 -0.028997814282774925 -0.002791948616504669 -3.9150915145874023
-0.028813162818551064 0.9990924000740051 -0.03136906772851944 0.07199889421463013 0.0036795884370803833 -0.03127581626176834 -0.9995039701461792 -0.7925587296485901 -0.9995779991149902 -0.028914352878928185 -0.002775033935904503 -3.914971113204956
-0.028834952041506767 0.999091386795044 -0.031381454318761826 0.07200221717357635 0.0036708263214677572 -0.031288400292396545 -0.9995036125183105 -0.792553722858429 -0.9995774030685425 -0.02893589250743389 -0.002765231765806675 -3.914973020553589
-0.029022151604294777 0.9990883469581604 -0.03130679950118065 0.07196994870901108 0.003508583176881075 -0.031217921525239944 -0.999506413936615 -0.7925826907157898 -0.9995725750923157 -0.029117727652192116 -0.0025993133895099163 -3.9149343967437744
-0.02908359095454216 0.9990884065628052 -0.03124677762389183 0.07186666131019592 0.003922221250832081 -0.031145639717578888 -0.9995071291923523 -0.7923979759216309 -0.9995692372322083 -0.029191872105002403 -0.0030127589125186205 -3.914822578430176
-0.02904091589152813 0.9990894794464111 -0.03125225007534027 0.07184728980064392 0.0039334045723080635 -0.03115091845393181 -0.9995068907737732 -0.7923592925071716 -0.9995704293251038 -0.029149582609534264 -0.003025112207978964 -3.9147984981536865
-0.029425013810396194 0.999082088470459 -0.031128501519560814 0.07183512300252914 0.003678178647533059 -0.03103349357843399 -0.9995115399360657 -0.7922753691673279 -0.9995601773262024 -0.029525194317102432 -0.0027615814469754696 -3.914780855178833
-0.02896859124302864 0.9990900158882141 -0.03130314126610756 0.07194719463586807 0.003786650951951742 -0.031206315383315086 -0.9995057582855225 -0.7925726771354675 -0.9995731115341187 -0.029072865843772888 -0.0028791422955691814 -3.9146857261657715
-0.029106564819812775 0.9990878701210022 -0.031243322417140007 0.07195339351892471 0.0036612809635698795 -0.031149737536907196 -0.9995079636573792 -0.792564332485199 -0.9995695352554321 -0.029206693172454834 -0.0027512195520102978 -3.9146761894226074
-0.0291022676974535 0.9990807175636292 -0.031474001705646515 0.07193303108215332 0.0036944139283150434 -0.03137956187129021 -0.9995006322860718 -0.7926780581474304 -0.9995695352554321 -0.029204072430729866 -0.0027777415234595537 -3.9147346019744873
-0.029128586873412132 0.9990795254707336 -0.031488578766584396 0.07193463295698166 0.003683913964778185 -0.03139437735080719 -0.9995002150535583 -0.7926878333091736 -0.9995688199996948 -0.029230089858174324 -0.002765989163890481 -3.9147257804870605
-0.029233166947960854 0.9990794062614441 -0.03139567747712135 0.07194212079048157 0.0035049717407673597 -0.031306393444538116 -0.9995036125183105 -0.7926645874977112 -0.9995664358139038 -0.029328756034374237 -0.002586500020697713 -3.91487193107605
-0.029191726818680763 0.9990770220756531 -0.03150966018438339 0.07198155671358109 0.003528003115206957 -0.03141985833644867 -0.9994999766349792 -0.7926778793334961 -0.9995675683021545 -0.029288355261087418 -0.0026074869092553854 -3.9147212505340576
-0.029181499034166336 0.9990782141685486 -0.03148098662495613 0.07199549674987793 0.003549529705196619 -0.03139057010412216 -0.9995008111000061 -0.7926996350288391 -0.9995677471160889 -0.02927873283624649 -0.002630174160003662 -3.914703369140625
-0.02903588116168976 0.9990809559822083 -0.03152895346283913 0.07198622077703476 0.0035905467811971903 -0.031437747180461884 -0.9994992017745972 -0.7926195859909058 -0.9995718598365784 -0.029134605079889297 -0.0026743642520159483 -3.914780378341675
-0.02905874140560627 0.9990804195404053 -0.031524717807769775 0.07198916375637054 0.003561340505257249 -0.031434301286935806 -0.9994994401931763 -0.7926164865493774 -0.9995713233947754 -0.029156524688005447 -0.002644564490765333 -3.914776086807251
-0.02882080338895321 0.9990911483764648 -0.03140287846326828 0.07202941924333572 0.0032059934455901384 -0.03132331743836403 -0.9995040893554688 -0.7926784157752991 -0.9995793700218201 -0.02890724688768387 -0.0023002566304057837 -3.914999485015869
-0.028714129701256752 0.9990954995155334 -0.031362369656562805 0.07198002934455872 0.0029739823658019304 -0.0312897227704525 -0.999505877494812 -0.792656660079956 -0.9995831847190857 -0.028793271631002426 -0.0020727752707898617 -3.9148824214935303
-0.0289304181933403 0.9990915656089783 -0.03128892183303833 0.07194377481937408 0.002940576057881117 -0.03121676668524742 -0.999508261680603 -0.7927120327949524 -0.9995770454406738 -0.029008256271481514 -0.0020347307436168194 -3.9148292541503906
-0.028668098151683807 0.9990957975387573 -0.03139529749751091 0.07189057022333145 0.0028753350488841534 -0.03132559731602669 -0.9995050430297852 -0.7924126386642456 -0.9995847940444946 -0.02874423749744892 -0.0019746299367398024 -3.914982557296753
-0.028713548555970192 0.9990970492362976 -0.031312767416238785 0.0719555914402008 0.0026962123811244965 -0.031248101964592934 -0.9995079636573792 -0.7925392389297485 -0.9995839595794678 -0.028783904388546944 -0.0017964740982279181 -3.9148175716400146
-0.028731370344758034 0.9990917444229126 -0.03146516531705856 0.07193635404109955 0.002936016768217087 -0.0313936211168766 -0.9995027184486389 -0.7925785779953003 -0.999582827091217 -0.028809523209929466 -0.002031308598816395 -3.91467547416687
-0.028770117089152336 0.999090313911438 -0.03147538751363754 0.07193546742200851 0.00294060492888093 -0.03140363469719887 -0.999502420425415 -0.7925770878791809 -0.9995816946029663 -0.028848417103290558 -0.0020343835931271315 -3.9146697521209717
-0.028723055496811867 0.9990919232368469 -0.03146723285317421 0.07193558663129807 0.002919347956776619 -0.031396184116601944 -0.9995027184486389 -0.7925760746002197 -0.9995830655097961 -0.02880069427192211 -0.002014842815697193 -3.9146664142608643
-0.028777625411748886 0.9990840554237366 -0.03166581317782402 0.07198480516672134 0.0029984782449901104 -0.03159245103597641 -0.9994962811470032 -0.7927126288414001 -0.9995812773704529 -0.028858138248324394 -0.002086516236886382 -3.914677619934082
-0.028808245435357094 0.9990882277488708 -0.031507764011621475 0.07201322168111801 0.0026508094742894173 -0.03144431859254837 -0.9995019435882568 -0.7927108407020569 -0.9995813965797424 -0.02887747623026371 -0.0017424768302589655 -3.9147391319274902
-0.02920612320303917 0.9990801215171814 -0.031396981328725815 0.07187366485595703 0.0029131167102605104 -0.03132511302828789 -0.9995049238204956 -0.7926451563835144 -0.9995691180229187 -0.0292831864207983 -0.0019954920280724764 -3.914560079574585
-0.028941921889781952 0.9990866780281067 -0.03143323212862015 0.0718594416975975 0.003168748924508691 -0.03135448694229126 -0.9995032548904419 -0.792672336101532 -0.9995760321617126 -0.02902720682322979 -0.002258335705846548 -3.914574146270752
-0.028942333534359932 0.9990875124931335 -0.03140706196427345 0.0718546062707901 0.0031397161073982716 -0.03132914751768112 -0.9995041489601135 -0.7926847338676453 -0.9995760917663574 -0.02902664802968502 -0.0022300526034086943 -3.914562225341797
-0.029108747839927673 0.9990774989128113 -0.03157159313559532 0.07178307324647903 0.0033721697982400656 -0.03148658946156502 -0.9994984269142151 -0.7925404906272888 -0.9995704889297485 -0.02920066937804222 -0.0024524638429284096 -3.9148409366607666
-0.02927827648818493 0.9990769624710083 -0.031431637704372406 0.07189866900444031 0.0035314143169671297 -0.03134147822856903 -0.999502420425415 -0.7926216125488281 -0.9995650053024292 -0.02937476523220539 -0.0026104701682925224 -3.914684295654297
-0.02930344082415104 0.9990758299827576 -0.031443338841199875 0.07190094888210297 0.0035517625510692596 -0.03135251998901367 -0.9995020031929016 -0.7926297187805176 -0.9995641708374023 -0.02940058521926403 -0.0026296833530068398 -3.914682149887085
-0.029373254626989365 0.999077558517456 -0.03132295981049538 0.07197191566228867 0.003552765352651477 -0.031231876462697983 -0.9995058178901672 -0.7925646901130676 -0.99956214427948 -0.029470080509781837 -0.002632046351209283 -3.914945602416992
-0.029255075380206108 0.9990744590759277 -0.03153090551495552 0.07194987684488297 0.0036910276394337416 -0.03143616020679474 -0.9994989037513733 -0.7926124930381775 -0.9995651245117188 -0.029356854036450386 -0.0027678844053298235 -3.914828062057495
-0.02898472175002098 0.9990877509117126 -0.031359221786260605 0.07202015817165375 0.0036139357835054398 -0.031267400830984116 -0.9995044469833374 -0.7926823496818542 -0.999573290348053 -0.029083747416734695 -0.00270430208183825 -3.914782762527466
-0.02898072823882103 0.9990880489349365 -0.03135483339428902 0.07202572375535965 0.0035989584866911173 -0.031263455748558044 -0.9995046257972717 -0.7926927804946899 -0.9995734095573425 -0.029079275205731392 -0.002689578803256154 -3.9147896766662598
-0.02891792170703411 0.9990865588188171 -0.031458377838134766 0.07189370691776276 0.003667426761239767 -0.03136522322893143 -0.9995012283325195 -0.7925302386283875 -0.9995750188827515 -0.029018927365541458 -0.0027569998055696487 -3.9149515628814697
-0.028765873983502388 0.9990922808647156 -0.03141620755195618 0.07195572555065155 0.0033831943292170763 -0.03133166581392288 -0.9995032548904419 -0.7926719188690186 -0.9995803833007812 -0.02885792963206768 -0.0024787806905806065 -3.9148361682891846
-0.02877471223473549 0.9991018772125244 -0.031102297827601433 0.07191330194473267 0.0035218135453760624 -0.031013600528240204 -0.9995126724243164 -0.7927883863449097 -0.999579668045044 -0.02887028455734253 -0.002626183209940791 -3.9146153926849365
-0.028780533000826836 0.999101459980011 -0.031109564006328583 0.07191295176744461 0.0035230431240051985 -0.031020818278193474 -0.9995124936103821 -0.7928013205528259 -0.9995794892311096 -0.028876161202788353 -0.0026270218659192324 -3.9146077632904053
-0.028514748439192772 0.9991180896759033 -0.030819807201623917 0.07193563878536224 0.0031062918715178967 -0.030743569135665894 -0.9995224475860596 -0.792718231678009 -0.9995884895324707 -0.028596924617886543 -0.0022268472239375114 -3.9148049354553223
-0.02857965975999832 0.9991251826286316 -0.03052796982228756 0.07190709561109543 0.0031565125100314617 -0.03045002929866314 -0.9995312690734863 -0.7927513718605042 -0.9995864629745483 -0.028662683442234993 -0.002283439738675952 -3.9148144721984863
-0.028276238590478897 0.9991300106048584 -0.03065200336277485 0.07193391770124435 0.003073149360716343 -0.030577171593904495 -0.999527633190155 -0.7927960753440857 -0.9995953440666199 -0.028357136994600296 -0.002205808414146304 -3.914768695831299
-0.028380047529935837 0.9991286396980286 -0.030600786209106445 0.07194948196411133 0.0028443126939237118 -0.030532220378518105 -0.9995296597480774 -0.7926637530326843 -0.9995930790901184 -0.028453797101974487 -0.0019752683583647013 -3.9145452976226807
-0.02851787582039833 0.9991147518157959 -0.03092503920197487 0.07190879434347153 0.003239000216126442 -0.03084504045546055 -0.999518871307373 -0.7927377223968506 -0.9995879530906677 -0.028604378923773766 -0.0023564379662275314 -3.914412498474121
-0.02869701385498047 0.9991100430488586 -0.03091122768819332 0.07190528512001038 0.003105253679677844 -0.030834652483463287 -0.9995196461677551 -0.7927380800247192 -0.9995833039283752 -0.028779273852705956 -0.0022175677586346865 -3.9143848419189453
-0.028878377750515938 0.9991117119789124 -0.030686931684613228 0.07196690142154694 0.0034592465963214636 -0.030599601566791534 -0.9995256662368774 -0.7928144335746765 -0.9995768666267395 -0.02897089160978794 -0.0025724470615386963 -3.9144937992095947
-0.028573790565133095 0.999114990234375 -0.030865907669067383 0.07199367135763168 0.0034221771638840437 -0.030780499801039696 -0.9995202422142029 -0.7928472757339478 -0.999585747718811 -0.02866576984524727 -0.0025395730044692755 -3.914426803588867
-0.028694897890090942 0.9991101622581482 -0.030909327790141106 0.07205628603696823 0.0033312723971903324 -0.030826248228549957 -0.9995191693305969 -0.7928178310394287 -0.9995825886726379 -0.028784126043319702 -0.0024436921812593937 -3.914447784423828
-0.028744975104928017 0.9991112351417542 -0.030827661976218224 0.07199189811944962 0.003166402457281947 -0.030749183148145676 -0.9995220303535461 -0.7927157282829285 -0.9995816946029663 -0.028828907757997513 -0.002279643900692463 -3.9146242141723633
-0.028867896646261215 0.9991083741188049 -0.030806463211774826 0.07179906964302063 0.0033622130285948515 -0.03072202205657959 -0.9995222687721252 -0.7924768328666687 -0.999577522277832 -0.02895774133503437 -0.0024722751695662737 -3.914851665496826
-0.02897205390036106 0.9991052746772766 -0.030809054151177406 0.07183810323476791 0.003255353309214115 -0.030727464705705643 -0.9995224475860596 -0.7923916578292847 -0.9995748400688171 -0.02905857190489769 -0.002362143015488982 -3.914918899536133
-0.02873295359313488 0.9991073608398438 -0.030963756144046783 0.07194327563047409 0.003336843103170395 -0.03088044561445713 -0.9995174407958984 -0.7925752997398376 -0.999581515789032 -0.02882246859371662 -0.0024465182796120644 -3.914854049682617
-0.028702309355139732 0.9991008639335632 -0.031202023848891258 0.07197197526693344 0.0035888398997485638 -0.03111162595450878 -0.9995093941688538 -0.7926465272903442 -0.999581515789032 -0.02880026586353779 -0.002692577661946416 -3.914788007736206
-0.028857393190264702 0.9990991950035095 -0.031111832708120346 0.07200203090906143 0.0036819931119680405 -0.03101828135550022 -0.9995119571685791 -0.7926645278930664 -0.9995766878128052 -0.028957922011613846 -0.0027835096698254347 -3.914668560028076
-0.028844552114605904 0.9990986585617065 -0.03114069439470768 0.07200369983911514 0.0036855884827673435 -0.03104708530008793 -0.9995110630989075 -0.7926657795906067 -0.9995770454406738 -0.028945278376340866 -0.0027866673190146685 -3.914659023284912
-0.028902176767587662 0.9990954995155334 -0.031189564615488052 0.07208812236785889 0.0036819069646298885 -0.031095923855900764 -0.9995095729827881 -0.7925584316253662 -0.9995753765106201 -0.029002897441387177 -0.002779776696115732 -3.9147591590881348
-0.0289682075381279 0.9990931153297424 -0.03120320476591587 0.07214578986167908 0.0037319872062653303 -0.031107928603887558 -0.9995089769363403 -0.7926169633865356 -0.999573290348053 -0.029070492833852768 -0.0028274019714444876 -3.914809465408325
-0.028784768655896187 0.9990957379341125 -0.03129012510180473 0.07211445271968842 0.003475131234154105 -0.031202824786305428 -0.999506950378418 -0.7926388382911682 -0.9995795488357544 -0.028879372403025627 -0.0025737627875059843 -3.9148550033569336
-0.028768735006451607 0.9990948438644409 -0.03133262321352959 0.07212311774492264 0.0035072388127446175 -0.03124445676803589 -0.9995055794715881 -0.7926461696624756 -0.999579906463623 -0.028864460065960884 -0.0026051406748592854 -3.9148507118225098
-0.028688231483101845 0.9991024136543274 -0.03116466850042343 0.07202757149934769 0.0035025577526539564 -0.03107677772641182 -0.9995108246803284 -0.7926664352416992 -0.9995822310447693 -0.028783410787582397 -0.0026078163646161556 -3.9148619174957275
-0.028897762298583984 0.9990979433059692 -0.031114349141716957 0.07201620936393738 0.003383902832865715 -0.03102933242917061 -0.9995126724243164 -0.7926814556121826 -0.9995765686035156 -0.028989026322960854 -0.0024841122794896364 -3.9148266315460205
-0.028634686022996902 0.9991055130958557 -0.03111470863223076 0.07198464125394821 0.0033190548419952393 -0.03103221021592617 -0.999512791633606 -0.7926274538040161 -0.9995843768119812 -0.02872406505048275 -0.00242742826230824 -3.9149177074432373
-0.028789129108190536 0.9991066455841064 -0.030934207141399384 0.07197640091180801 0.003148412797600031 -0.030856188386678696 -0.9995188117027283 -0.7926769852638245 -0.9995805025100708 -0.02887272834777832 -0.002257217653095722 -3.914837121963501
-0.028731079772114754 0.999116837978363 -0.03065856546163559 0.07197201251983643 0.0031121482606977224 -0.030581610277295113 -0.9995273947715759 -0.7925683856010437 -0.9995822906494141 -0.028812972828745842 -0.002230697078630328 -3.91509747505188
-0.028730016201734543 0.9991167187690735 -0.03066391870379448 0.07196957617998123 0.0031166356056928635 -0.030586840584874153 -0.9995272159576416 -0.7925700545310974 -0.9995822906494141 -0.02881206013262272 -0.0022350624203681946 -3.915102481842041
-0.028921492397785187 0.9991123080253601 -0.03062642551958561 0.07190815359354019 0.0029635599348694086 -0.030553344637155533 -0.999528706073761 -0.7926399111747742 -0.9995772242546082 -0.028998684138059616 -0.0020772209390997887 -3.915032148361206
-0.02851061336696148 0.9991156458854675 -0.03090181015431881 0.07194323092699051 0.0030228267423808575 -0.030828002840280533 -0.9995200634002686 -0.7926482558250427 -0.9995888471603394 -0.028590399771928787 -0.0021411683410406113 -3.914949893951416
-0.028011009097099304 0.9991350173950195 -0.030732352286577225 0.07208175957202911 0.0024053016677498817 -0.03067689947783947 -0.9995263814926147 -0.7926948666572571 -0.9996046423912048 -0.028071722015738487 -0.0015438703121617436 -3.915083408355713
-0.02838139794766903 0.9991243481636047 -0.030740294605493546 0.07195115089416504 0.0027807229198515415 -0.030673591420054436 -0.9995255470275879 -0.7926239371299744 -0.9995932579040527 -0.028453471139073372 -0.0019076686585322022 -3.9149012565612793
-0.0283967312425375 0.9991242289543152 -0.030729327350854874 0.07194557785987854 0.0027656119782477617 -0.03066302090883255 -0.9995259046554565 -0.79261714220047 -0.9995928406715393 -0.028468312695622444 -0.0018924004398286343 -3.914896249771118
-0.02841503545641899 0.9991188645362854 -0.030886555090546608 0.07193373888731003 0.002755928784608841 -0.030820554122328758 -0.9995210766792297 -0.7927125692367554 -0.9995923638343811 -0.02848660759627819 -0.0018776734359562397 -3.9148097038269043
-0.02840849570930004 0.9991199970245361 -0.030856486409902573 0.07192058861255646 0.0027860987465828657 -0.030789626762270927 -0.9995219707489014 -0.7927385568618774 -0.9995924830436707 -0.02848094142973423 -0.0019089000998064876 -3.914788246154785
-0.028581444174051285 0.9991143345832825 -0.030878691002726555 0.07194732874631882 0.002637718105688691 -0.030815763399004936 -0.9995215535163879 -0.7927007079124451 -0.9995879530906677 -0.02864927612245083 -0.0017545631853863597 -3.914806604385376
-0.0287808608263731 0.9991071224212646 -0.03092814050614834 0.0718664601445198 0.0030456907115876675 -0.03085310384631157 -0.9995192289352417 -0.7925315499305725 -0.9995810389518738 -0.028861278668045998 -0.0021549323573708534 -3.914863348007202
-0.028925728052854538 0.9991007447242737 -0.03099723346531391 0.07198728621006012 0.002917453646659851 -0.030925637111067772 -0.9995173811912537 -0.7926412224769592 -0.9995772242546082 -0.02900225855410099 -0.0020202237647026777 -3.9148688316345215
-0.028853759169578552 0.9991006851196289 -0.03106783889234066 0.0719224065542221 0.002863035537302494 -0.03099799156188965 -0.9995152950286865 -0.7926632165908813 -0.9995794892311096 -0.028928780928254128 -0.0019659921526908875 -3.9148244857788086
-0.028850259259343147 0.9991005659103394 -0.031073501333594322 0.07192260026931763 0.0028673559427261353 -0.031003538519144058 -0.9995151162147522 -0.7926677465438843 -0.9995795488357544 -0.028925428166985512 -0.0019702569115906954 -3.914823293685913
-0.029017644003033638 0.9990917444229126 -0.031201396137475967 0.07191752642393112 0.0029808320105075836 -0.03112785518169403 -0.9995108842849731 -0.7925558090209961 -0.9995744228363037 -0.029096515849232674 -0.00207480788230896 -3.9150238037109375
-0.029211554676294327 0.999089241027832 -0.031100405380129814 0.07191585004329681 0.0029135188087821007 -0.031028389930725098 -0.9995142221450806 -0.7925681471824646 -0.9995689392089844 -0.0292880330234766 -0.002004417823627591 -3.915005683898926
-0.029096955433487892 0.9990926384925842 -0.031099839136004448 0.07194836437702179 0.0029727108776569366 -0.0310263279825449 -0.999514102935791 -0.7926003932952881 -0.9995720982551575 -0.029175326228141785 -0.002067181747406721 -3.9149293899536133
-0.02888806350529194 0.9990958571434021 -0.031191015616059303 0.07195080816745758 0.0030292763840407133 -0.031116334721446037 -0.9995111227035522 -0.7927259802818298 -0.9995779991149902 -0.028968485072255135 -0.0021275868639349937 -3.9148995876312256
-0.028861086815595627 0.9990968704223633 -0.031182285398244858 0.07191997021436691 0.0030716368928551674 -0.031106432899832726 -0.9995113015174866 -0.7926704287528992 -0.9995786547660828 -0.02894281968474388 -0.0021710374858230352 -3.914827823638916
-0.02871023677289486 0.9990997910499573 -0.031228169798851013 0.07194555550813675 0.0028955675661563873 -0.031157733872532845 -0.9995102286338806 -0.7927495837211609 -0.9995835423469543 -0.028786655515432358 -0.001998355146497488 -3.9147698879241943
-0.02870957739651203 0.9990994334220886 -0.031240340322256088 0.07194411009550095 0.0029111544135957956 -0.031169462949037552 -0.9995098114013672 -0.7927579879760742 -0.9995834827423096 -0.02878650836646557 -0.002013610675930977 -3.914764881134033
-0.02872353605926037 0.9991011619567871 -0.03117241896688938 0.07197568565607071 0.0027769156731665134 -0.03110535256564617 -0.9995121955871582 -0.7927493453025818 -0.9995834827423096 -0.02879614569246769 -0.0018809039611369371 -3.914773464202881
-0.02881169691681862 0.9991005659103394 -0.031109459698200226 0.07197976112365723 0.0027045230381190777 -0.031044291332364082 -0.9995142817497253 -0.7927646636962891 -0.9995811581611633 -0.028881896287202835 -0.001807591994293034 -3.9147326946258545
-0.028502602130174637 0.9991074800491333 -0.031173376366496086 0.07202110439538956 0.002373963128775358 -0.031118243932724 -0.9995128512382507 -0.7928264737129211 -0.9995908141136169 -0.02856278046965599 -0.0014848333084955812 -3.9148831367492676
-0.028556669130921364 0.9991101026535034 -0.031039321795105934 0.07190949469804764 0.0025382977910339832 -0.030979348346590996 -0.9995167255401611 -0.792727530002594 -0.9995889067649841 -0.028621714562177658 -0.0016513119917362928 -3.9148902893066406
-0.028631964698433876 0.999111533164978 -0.030922947451472282 0.07193402200937271 0.002664106898009777 -0.030859190970659256 -0.9995201230049133 -0.7926908731460571 -0.9995864033699036 -0.02870066650211811 -0.0017781208734959364 -3.9149422645568848
-0.028782308101654053 0.9991083741188049 -0.030884670093655586 0.07191218435764313 0.002568050054833293 -0.030823402106761932 -0.9995214939117432 -0.7927120923995972 -0.9995823502540588 -0.02884790673851967 -0.0016785317566245794 -3.9149043560028076
-0.02861463464796543 0.9991087317466736 -0.031029798090457916 0.07190164178609848 0.002774907508864999 -0.030962934717535973 -0.9995166063308716 -0.7927061915397644 -0.9995865821838379 -0.028686966747045517 -0.0018863813020288944 -3.9148223400115967
-0.028605567291378975 0.9991094470024109 -0.03101445361971855 0.07192377746105194 0.002804666757583618 -0.030946748331189156 -0.999517023563385 -0.792727530002594 -0.9995867609977722 -0.02867879718542099 -0.0019168597646057606 -3.914677619934082
-0.028845302760601044 0.9990894794464111 -0.031432900577783585 0.07193411886692047 0.002684791572391987 -0.031368378549814224 -0.9995042085647583 -0.7927674651145935 -0.9995802044868469 -0.02891544997692108 -0.001777456607669592 -3.91477632522583
-0.02885061502456665 0.9990890026092529 -0.03144256770610809 0.07193823903799057 0.002713877707719803 -0.031377196311950684 -0.9995038509368896 -0.7927846908569336 -0.9995799660682678 -0.028921691700816154 -0.001806093961931765 -3.9147586822509766
-0.02916405163705349 0.9990806579589844 -0.03141873702406883 0.07198955118656158 0.0027490039356052876 -0.03135176748037338 -0.999504566192627 -0.7925940155982971 -0.9995707869529724 -0.02923603169620037 -0.0018320722738280892 -3.9150285720825195
-0.028957253322005272 0.9990851879119873 -0.03146651014685631 0.07197026908397675 0.0028786181937903166 -0.03139617294073105 -0.9995028376579285 -0.7925903797149658 -0.9995764493942261 -0.029033495113253593 -0.0019667779561132193 -3.9149773120880127
-0.02896338328719139 0.9990847706794739 -0.03147467225790024 0.07197409123182297 0.0028848578222095966 -0.03140414506196976 -0.9995025396347046 -0.7925875186920166 -0.9995762705802917 -0.029039833694696426 -0.0019725870806723833 -3.9149763584136963
-0.029087496921420097 0.9990854263305664 -0.03133878484368324 0.07205593585968018 0.0030336992349475622 -0.03126361221075058 -0.9995065331459045 -0.7927086353302002 -0.999572217464447 -0.029168272390961647 -0.0021214846055954695 -3.9148685932159424
-0.029255421832203865 0.999082624912262 -0.031272128224372864 0.07200615853071213 0.003027951344847679 -0.03119674138724804 -0.9995086193084717 -0.7926510572433472 -0.9995673298835754 -0.02933579497039318 -0.0021124398335814476 -3.914827346801758
-0.02902056835591793 0.99908846616745 -0.031304508447647095 0.07199668884277344 0.003232372459024191 -0.031223677098751068 -0.9995071291923523 -0.7926623821258545 -0.9995735287666321 -0.029107511043548584 -0.0023232372477650642 -3.914842128753662
-0.029014447703957558 0.9990890026092529 -0.03129210323095322 0.071997731924057 0.003236134070903063 -0.03121117316186428 -0.999507486820221 -0.7926704287528992 -0.9995737075805664 -0.029101481661200523 -0.002327551133930683 -3.914836883544922
-0.028990985825657845 0.9990895390510559 -0.03129765763878822 0.07200007140636444 0.0032424484379589558 -0.03121660090982914 -0.9995073080062866 -0.792680561542511 -0.9995743632316589 -0.02907824143767357 -0.0023344364017248154 -3.9148294925689697
-0.028966015204787254 0.9990909099578857 -0.031276486814022064 0.07199152559041977 0.003273996990174055 -0.031194563955068588 -0.9995079040527344 -0.7927506566047668 -0.9995749592781067 -0.029054218903183937 -0.002367378445342183 -3.9146664142608643
-0.028973933309316635 0.9990906119346619 -0.0312793031334877 0.0719938576221466 0.0032908902503550053 -0.031196871772408485 -0.9995077848434448 -0.7927671670913696 -0.9995747208595276 -0.02906266786158085 -0.002383941551670432 -3.9146499633789062
-0.02912350744009018 0.9990894198417664 -0.031177110970020294 0.07201912254095078 0.0033689981792122126 -0.031091997399926186 -0.9995107650756836 -0.7927581667900085 -0.9995700716972351 -0.02921435423195362 -0.002460362622514367 -3.9148452281951904
-0.029101956635713577 0.9990916848182678 -0.031125418841838837 0.07210096716880798 0.0032502473331987858 -0.031043803319334984 -0.9995126724243164 -0.7928005456924438 -0.9995710849761963 -0.02918899804353714 -0.0023437996860593557 -3.9148776531219482
-0.02873065136373043 0.9990994930267334 -0.031218981370329857 0.07207262516021729 0.0032160189002752304 -0.03113926388323307 -0.9995098114013672 -0.7927569150924683 -0.9995819330215454 -0.028817027807235718 -0.002318411599844694 -3.9149394035339355
-0.02872033603489399 0.999099612236023 -0.031225206330418587 0.07207860797643661 0.0032208003103733063 -0.031145377084612846 -0.9995096325874329 -0.7927641868591309 -0.9995822310447693 -0.028806880116462708 -0.002323334803804755 -3.9149413108825684
-0.028812726959586143 0.9991023540496826 -0.031051384285092354 0.07204855233430862 0.003350488841533661 -0.03096752054989338 -0.9995146989822388 -0.7926765084266663 -0.999579131603241 -0.028902839869260788 -0.0024551628157496452 -3.9149181842803955
-0.028788475319743156 0.9991092085838318 -0.030852388590574265 0.07197140902280807 0.0032913999166339636 -0.030770208686590195 -0.999521017074585 -0.7927039265632629 -0.9995800256729126 -0.0288762915879488 -0.0024025808088481426 -3.9147138595581055
-0.028791086748242378 0.9991085529327393 -0.030872048810124397 0.07196670770645142 0.003315300215035677 -0.030789179727435112 -0.9995203614234924 -0.792705237865448 -0.999579906463623 -0.028879685327410698 -0.0024258308112621307 -3.9147050380706787
-0.028882309794425964 0.9990960955619812 -0.03118784911930561 0.07201892882585526 0.003127533243969083 -0.031110331416130066 -0.9995110034942627 -0.792639434337616 -0.9995778799057007 -0.0289657860994339 -0.002226108219474554 -3.915015697479248
-0.028996124863624573 0.9990959763526917 -0.031085550785064697 0.07198033481836319 0.003187917172908783 -0.0310059804469347 -0.9995140433311462 -0.7926839590072632 -0.9995743632316589 -0.02908119186758995 -0.002285921946167946 -3.9149272441864014
-0.028972286731004715 0.9990969300270081 -0.031076980754733086 0.07197918742895126 0.0032104826532304287 -0.030996806919574738 -0.9995142817497253 -0.792688250541687 -0.9995750188827515 -0.029058044776320457 -0.0023094750940799713 -3.914921998977661
-0.02882920578122139 0.9990994930267334 -0.031127754598855972 0.07203683257102966 0.003258955432102084 -0.03104652836918831 -0.9995125532150269 -0.7927876114845276 -0.9995789527893066 -0.028916655108332634 -0.002360914135351777 -3.9148097038269043
-0.028596410527825356 0.9991077184677124 -0.03107980079948902 0.07197240740060806 0.0032299451995640993 -0.030999938026070595 -0.999514102935791 -0.7928609848022461 -0.999585747718811 -0.028682958334684372 -0.002340516075491905 -3.914707660675049
-0.028493840247392654 0.9991099238395691 -0.03110233135521412 0.07202625274658203 0.003045165678486228 -0.031028002500534058 -0.9995138049125671 -0.7928653359413147 -0.9995892643928528 -0.028574757277965546 -0.0021582883782684803 -3.9147417545318604
-0.028541091829538345 0.9991126656532288 -0.030969606712460518 0.07200456410646439 0.002834595739841461 -0.030901148915290833 -0.9995183944702148 -0.7927778959274292 -0.9995885491371155 -0.028615189716219902 -0.0019500680500641465 -3.9147543907165527
-0.02848544716835022 0.9991185069084167 -0.03083299845457077 0.07196583598852158 0.002502394374459982 -0.030774084851145744 -0.9995231628417969 -0.7928464412689209 -0.9995909929275513 -0.028549078851938248 -0.0016235150396823883 -3.9147512912750244
-0.02824477292597294 0.9991220235824585 -0.03094097040593624 0.07201487571001053 0.002466845326125622 -0.03088349848985672 -0.9995198845863342 -0.7928293943405151 -0.9995979070663452 -0.02830759808421135 -0.001592322252690792 -3.9147493839263916
-0.02820911444723606 0.9991229176521301 -0.030944667756557465 0.07201582193374634 0.0024652397260069847 -0.03088729828596115 -0.9995197653770447 -0.7928441166877747 -0.9995989203453064 -0.028271911665797234 -0.00159171421546489 -3.914743423461914
-0.028297990560531616 0.9991201162338257 -0.03095247410237789 0.07217594236135483 0.00208176183514297 -0.030905844643712044 -0.9995200634002686 -0.792857825756073 -0.9995973110198975 -0.028348902240395546 -0.0012052968377247453 -3.9147560596466064
-0.028496166691184044 0.9991183876991272 -0.030826354399323463 0.07201232016086578 0.002236451953649521 -0.03077501803636551 -0.9995237588882446 -0.7928029298782349 -0.9995913505554199 -0.028551597148180008 -0.001357450382784009 -3.9145872592926025
-0.028427014127373695 0.9991273283958435 -0.030599450692534447 0.07203852385282516 0.00224435911513865 -0.030547890812158585 -0.9995307326316833 -0.7927423715591431 -0.9995933175086975 -0.028482407331466675 -0.0013739553978666663 -3.9148693084716797
-0.028546595945954323 0.9991233944892883 -0.030618129298090935 0.07193189114332199 0.002679441822692752 -0.03055396117269993 -0.9995294809341431 -0.792489230632782 -0.9995887875556946 -0.028615260496735573 -0.0018048214260488749 -3.9150781631469727
-0.028481682762503624 0.9991347789764404 -0.030304932966828346 0.07188157737255096 0.0026349429972469807 -0.03024202771484852 -0.9995390772819519 -0.7923375964164734 -0.9995907545089722 -0.028548464179039 -0.0017712595872581005 -3.91550350189209
-0.028663156554102898 0.9991328716278076 -0.030195798724889755 0.0718720480799675 0.0024880077689886093 -0.030136749148368835 -0.9995426535606384 -0.7923212051391602 -0.9995859861373901 -0.028725232928991318 -0.001621976145543158 -3.91550874710083
-0.028596537187695503 0.9991304278373718 -0.030339941382408142 0.0720072016119957 0.0029090330936014652 -0.03026898391544819 -0.999537467956543 -0.7924954295158386 -0.9995867609977722 -0.02867162972688675 -0.0020408553536981344 -3.915092945098877
-0.02858326956629753 0.9991307854652405 -0.03034079633653164 0.07200773805379868 0.002902898471802473 -0.0302700437605381 -0.999537467956543 -0.7924892902374268 -0.9995871186256409 -0.0286581851541996 -0.002035098383203149 -3.915093421936035
-0.028583131730556488 0.9991356730461121 -0.03017955645918846 0.07206182926893234 0.0026589457411319017 -0.030115731060504913 -0.9995428323745728 -0.792547881603241 -0.9995878338813782 -0.028650367632508278 -0.0017957858508452773 -3.915031909942627
-0.028213176876306534 0.9991518259048462 -0.02999238297343254 0.07200276851654053 0.0021602422930300236 -0.029943255707621574 -0.9995492100715637 -0.792705774307251 -0.9995995163917542 -0.02826530672609806 -0.0013135558692738414 -3.914966106414795
-0.028335116803646088 0.9991443157196045 -0.030127394944429398 0.07195379585027695 0.0020869127474725246 -0.030080243945121765 -0.9995452761650085 -0.7925899028778076 -0.9995962381362915 -0.028385162353515625 -0.001232739887200296 -3.914745569229126
-0.028460793197155 0.9991481900215149 -0.029879886656999588 0.07199625670909882 0.0023312282282859087 -0.029825512319803238 -0.9995523691177368 -0.7926288843154907 -0.999592125415802 -0.028517767786979675 -0.0014803247759118676 -3.914970874786377
-0.028309237211942673 0.9991492629051208 -0.029987758025527 0.07199718058109283 0.0025010760873556137 -0.02992883138358593 -0.9995488524436951 -0.7926127910614014 -0.9995959997177124 -0.028371525928378105 -0.001651626080274582 -3.91493821144104
-0.028359651565551758 0.9991456866264343 -0.030057493597269058 0.07185640186071396 0.00229683518409729 -0.030004316940903664 -0.9995470643043518 -0.7925813794136047 -0.9995951056480408 -0.028415903449058533 -0.0014439013320952654 -3.9147427082061768
-0.02858472242951393 0.9991331100463867 -0.030262453481554985 0.07195092737674713 0.002838979009538889 -0.030193498358130455 -0.9995399713516235 -0.7926300168037415 -0.9995872974395752 -0.028657546266913414 -0.0019733854569494724 -3.914825439453125
-0.028319163247942924 0.9991374611854553 -0.030367810279130936 0.07203354686498642 0.002501899376511574 -0.03030899539589882 -0.9995374083518982 -0.79265296459198 -0.9995957612991333 -0.02838209830224514 -0.0016413561534136534 -3.9150071144104004
-0.028031693771481514 0.9991509318351746 -0.030192019417881966 0.07207437604665756 0.0023609164636582136 -0.030137570574879646 -0.9995428919792175 -0.7927312850952148 -0.9996041655540466 -0.0280902199447155 -0.0015140449395403266 -3.9150846004486084
-0.028024105355143547 0.999150276184082 -0.030219443142414093 0.07207935303449631 0.0023721433244645596 -0.030164701864123344 -0.9995420575141907 -0.7927402257919312 -0.9996044039726257 -0.028083015233278275 -0.0015247290721163154 -3.9150917530059814
-0.02829623594880104 0.9991384744644165 -0.030355848371982574 0.0719374269247055 0.002680668141692877 -0.030291995033621788 -0.999537467956543 -0.7924104332923889 -0.9995959401130676 -0.028364580124616623 -0.0018211493734270334 -3.9152109622955322
-0.028233835473656654 0.9991437792778015 -0.030240722000598907 0.07198715209960938 0.0022965234238654375 -0.030187809839844704 -0.9995415210723877 -0.7925872206687927 -0.9995986223220825 -0.02829039841890335 -0.001442179549485445 -3.9151506423950195
-0.028177758678793907 0.9991449117660522 -0.030255112797021866 0.0719868540763855 0.0023199196439236403 -0.0302016269415617 -0.9995411038398743 -0.7925856113433838 -0.9996001720428467 -0.028235074132680893 -0.0014668619260191917 -3.9151623249053955
-0.028041528537869453 0.9991488456726074 -0.030251238495111465 0.0720156878232956 0.0019568800926208496 -0.030208153650164604 -0.9995416402816772 -0.7926165461540222 -0.9996047616004944 -0.028087932616472244 -0.0011080717667937279 -3.9151370525360107
-0.028042158111929893 0.9991486072540283 -0.030257878825068474 0.07201744616031647 0.0019618805963546038 -0.03021465614438057 -0.9995414614677429 -0.7926185131072998 -0.9996047616004944 -0.02808872051537037 -0.001112866448238492 -3.9151432514190674
-0.028093930333852768 0.9991435408592224 -0.030377529561519623 0.07194717228412628 0.002324833767488599 -0.030324077233672142 -0.9995373487472534 -0.7926146984100342 -0.9996024966239929 -0.0281516145914793 -0.0014708602102473378 -3.9151225090026855
-0.02785640023648739 0.9991483092308044 -0.030440159142017365 0.07201386243104935 0.002058903919532895 -0.030394505709409714 -0.9995357990264893 -0.7925339937210083 -0.9996097683906555 -0.027906201779842377 -0.0012104088673368096 -3.91520619392395
-0.028108788654208183 0.999138355255127 -0.03053385205566883 0.07198087126016617 0.0023031318560242653 -0.03048104979097843 -0.9995326399803162 -0.7925598621368408 -0.9996021389961243 -0.0281660333275795 -0.0014443021500483155 -3.9152448177337646
-0.02823190949857235 0.9991368651390076 -0.030468499287962914 0.071912482380867 0.0024139953311532736 -0.030412357300519943 -0.9995344877243042 -0.7925743460655212 -0.9995984435081482 -0.028292376548051834 -0.001553253037855029 -3.914848804473877
-0.028354668989777565 0.9991320371627808 -0.0305141843855381 0.0720156654715538 0.0023880316875874996 -0.030458606779575348 -0.9995331168174744 -0.7927250266075134 -0.9995949864387512 -0.02841435745358467 -0.0015222553629428148 -3.9149587154388428
-0.028153512626886368 0.9991361498832703 -0.030565055087208748 0.07210397720336914 0.0020843450911343098 -0.03051837533712387 -0.9995319843292236 -0.7926338315010071 -0.9996013641357422 -0.02820410206913948 -0.0012232852168381214 -3.915107250213623
