# 3x4 first row second row third row Freq: 250 current Time: 2020-10-01-15:34:44
-0.026769675314426422 0.9988657832145691 -0.0393766313791275 0.09449923038482666 -0.06128512695431709 -0.04095655307173729 -0.9972796440124512 -0.5960221886634827 -0.9977612495422363 -0.024283645674586296 0.06231200322508812 -2.347517728805542
-0.026763278990983963 0.9988659620285034 -0.03937656804919243 0.09450303763151169 -0.06128484010696411 -0.04095608368515968 -0.997279703617096 -0.5960251092910767 -0.9977614283561707 -0.024277282878756523 0.062311455607414246 -2.3475382328033447
-0.026777358725667 0.9988658428192139 -0.03936969116330147 0.09450292587280273 -0.06127965450286865 -0.04094997048377991 -0.9972802400588989 -0.5960380434989929 -0.9977613687515259 -0.02429196611046791 0.06230667978525162 -2.347560167312622
-0.027016213163733482 0.9988598823547363 -0.039358705282211304 0.09450693428516388 -0.061076078563928604 -0.04094889014959335 -0.9972928166389465 -0.5958467721939087 -0.997767448425293 -0.024539193138480186 0.0621127188205719 -2.347014904022217
-0.027222953736782074 0.9988642930984497 -0.03910299763083458 0.09457167237997055 -0.06118037924170494 -0.04070901870727539 -0.9972962141036987 -0.595779299736023 -0.9977554082870483 -0.024757007136940956 0.06221910938620567 -2.3472952842712402
-0.02740565687417984 0.9988679885864258 -0.03887989744544029 0.09452064335346222 -0.06125076115131378 -0.040499404072761536 -0.9973004460334778 -0.5956826210021973 -0.9977461099624634 -0.024950243532657623 0.062291331589221954 -2.3473219871520996
-0.027381710708141327 0.9988684058189392 -0.038887109607458115 0.09451668709516525 -0.06123396009206772 -0.04050469398498535 -0.9973012208938599 -0.595665454864502 -0.9977477788925171 -0.024926597252488136 0.062273748219013214 -2.3473312854766846
-0.027556173503398895 0.9988973736763 -0.03800947964191437 0.09450027346611023 -0.06148263067007065 -0.03964557498693466 -0.9973204731941223 -0.5956628918647766 -0.9977276921272278 -0.025145407766103745 0.06250730901956558 -2.3477485179901123
-0.027568506076931953 0.9989018440246582 -0.03788190335035324 0.09451624751091003 -0.0616467110812664 -0.03952311351895332 -0.9973152279853821 -0.5957297086715698 -0.9977172017097473 -0.025159189477562904 0.06266860663890839 -2.3477630615234375
-0.027559205889701843 0.9989011287689209 -0.037908922880887985 0.09450528770685196 -0.061611976474523544 -0.03954863175749779 -0.9973163604736328 -0.5957208275794983 -0.9977196455001831 -0.025149596855044365 0.0626341924071312 -2.347780227661133
-0.027425339445471764 0.9988866448402405 -0.03838352486491203 0.09427915513515472 -0.06124601513147354 -0.0400049202144146 -0.9973207116127014 -0.5960332155227661 -0.9977458715438843 -0.02500101551413536 0.06227497011423111 -2.3474338054656982
-0.027426855638623238 0.9988682270050049 -0.038859717547893524 0.09451023489236832 -0.061183955520391464 -0.0404789075255394 -0.9973053932189941 -0.5959201455116272 -0.9977496266365051 -0.024975353851914406 0.06222491338849068 -2.346914768218994
-0.02745390310883522 0.9988657236099243 -0.03890456631779671 0.09451277554035187 -0.061188627034425735 -0.040525488555431366 -0.9973031878471375 -0.5959235429763794 -0.997748613357544 -0.02499934285879135 0.062231797724962234 -2.3469021320343018
-0.027358414605259895 0.9988805651664734 -0.038589030504226685 0.09458988904953003 -0.06123240664601326 -0.040205590426921844 -0.9973134398460388 -0.596039891242981 -0.9977485537528992 -0.02492200955748558 0.062263816595077515 -2.3471899032592773
-0.02727392688393593 0.9988784193992615 -0.0387052558362484 0.09444086998701096 -0.0610622763633728 -0.040312137454748154 -0.9973195791244507 -0.5961599349975586 -0.9977612495422363 -0.02483738586306572 0.062093254178762436 -2.3468613624572754
-0.027407750487327576 0.9988805055618286 -0.03855597600340843 0.09450776875019073 -0.06110347434878349 -0.04017243906855583 -0.997322678565979 -0.5959039330482483 -0.9977550506591797 -0.024978460744023323 0.062136098742485046 -2.3469398021698
-0.027698377147316933 0.9988567233085632 -0.03896293416619301 0.094648577272892 -0.06094810739159584 -0.04059290140867233 -0.9973151683807373 -0.5959534049034119 -0.9977565407752991 -0.025249289348721504 0.06200277805328369 -2.3469982147216797
-0.02771974541246891 0.9988500475883484 -0.03911730647087097 0.09461090713739395 -0.061087969690561295 -0.040751904249191284 -0.9973001480102539 -0.5959964990615845 -0.9977474212646484 -0.02525530382990837 0.0621473491191864 -2.347066640853882
-0.02768203616142273 0.9988650679588318 -0.03875948488712311 0.09468696266412735 -0.06117236986756325 -0.04039442911744118 -0.9973095059394836 -0.5961414575576782 -0.9977433085441589 -0.025236543267965317 0.062221139669418335 -2.3473246097564697
-0.027546873316168785 0.9988613128662109 -0.03895168378949165 0.09452161937952042 -0.06115652993321419 -0.04057751223444939 -0.9973030686378479 -0.5961661338806152 -0.9977480173110962 -0.025090424343943596 0.062204670161008835 -2.3475892543792725
-0.02773393504321575 0.9988226294517517 -0.039801690727472305 0.09440552443265915 -0.06044355034828186 -0.04141980782151222 -0.9973118901252747 -0.5959272980690002 -0.997786283493042 -0.025253621861338615 0.06152111664414406 -2.347665786743164
-0.02776729129254818 0.9988213777542114 -0.039810050278902054 0.094405896961689 -0.060479577630758286 -0.04143112152814865 -0.9973092079162598 -0.5959281325340271 -0.9977831244468689 -0.02528487518429756 0.06155871972441673 -2.347662925720215
-0.027758585289120674 0.9988219141960144 -0.0398026704788208 0.09440256655216217 -0.06047547608613968 -0.04142311215400696 -0.9973098039627075 -0.5959263443946838 -0.9977836608886719 -0.02527681738138199 0.06155407428741455 -2.3476595878601074
-0.02776028774678707 0.998826801776886 -0.03967834636569023 0.09463281184434891 -0.0607031024992466 -0.041304849088191986 -0.9973008632659912 -0.5960381627082825 -0.9977697730064392 -0.025276755914092064 0.061778511852025986 -2.3482444286346436
-0.027836816385388374 0.9988347887992859 -0.03942378982901573 0.09461347758769989 -0.06068350374698639 -0.04105491191148758 -0.9973124265670776 -0.596064567565918 -0.9977688193321228 -0.02536962367594242 0.061755623668432236 -2.348318338394165
-0.02791179157793522 0.9988486766815186 -0.039015740156173706 0.09445057809352875 -0.06064615026116371 -0.04065116494894028 -0.9973312020301819 -0.5962527394294739 -0.9977689981460571 -0.025471141561865807 0.06171096861362457 -2.3479955196380615
-0.02779446355998516 0.9988576769828796 -0.038869764655828476 0.09445756673812866 -0.06074001267552376 -0.04050055146217346 -0.9973316192626953 -0.5963497757911682 -0.9977665543556213 -0.025359343737363815 0.06179631128907204 -2.348250150680542
-0.027862081304192543 0.9988333582878113 -0.039441388100385666 0.09438351541757584 -0.06035194545984268 -0.041065603494644165 -0.9973320960998535 -0.5960406064987183 -0.9977882504463196 -0.025407377630472183 0.06142570450901985 -2.347696542739868
-0.02762344293296337 0.9988288879394531 -0.039721906185150146 0.09432538598775864 -0.06025407835841179 -0.04132856801152229 -0.9973271489143372 -0.5960589647293091 -0.9978007674217224 -0.02515619620680809 0.06132514402270317 -2.3474361896514893
-0.02761281654238701 0.9988287687301636 -0.03973131626844406 0.09430783987045288 -0.06021956726908684 -0.04133643954992294 -0.9973288774490356 -0.5960447788238525 -0.9978031516075134 -0.025146452710032463 0.061290450394153595 -2.3474061489105225
-0.027816466987133026 0.9988235831260681 -0.039720404893159866 0.09449000656604767 -0.06026950851082802 -0.04133930429816246 -0.9973257780075073 -0.5958311557769775 -0.997794508934021 -0.02534814551472664 0.06134851276874542 -2.347658157348633
-0.027803774923086166 0.9988324046134949 -0.039507314562797546 0.09452300518751144 -0.06032313033938408 -0.04112711548805237 -0.9973312616348267 -0.5958282351493835 -0.997791588306427 -0.025346364825963974 0.06139618158340454 -2.3477208614349365
-0.027916178107261658 0.998837411403656 -0.039300598204135895 0.09463215619325638 -0.060423314571380615 -0.04093017429113388 -0.9973333477973938 -0.5958325266838074 -0.9977824091911316 -0.025467056781053543 0.06149567663669586 -2.3478944301605225
-0.027742674574255943 0.9988609552383423 -0.038821909576654434 0.09486355632543564 -0.060675375163555145 -0.04044792801141739 -0.9973376989364624 -0.5961105823516846 -0.9977719187736511 -0.025313274934887886 0.06172838807106018 -2.3485047817230225
-0.027811622247099876 0.9988476037979126 -0.03911535069346428 0.09461524337530136 -0.060738205909729004 -0.0407467782497406 -0.9973217248916626 -0.5962660908699036 -0.9977661967277527 -0.025361333042383194 0.06180143728852272 -2.3484671115875244
-0.027764849364757538 0.9988481998443604 -0.039132535457611084 0.09461459517478943 -0.06075672432780266 -0.04076151177287102 -0.9973199963569641 -0.5962973833084106 -0.997766375541687 -0.025312868878245354 0.061818476766347885 -2.3484926223754883
-0.027701904997229576 0.9988569617271423 -0.03895306959748268 0.09458045661449432 -0.06078729405999184 -0.04057920351624489 -0.9973255395889282 -0.59627765417099 -0.9977662563323975 -0.02525996044278145 0.061841931194067 -2.348615884780884
-0.02751227654516697 0.9988394379615784 -0.03953241929411888 0.094438835978508 -0.06064064800739288 -0.04114224761724472 -0.9973114132881165 -0.5964220762252808 -0.997780442237854 -0.02504103071987629 0.0617021843791008 -2.3479955196380615
-0.0274601299315691 0.9988342523574829 -0.03969958424568176 0.09429648518562317 -0.06050853058695793 -0.041302625089883804 -0.9973127841949463 -0.5962010025978088 -0.9977899193763733 -0.024984169751405716 0.06157216429710388 -2.3478620052337646
-0.027606647461652756 0.9988322854042053 -0.03964736685156822 0.09447139501571655 -0.06055370718240738 -0.04126065596938133 -0.9973117709159851 -0.596063494682312 -0.9977831244468689 -0.02513163536787033 0.06162206083536148 -2.3480401039123535
-0.02773052267730236 0.9988190531730652 -0.039894647896289825 0.09444767236709595 -0.06045471504330635 -0.04151269420981407 -0.9973073601722717 -0.5960495471954346 -0.9977856874465942 -0.025244029238820076 0.06153448298573494 -2.34774112701416
-0.02736857533454895 0.9988410472869873 -0.03959202021360397 0.09443876892328262 -0.0604952797293663 -0.04118925705552101 -0.9973182678222656 -0.5964906215667725 -0.9977931976318359 -0.02490004524588585 0.06155245378613472 -2.3482396602630615
-0.027280665934085846 0.9988647699356079 -0.03904992714524269 0.09448635578155518 -0.06044595688581467 -0.04064134508371353 -0.9973437786102295 -0.5963609218597412 -0.9977986216545105 -0.024847785010933876 0.061486054211854935 -2.3483645915985107
-0.027388473972678185 0.9988677501678467 -0.03889838233590126 0.09461730718612671 -0.06057053431868553 -0.04049978405237198 -0.9973419904708862 -0.5961881279945374 -0.9977880716323853 -0.02495957352221012 0.061611175537109375 -2.348538398742676
-0.027357671409845352 0.9988759756088257 -0.03870849683880806 0.09458615630865097 -0.06057598441839218 -0.040308427065610886 -0.9973493814468384 -0.5961331725120544 -0.9977886080741882 -0.02494034543633461 0.0616106316447258 -2.348611354827881
-0.027642693370580673 0.9988728761672974 -0.03858654946088791 0.09451998770236969 -0.06063947454094887 -0.04020584374666214 -0.9973496794700623 -0.5959712266921997 -0.9977769255638123 -0.0252295583486557 0.06168251484632492 -2.3488380908966064
-0.02766186185181141 0.9988753199577332 -0.038509346544742584 0.09455754607915878 -0.0606798492372036 -0.04013096168637276 -0.9973502159118652 -0.5960097312927246 -0.9977739453315735 -0.02525181695818901 0.061721693724393845 -2.3488125801086426
-0.02776169776916504 0.998885989189148 -0.038158953189849854 0.09455548971891403 -0.060886528342962265 -0.03979252651333809 -0.9973511695861816 -0.5959975123405457 -0.9977585673332214 -0.025364790111780167 0.06192340329289436 -2.34894061088562
-0.027611535042524338 0.9988977909088135 -0.03795786574482918 0.09474501013755798 -0.06122690439224243 -0.039591047912836075 -0.9973383545875549 -0.5962681770324707 -0.9977418780326843 -0.025213995948433876 0.06225258484482765 -2.349316358566284
-0.02784186229109764 0.9988842010498047 -0.03814692795276642 0.09457217156887054 -0.061105743050575256 -0.03979107365012169 -0.997337818145752 -0.5960398316383362 -0.9977428913116455 -0.02543674036860466 0.0621454119682312 -2.348886013031006
-0.027907881885766983 0.9988800287246704 -0.038208119571208954 0.09451603889465332 -0.06108129024505615 -0.039855655282735825 -0.997336745262146 -0.5959128141403198 -0.9977425932884216 -0.025499749928712845 0.06212516129016876 -2.3486852645874023
-0.027796601876616478 0.9988994598388672 -0.03777806833386421 0.09464803338050842 -0.06137819215655327 -0.03942691162228584 -0.9973355531692505 -0.5961042642593384 -0.9977274537086487 -0.025403786450624466 0.062406569719314575 -2.349153757095337
-0.02789377234876156 0.9988895058631897 -0.03796940669417381 0.09467188268899918 -0.06134842336177826 -0.039623260498046875 -0.9973296523094177 -0.59616619348526 -0.997726559638977 -0.025489917024970055 0.06238553300499916 -2.3489327430725098
-0.027951087802648544 0.9988959431648254 -0.03775744140148163 0.0946434959769249 -0.061346348375082016 -0.0394151508808136 -0.9973379969596863 -0.5960688591003418 -0.9977250695228577 -0.025560395792126656 0.06238031014800072 -2.3487839698791504
-0.027602873742580414 0.9988614320755005 -0.038910020142793655 0.09449300915002823 -0.060717228800058365 -0.040528323501348495 -0.9973318576812744 -0.5958901643753052 -0.997773289680481 -0.025166712701320648 0.061766788363456726 -2.347287178039551
-0.027608156204223633 0.9988612532615662 -0.03891008719801903 0.09449326992034912 -0.06075068563222885 -0.040529560297727585 -0.9973297715187073 -0.5958584547042847 -0.9977710843086243 -0.025170616805553436 0.06180044636130333 -2.3472399711608887
-0.02759353071451187 0.9988526701927185 -0.03913957625627518 0.09449121356010437 -0.060616444796323776 -0.04075441136956215 -0.9973288178443909 -0.595952033996582 -0.9977796673774719 -0.025147315114736557 0.06167145073413849 -2.3470773696899414
-0.027599038556218147 0.9988530278205872 -0.039127785712480545 0.09449142217636108 -0.06060854718089104 -0.04074277728796005 -0.9973297715187073 -0.5959399938583374 -0.9977799654006958 -0.025153860449790955 0.06166348606348038 -2.347038507461548
-0.027597682550549507 0.998853325843811 -0.039120160043239594 0.09449239075183868 -0.06061560660600662 -0.040735259652137756 -0.9973296523094177 -0.5959226489067078 -0.9977796077728271 -0.02515268884599209 0.061670295894145966 -2.346996545791626
-0.027613822370767593 0.9988497495651245 -0.03920059651136398 0.0946742594242096 -0.06073996052145958 -0.04081970453262329 -0.9973186254501343 -0.595963716506958 -0.9977715611457825 -0.025158729404211044 0.06179727613925934 -2.3473706245422363
-0.027392320334911346 0.998848021030426 -0.039399806410074234 0.0944368988275528 -0.06046168878674507 -0.040997955948114395 -0.9973282217979431 -0.5960386395454407 -0.9977945685386658 -0.024936949834227562 0.06151505932211876 -2.3470425605773926
-0.02738628163933754 0.9988487362861633 -0.03938520327210426 0.09442959725856781 -0.060447633266448975 -0.040982652455568314 -0.9973297119140625 -0.5960428714752197 -0.9977956414222717 -0.02493240311741829 0.06150040030479431 -2.3470053672790527
-0.02738967351615429 0.99885094165802 -0.039327122271060944 0.09442031383514404 -0.0604681521654129 -0.04092538356781006 -0.9973307847976685 -0.5960396528244019 -0.9977942705154419 -0.024938521906733513 0.061519600450992584 -2.346956253051758
-0.02751539647579193 0.9988666772842407 -0.03883715346455574 0.09462054073810577 -0.06090141460299492 -0.040454793721437454 -0.9973236322402954 -0.5960568785667419 -0.9977644681930542 -0.02507651224732399 0.06194551661610603 -2.3479814529418945
-0.027531689032912254 0.9988645911216736 -0.03887808695435524 0.09462100267410278 -0.06086335703730583 -0.04049571231007576 -0.9973242878913879 -0.5960578918457031 -0.9977663159370422 -0.025091765448451042 0.061909161508083344 -2.3479814529418945
-0.027422545477747917 0.9988483786582947 -0.03936922922730446 0.09446403384208679 -0.060627084225416183 -0.04097342491149902 -0.9973191618919373 -0.5960898399353027 -0.9977837204933167 -0.024962183088064194 0.06168085336685181 -2.347323179244995
-0.027405451983213425 0.9988475441932678 -0.03940146788954735 0.09445174038410187 -0.06062225624918938 -0.04100444167852402 -0.9973182082176208 -0.5961273312568665 -0.9977844953536987 -0.024943344295024872 0.061676133424043655 -2.3472676277160645
-0.02737441658973694 0.998852014541626 -0.039310209453105927 0.09448933601379395 -0.06056976690888405 -0.04091009497642517 -0.9973252415657043 -0.5961761474609375 -0.9977885484695435 -0.024920182302594185 0.06162011995911598 -2.347691297531128
-0.027336295694112778 0.9988516569137573 -0.03934589773416519 0.09448886662721634 -0.060531407594680786 -0.04094242304563522 -0.9973262548446655 -0.5961793065071106 -0.9977918863296509 -0.02488153800368309 0.06158110499382019 -2.347693681716919
-0.027341829612851143 0.9988521337509155 -0.03933031111955643 0.09448794275522232 -0.06056826189160347 -0.04092812165617943 -0.9973245859146118 -0.5961793065071106 -0.9977895021438599 -0.02488650567829609 0.06161778047680855 -2.3476955890655518
-0.027405796572566032 0.9988428354263306 -0.03952067717909813 0.09450643509626389 -0.06053245812654495 -0.04112124443054199 -0.9973188638687134 -0.5960168838500977 -0.9977899193763733 -0.02494002878665924 0.06158936768770218 -2.3477468490600586
-0.027606328949332237 0.9988288283348083 -0.03973562642931938 0.09456878900527954 -0.060415368527173996 -0.041345275938510895 -0.9973166584968567 -0.5960050821304321 -0.9977915287017822 -0.025131605565547943 0.06148599460721016 -2.3476438522338867
-0.027599625289440155 0.998829185962677 -0.03973039239645004 0.09457264095544815 -0.060408346354961395 -0.041339460760354996 -0.997317373752594 -0.5960033535957336 -0.99779212474823 -0.0251255314797163 0.061478570103645325 -2.3476409912109375
-0.027587780728936195 0.9988294839859009 -0.03973165526986122 0.09458015859127045 -0.06039701774716377 -0.04133971035480499 -0.9973180294036865 -0.5960025191307068 -0.9977931380271912 -0.025114113464951515 0.06146678701043129 -2.3476362228393555
-0.02758043073117733 0.9988296627998352 -0.03973245620727539 0.09458800405263901 -0.06039026007056236 -0.04133988544344902 -0.9973184466362 -0.5960009098052979 -0.9977937340736389 -0.025107013061642647 0.0614597462117672 -2.347630739212036
-0.027818845584988594 0.9988358020782471 -0.0394100695848465 0.09455810487270355 -0.06047717481851578 -0.04103486239910126 -0.9973257780075073 -0.5958731770515442 -0.9977818727493286 -0.025361036881804466 0.06154830381274223 -2.3478076457977295
-0.02782147005200386 0.9988318085670471 -0.03950933367013931 0.09448125213384628 -0.06047810986638069 -0.04113416001200676 -0.997321605682373 -0.5959653854370117 -0.9977817535400391 -0.025357497856020927 0.06155186519026756 -2.3478338718414307
-0.027824869379401207 0.9988310933113098 -0.03952562436461449 0.0944766253232956 -0.06044114753603935 -0.041149698197841644 -0.997323215007782 -0.5959601402282715 -0.997783899307251 -0.025361409410834312 0.06151547282934189 -2.3478376865386963
-0.027900133281946182 0.998822808265686 -0.03968160226941109 0.0945146307349205 -0.06030350178480148 -0.04130656644701958 -0.99732506275177 -0.5958750247955322 -0.9977900981903076 -0.025432556867599487 0.06138496473431587 -2.3477835655212402
-0.02784590981900692 0.9988069534301758 -0.04011516645550728 0.09440961480140686 -0.06017783284187317 -0.04173295199871063 -0.9973148703575134 -0.595823347568512 -0.9977992177009583 -0.025357091799378395 0.06126812472939491 -2.347982168197632
-0.027836067602038383 0.9988064169883728 -0.04013630747795105 0.09440797567367554 -0.060190893709659576 -0.04175379127264023 -0.9973132610321045 -0.5958219766616821 -0.9977986812591553 -0.02534543164074421 0.06128130480647087 -2.347984552383423
-0.02783498540520668 0.9988070726394653 -0.04012017324566841 0.09440363943576813 -0.06020822376012802 -0.041738055646419525 -0.9973128437995911 -0.5958111882209778 -0.9977976679801941 -0.025344619527459145 0.061298172920942307 -2.347992420196533
-0.027543656527996063 0.9988160133361816 -0.04009970277547836 0.09449873119592667 -0.060193952172994614 -0.04169938713312149 -0.9973153471946716 -0.5961093306541443 -0.9978066086769104 -0.02505594678223133 0.06127122789621353 -2.348231315612793
-0.02758716605603695 0.9988112449645996 -0.04018808528780937 0.09452183544635773 -0.06009422242641449 -0.04178779572248459 -0.9973176121711731 -0.5960391163825989 -0.9978114366531372 -0.02509808912873268 0.06117558479309082 -2.348120927810669
-0.027599627152085304 0.9988107085227966 -0.04019266366958618 0.09452912956476212 -0.06007998436689377 -0.041792772710323334 -0.9973182678222656 -0.5960421562194824 -0.9978119134902954 -0.02511083334684372 0.061161987483501434 -2.348130702972412
-0.027593478560447693 0.9988178014755249 -0.040019527077674866 0.09456315636634827 -0.060099758207798004 -0.04162001609802246 -0.9973243474960327 -0.596146285533905 -0.9978109002113342 -0.025114476680755615 0.061177145689725876 -2.3485186100006104
-0.02760862186551094 0.9988172054290771 -0.04002492502331734 0.09457460045814514 -0.06009485200047493 -0.041626207530498505 -0.9973243474960327 -0.5961575508117676 -0.9978107810020447 -0.025129452347755432 0.061173006892204285 -2.348541498184204
-0.027821427211165428 0.998819887638092 -0.03981035575270653 0.09464017301797867 -0.06027381494641304 -0.041429534554481506 -0.9973217248916626 -0.5961061120033264 -0.9977940917015076 -0.025347387418150902 0.06135530769824982 -2.348402261734009
-0.027830790728330612 0.9988201856613159 -0.03979619964957237 0.09464772790670395 -0.060262054204940796 -0.04141567274928093 -0.9973230361938477 -0.5961055755615234 -0.9977945685386658 -0.025358082726597786 0.06134358048439026 -2.34840989112854
-0.027835216373205185 0.9988202452659607 -0.03979173302650452 0.09465691447257996 -0.06025543063879013 -0.04141131788492203 -0.9973236322402954 -0.5961053967475891 -0.9977948069572449 -0.025363044813275337 0.061337027698755264 -2.3484206199645996
-0.027739156037569046 0.9988220930099487 -0.03981244936585426 0.09457749873399734 -0.060208071023225784 -0.04142490774393082 -0.9973258972167969 -0.5960590839385986 -0.997800350189209 -0.025267941877245903 0.061286237090826035 -2.3482866287231445
-0.027708450332283974 0.998824954032898 -0.039760772138834 0.09459779411554337 -0.060238055884838104 -0.041372187435626984 -0.9973263144493103 -0.5960689783096313 -0.9977993965148926 -0.025239247828722 0.061313629150390625 -2.3483009338378906
-0.027515174821019173 0.998813807964325 -0.040173500776290894 0.0944884717464447 -0.05994200333952904 -0.0417650081217289 -0.9973277449607849 -0.5961362719535828 -0.9978225827217102 -0.025033563375473022 0.06102006509900093 -2.3475255966186523
-0.027526315301656723 0.9988117814064026 -0.040215782821178436 0.09449275583028793 -0.059945181012153625 -0.04180798679590225 -0.9973257780075073 -0.5961422920227051 -0.9978220462799072 -0.025041954591870308 0.06102476641535759 -2.347513198852539
-0.027503320947289467 0.9988188147544861 -0.040057070553302765 0.0946403294801712 -0.060105666518211365 -0.0416521318256855 -0.9973226189613342 -0.5961435437202454 -0.9978130459785461 -0.025022022426128387 0.0611802376806736 -2.347930908203125
-0.027511581778526306 0.9988247156143188 -0.03990430757403374 0.09459209442138672 -0.06021014228463173 -0.04150272533297539 -0.9973225593566895 -0.5961768627166748 -0.9978065490722656 -0.025035271421074867 0.061281174421310425 -2.3481836318969727
-0.027566151693463326 0.9988227486610413 -0.03991570696234703 0.09460960328578949 -0.06019662320613861 -0.041517116129398346 -0.9973227977752686 -0.5961881875991821 -0.9978058338165283 -0.025089554488658905 0.06127021834254265 -2.348186731338501
-0.027568837627768517 0.9988223910331726 -0.03992260992527008 0.0945492833852768 -0.06020340695977211 -0.04152434319257736 -0.9973220825195312 -0.5962007641792297 -0.9978053569793701 -0.02509152702987194 0.06127728149294853 -2.3482272624969482
-0.027535784989595413 0.998823344707489 -0.03992113098502159 0.09449904412031174 -0.06002592667937279 -0.04151637852191925 -0.9973331093788147 -0.596198320388794 -0.9978169798851013 -0.025066040456295013 0.06109847500920296 -2.347565174102783
-0.02745472639799118 0.9988181591033936 -0.04010636359453201 0.09447447210550308 -0.05982715263962746 -0.04169140383601189 -0.9973377585411072 -0.5961122512817383 -0.9978311061859131 -0.024982180446386337 0.06090106815099716 -2.3472440242767334
-0.027542417868971825 0.9988197088241577 -0.04000795632600784 0.09442848712205887 -0.05984688922762871 -0.041598983108997345 -0.9973403811454773 -0.5960621237754822 -0.9978275299072266 -0.025074807927012444 0.06092198193073273 -2.347438097000122
-0.027553128078579903 0.9988209009170532 -0.039970509707927704 0.0944289043545723 -0.05984630435705185 -0.04156223312020302 -0.9973419904708862 -0.596069872379303 -0.9978272914886475 -0.02508779801428318 0.06092090532183647 -2.3474249839782715
-0.027673380449414253 0.9988219141960144 -0.039862554520368576 0.09455184638500214 -0.06009112671017647 -0.041467949748039246 -0.9973312020301819 -0.5960858464241028 -0.9978092312812805 -0.025204133242368698 0.0611678846180439 -2.3479747772216797
-0.027513014152646065 0.9988306164741516 -0.039755161851644516 0.094512440264225 -0.060082752257585526 -0.04135069623589516 -0.9973365664482117 -0.5962725877761841 -0.9978141784667969 -0.02505112998187542 0.06115017086267471 -2.347862958908081
-0.02751534804701805 0.9988235831260681 -0.039928823709487915 0.09439630806446075 -0.06000244989991188 -0.04152222350239754 -0.9973342418670654 -0.5961079597473145 -0.9978189468383789 -0.02504616789519787 0.061074353754520416 -2.3479416370391846
-0.027311980724334717 0.9988327622413635 -0.03983885049819946 0.09442614763975143 -0.060230620205402374 -0.041425637900829315 -0.997324526309967 -0.5961715579032898 -0.9978107810020447 -0.024839384481310844 0.06129172816872597 -2.3479135036468506
-0.02732398919761181 0.9988318681716919 -0.0398537777364254 0.09442023932933807 -0.06022323668003082 -0.041441094130277634 -0.9973243474960327 -0.596171498298645 -0.9978109002113342 -0.02485075034201145 0.061285216361284256 -2.3479204177856445
-0.02733447030186653 0.998831033706665 -0.039866853505373 0.09441495686769485 -0.060271698981523514 -0.04145600274205208 -0.9973207712173462 -0.59617018699646 -0.9978076815605164 -0.02485838532447815 0.06133441627025604 -2.347930431365967
-0.027370646595954895 0.9988225102424622 -0.04005523771047592 0.09437131136655807 -0.060212478041648865 -0.04164484143257141 -0.9973164796829224 -0.5960446000099182 -0.9978102445602417 -0.02488536573946476 0.06128142029047012 -2.3478200435638428
-0.027524929493665695 0.9988054037094116 -0.04037584736943245 0.0944589301943779 -0.06010076031088829 -0.04197163134813309 -0.9973095059394836 -0.5959433317184448 -0.9978127479553223 -0.025024250149726868 0.061184220016002655 -2.347630500793457
-0.027532706037163734 0.9988047480583191 -0.04038628935813904 0.09446267783641815 -0.06009205803275108 -0.041982319205999374 -0.9973096251487732 -0.5959334969520569 -0.9978130459785461 -0.02503173053264618 0.0611761137843132 -2.347627878189087
-0.027661945670843124 0.9987981915473938 -0.04045948013663292 0.0945715680718422 -0.06014502793550491 -0.042064644396305084 -0.9973029494285583 -0.5958718061447144 -0.9978063106536865 -0.02515389770269394 0.06123632937669754 -2.3475394248962402
-0.027640031650662422 0.9987990260124207 -0.040453653782606125 0.09458027780056 -0.06013310328125954 -0.042057182639837265 -0.9973039627075195 -0.5958619713783264 -0.9978076219558716 -0.025132903829216957 0.061223339289426804 -2.347538471221924
-0.02766217477619648 0.9987984895706177 -0.040452245622873306 0.09459307789802551 -0.06015044078230858 -0.042057570070028305 -0.9973028898239136 -0.595849871635437 -0.9978059530258179 -0.025154342874884605 0.06124156713485718 -2.3475348949432373
-0.027744252234697342 0.9988031983375549 -0.04027894139289856 0.09462512284517288 -0.060197312384843826 -0.041890744119882584 -0.9973071217536926 -0.595798909664154 -0.997800886631012 -0.025244850665330887 0.06128748878836632 -2.3475396633148193
-0.02747325412929058 0.9988160133361816 -0.04014657437801361 0.09448497742414474 -0.060299161821603775 -0.04174450784921646 -0.9973070621490479 -0.5962401032447815 -0.997802197933197 -0.024978460744023323 0.06137462332844734 -2.3477044105529785
-0.027422485873103142 0.9988266825675964 -0.039915747940540314 0.09446399658918381 -0.06037016212940216 -0.041512683033943176 -0.9973124861717224 -0.5960985422134399 -0.9977993369102478 -0.02493906207382679 0.0614377036690712 -2.347827196121216
-0.027395907789468765 0.9988357424736023 -0.039706990122795105 0.09439729899168015 -0.060183413326740265 -0.04129794239997864 -0.9973326921463013 -0.5960428714752197 -0.9978113174438477 -0.02493312768638134 0.06124472990632057 -2.3474509716033936
-0.027406156063079834 0.9988352060317993 -0.039713889360427856 0.09439141303300858 -0.060177307575941086 -0.0413053072988987 -0.997332751750946 -0.5960347652435303 -0.9978114366531372 -0.02494317665696144 0.061239223927259445 -2.3474528789520264
-0.027327295392751694 0.9988282322883606 -0.03994293510913849 0.09430389851331711 -0.05999239161610603 -0.04152457043528557 -0.9973347783088684 -0.5959792733192444 -0.9978247284889221 -0.024858184158802032 0.06105684116482735 -2.3470895290374756
-0.02746593952178955 0.9988229870796204 -0.03997828811407089 0.09441676735877991 -0.0600033774971962 -0.04156861454248428 -0.9973322749137878 -0.5958154797554016 -0.997820258140564 -0.024993829429149628 0.06107446551322937 -2.3472092151641846
-0.027654115110635757 0.9988254904747009 -0.03978608548641205 0.0945173054933548 -0.06011724844574928 -0.041391078382730484 -0.9973328113555908 -0.5957785844802856 -0.9978081583976746 -0.025188520550727844 0.061191268265247345 -2.3473987579345703
-0.027652442455291748 0.9988247752189636 -0.03980453312397003 0.094523586332798 -0.06011216714978218 -0.041409265249967575 -0.9973323345184326 -0.5957595109939575 -0.9978085160255432 -0.025185933336615562 0.06118658557534218 -2.3473963737487793
-0.027644556015729904 0.9988245964050293 -0.03981516510248184 0.09453091025352478 -0.060077644884586334 -0.04141852632164955 -0.9973340630531311 -0.5957388281822205 -0.9978108406066895 -0.025178849697113037 0.06115201860666275 -2.3473961353302
-0.02765592373907566 0.9988388419151306 -0.039447467774152756 0.09468632936477661 -0.06033502146601677 -0.041058577597141266 -0.9973334074020386 -0.5958755612373352 -0.9977949857711792 -0.025202108547091484 0.06140046939253807 -2.348040819168091
-0.027712354436516762 0.998838484287262 -0.03941693529486656 0.0945635586977005 -0.060338374227285385 -0.041031643748283386 -0.9973343014717102 -0.5958735346794128 -0.9977931976318359 -0.02526012249290943 0.06140536814928055 -2.34797739982605
-0.027715032920241356 0.9988366961479187 -0.03946109861135483 0.09456449747085571 -0.06033917888998985 -0.0410759262740612 -0.9973323941230774 -0.595837414264679 -0.9977930784225464 -0.025260046124458313 0.06140740215778351 -2.3479959964752197
-0.02779935859143734 0.9988608360290527 -0.038784127682447433 0.09464855492115021 -0.06077399477362633 -0.040416210889816284 -0.9973329901695251 -0.5960708260536194 -0.9977643489837646 -0.02536814659833908 0.06182830408215523 -2.3487870693206787
-0.027805665507912636 0.9988518953323364 -0.039009835571050644 0.09442801773548126 -0.06040549650788307 -0.040632594376802444 -0.9973465800285339 -0.5960093140602112 -0.9977865815162659 -0.025375472381711006 0.061465952545404434 -2.347804307937622
-0.027766108512878418 0.9988522529602051 -0.03902904689311981 0.09440448880195618 -0.06042049080133438 -0.04064972698688507 -0.997344970703125 -0.595998227596283 -0.9977867603302002 -0.025334229692816734 0.06147982180118561 -2.347803831100464
-0.027425382286310196 0.9988451600074768 -0.039448369294404984 0.0944627970457077 -0.06029409542679787 -0.041044287383556366 -0.9973364472389221 -0.5963468551635742 -0.997803807258606 -0.024973824620246887 0.06135011836886406 -2.347710371017456
-0.02723679691553116 0.9988459348678589 -0.03955969959497452 0.09431770443916321 -0.06010393053293228 -0.0411391519010067 -0.9973440170288086 -0.5962045192718506 -0.9978204965591431 -0.024786759167909622 0.061155058443546295 -2.3472933769226074
-0.027246756479144096 0.998807966709137 -0.04050064831972122 0.09433868527412415 -0.05975357070565224 -0.04207060486078262 -0.9973261952400208 -0.5960724353790283 -0.9978412389755249 -0.024753840640187263 0.06082862615585327 -2.3460817337036133
-0.02724517323076725 0.998807966709137 -0.0405011810362339 0.09433845430612564 -0.059749532490968704 -0.042070940136909485 -0.9973264336585999 -0.5960738062858582 -0.9978415369987488 -0.02475239895284176 0.06082453578710556 -2.3460702896118164
-0.02726203389465809 0.9988076090812683 -0.040498439222574234 0.09433722496032715 -0.05979667231440544 -0.04207039624452591 -0.9973236322402954 -0.5960873961448669 -0.9978382587432861 -0.024767393246293068 0.060872290283441544 -2.345989227294922
-0.027065537869930267 0.9988178610801697 -0.04037780314683914 0.09437864273786545 -0.05984873324632645 -0.041939254850149155 -0.9973260164260864 -0.5960807204246521 -0.9978404641151428 -0.024576600641012192 0.0609130859375 -2.3463826179504395
-0.02706197090446949 0.9988179206848145 -0.04037827253341675 0.09437951445579529 -0.05984543636441231 -0.041939426213502884 -0.9973262548446655 -0.596082329750061 -0.9978407621383667 -0.024573152884840965 0.06090965121984482 -2.3463656902313232
-0.0272124744951725 0.9988121390342712 -0.0404202863574028 0.09438630938529968 -0.06004837155342102 -0.0419955775141716 -0.9973116517066956 -0.5958814024925232 -0.997824490070343 -0.02471214160323143 0.061119839549064636 -2.3467798233032227
-0.027351833879947662 0.9988234639167786 -0.04004412889480591 0.09446285665035248 -0.06021571531891823 -0.04163267835974693 -0.9973167777061462 -0.5957735776901245 -0.9978106021881104 -0.02486715279519558 0.061283595860004425 -2.347222089767456
-0.027388770133256912 0.9988219141960144 -0.04005799815058708 0.09446870535612106 -0.06020994856953621 -0.04164864867925644 -0.9973164796829224 -0.5957494974136353 -0.997809886932373 -0.024903375655412674 0.06127971410751343 -2.347219705581665
-0.02750156633555889 0.9988242983818054 -0.03992127999663353 0.09451772272586823 -0.06028512865304947 -0.04152093827724457 -0.9973172545433044 -0.5958317518234253 -0.9978022575378418 -0.02502112090587616 0.061356134712696075 -2.347752571105957
-0.027498340234160423 0.9988415837287903 -0.039487846195697784 0.0944770947098732 -0.060409072786569595 -0.04109106957912445 -0.9973275661468506 -0.5958724021911621 -0.9977948665618896 -0.025039423257112503 0.061469025909900665 -2.3478827476501465
-0.02727350778877735 0.9988424777984619 -0.039621610194444656 0.09446187317371368 -0.0602865107357502 -0.04120775684714317 -0.9973301887512207 -0.5961840152740479 -0.9978084564208984 -0.024812037125229836 0.06134060397744179 -2.3476901054382324
-0.02731483243405819 0.9988427758216858 -0.039586134254932404 0.09456188976764679 -0.06040342152118683 -0.04117778316140175 -0.9973243474960327 -0.5961125493049622 -0.9978002309799194 -0.024850603193044662 0.0614582784473896 -2.3477559089660645
-0.02739769034087658 0.9988423585891724 -0.03953877091407776 0.09453514218330383 -0.060258399695158005 -0.04113196209073067 -0.9973350167274475 -0.5960788130760193 -0.9978067278862 -0.024942127987742424 0.06131555512547493 -2.347456455230713
-0.027477547526359558 0.998839259147644 -0.03956212103366852 0.09454067796468735 -0.06019589304924011 -0.041158609092235565 -0.9973376989364624 -0.5959993600845337 -0.9978083372116089 -0.02502291090786457 0.06125694885849953 -2.3472487926483154
-0.027547592297196388 0.9988386034965515 -0.03952919691801071 0.09460662305355072 -0.06027817726135254 -0.04113209620118141 -0.997333824634552 -0.5959569215774536 -0.9978014230728149 -0.025091391056776047 0.06134125590324402 -2.347287893295288
-0.027744142338633537 0.9988330006599426 -0.039534006267786026 0.09463068842887878 -0.0602424181997776 -0.04114805907011032 -0.9973353147506714 -0.5958328247070312 -0.9977981448173523 -0.02528858371078968 0.061313726007938385 -2.347048282623291
-0.027788251638412476 0.9988260269165039 -0.03967810794711113 0.09457284212112427 -0.060213614255189896 -0.0412939190864563 -0.9973310232162476 -0.5958918333053589 -0.9977986216545105 -0.02532491646707058 0.06129040941596031 -2.346919298171997
-0.027805419638752937 0.99882572889328 -0.0396735705435276 0.09457561373710632 -0.06022525951266289 -0.04129074141383171 -0.9973304271697998 -0.5958907604217529 -0.9977974891662598 -0.025341834872961044 0.06130263954401016 -2.3468997478485107
-0.027805792167782784 0.998834490776062 -0.03945291414856911 0.09461428970098495 -0.06037005037069321 -0.04107411578297615 -0.9973306059837341 -0.5958882570266724 -0.9977887272834778 -0.02534978836774826 0.06144178286194801 -2.3468875885009766
-0.027840323746204376 0.9988353252410889 -0.03940768167376518 0.09467881172895432 -0.060439422726631165 -0.04103283956646919 -0.9973281025886536 -0.5958492755889893 -0.9977835416793823 -0.02538415417075157 0.061511389911174774 -2.346902370452881
-0.02787918411195278 0.998845100402832 -0.03913053870201111 0.09457215666770935 -0.06065467372536659 -0.040763989090919495 -0.9973260760307312 -0.5958290696144104 -0.9977694153785706 -0.025431182235479355 0.0617210827767849 -2.3475935459136963
-0.027817290276288986 0.9988331198692322 -0.03947942703962326 0.09446694701910019 -0.06057984381914139 -0.04110662639141083 -0.9973165392875671 -0.5958899855613708 -0.997775673866272 -0.02535098046064377 0.06165262311697006 -2.3474416732788086
-0.027745641767978668 0.9988362789154053 -0.039450034499168396 0.09453006833791733 -0.060554418712854385 -0.041072212159633636 -0.9973195195198059 -0.5960034132003784 -0.9977791905403137 -0.025282392278313637 0.06162351742386818 -2.3476645946502686
-0.02774379402399063 0.9988359808921814 -0.03945823386311531 0.09452486038208008 -0.06059235334396362 -0.04108124598860741 -0.997316837310791 -0.5960142016410828 -0.997776985168457 -0.0252784825861454 0.06166156753897667 -2.3476717472076416
-0.027806850150227547 0.9988263249397278 -0.03965778648853302 0.09448376297950745 -0.060480888932943344 -0.041281558573246 -0.9973153471946716 -0.5959030389785767 -0.9977819919586182 -0.02533365599811077 0.06155780702829361 -2.347478151321411
-0.027896154671907425 0.9988210797309875 -0.03972674533724785 0.09455960988998413 -0.06051743030548096 -0.04135684296488762 -0.9973100423812866 -0.5959101915359497 -0.9977772831916809 -0.02541694976389408 0.06159977614879608 -2.34737491607666
-0.027720564976334572 0.9988194108009338 -0.03989202156662941 0.09436590224504471 -0.06034235283732414 -0.04150662198662758 -0.9973143935203552 -0.5960327386856079 -0.9977927803993225 -0.02523893490433693 0.06142169237136841 -2.3468246459960938
-0.02771953120827675 0.9988194108009338 -0.039892151951789856 0.09435456246137619 -0.0603417307138443 -0.04150667041540146 -0.997314453125 -0.5960425734519958 -0.9977928400039673 -0.025237921625375748 0.06142103299498558 -2.3468072414398193
-0.027848979458212852 0.9988223314285278 -0.039728399366140366 0.09444271773099899 -0.06029656156897545 -0.041349973529577255 -0.9973236918449402 -0.5957944393157959 -0.9977919459342957 -0.025378955528140068 0.06137710437178612 -2.3470263481140137
-0.027874385938048363 0.9988224506378174 -0.039708323776721954 0.09443864971399307 -0.06034732982516289 -0.041332781314849854 -0.9973213076591492 -0.5957891941070557 -0.9977881908416748 -0.025403423234820366 0.061428386718034744 -2.347015619277954
-0.02803003415465355 0.998822033405304 -0.039609674364328384 0.09448525309562683 -0.0604407824575901 -0.041246239095926285 -0.997319221496582 -0.5957352519035339 -0.9977781772613525 -0.02556084655225277 0.06152571365237236 -2.347240447998047
