# 3x4 first row second row third row Freq: 250 current Time: 2020-10-01-15:23:14
0.3765789568424225 0.9261025190353394 -0.022854845970869064 -1.46006441116333 -0.011436672881245613 -0.02002144046127796 -0.999734103679657 -0.3898005187511444 -0.9263138771057129 0.37674015760421753 0.00305191520601511 -0.9774690270423889
0.3765934407711029 0.9260939359664917 -0.02296338975429535 -1.4601926803588867 -0.011734149418771267 -0.02001756988465786 -0.9997307062149048 -0.3900136947631836 -0.926304280757904 0.37676143646240234 0.003328475868329406 -0.9772064089775085
0.37659311294555664 0.9260963797569275 -0.022870194166898727 -1.4601889848709106 -0.011724182404577732 -0.019921019673347473 -0.9997327327728271 -0.3900775909423828 -0.9263045191764832 0.3767605721950531 0.0033556404523551464 -0.9771724343299866
0.3764212429523468 0.9261676669120789 -0.022812770679593086 -1.4602179527282715 -0.011730022728443146 -0.019857332110404968 -0.9997339248657227 -0.39022305607795715 -0.9263743162155151 0.3765886425971985 0.003389282152056694 -0.9769428968429565
0.37623119354248047 0.9262410402297974 -0.02296740747988224 -1.4601787328720093 -0.012208417989313602 -0.019830623641610146 -0.9997287392616272 -0.3901263177394867 -0.9264453649520874 0.37640950083732605 0.0038470756262540817 -0.9770963191986084
0.37622010707855225 0.926246166229248 -0.022942233830690384 -1.4601759910583496 -0.012213467620313168 -0.01980145089328289 -0.9997292757034302 -0.39013317227363586 -0.9264497756958008 0.3763984143733978 0.003863010322675109 -0.9770855903625488
0.37606924772262573 0.9263048768043518 -0.023045577108860016 -1.4601293802261353 -0.0125356400385499 -0.019782831892371178 -0.9997256398200989 -0.39002785086631775 -0.9265066981315613 0.37625494599342346 0.004172146786004305 -0.9771907329559326
0.3760433495044708 0.9263002872467041 -0.023645218461751938 -1.4601829051971436 -0.013356487266719341 -0.020096788182854652 -0.9997087717056274 -0.39026838541030884 -0.9265057444572449 0.37624961137771606 0.004814890678972006 -0.9768332839012146
0.3760950565338135 0.9262771606445312 -0.023728858679533005 -1.4601508378982544 -0.01365188043564558 -0.020066790282726288 -0.9997053742408752 -0.39038577675819397 -0.9264804720878601 0.3763081431388855 0.005098441150039434 -0.9770767092704773
0.376090407371521 0.9262791275978088 -0.023724786937236786 -1.4601422548294067 -0.013651463203132153 -0.02006259560585022 -0.9997054934501648 -0.39039865136146545 -0.9264823794364929 0.37630346417427063 0.005099752452224493 -0.977080762386322
0.3758372962474823 0.9263838529586792 -0.023648688569664955 -1.4601831436157227 -0.0139511963352561 -0.01986032910645008 -0.9997053742408752 -0.3902153968811035 -0.9265806078910828 0.3760564625263214 0.005459947045892477 -0.9771887063980103
0.37587445974349976 0.9263682961463928 -0.023667369037866592 -1.4601727724075317 -0.01397780328989029 -0.019869452342391014 -0.9997048377990723 -0.39021408557891846 -0.9265651106834412 0.3760942816734314 0.005480210296809673 -0.9772021174430847
0.376194030046463 0.9262382388114929 -0.02367967739701271 -1.4603266716003418 -0.013644777238368988 -0.020016007125377655 -0.999706506729126 -0.3906737267971039 -0.926440417766571 0.3764066994190216 0.005108448211103678 -0.9767253398895264
0.3762105107307434 0.9262306094169617 -0.023716384544968605 -1.460324764251709 -0.013638228178024292 -0.02005819045007229 -0.9997057318687439 -0.3907019793987274 -0.926433801651001 0.3764232099056244 0.005086078774183989 -0.9767078757286072
0.37621790170669556 0.9262284636497498 -0.023681655526161194 -1.4603279829025269 -0.013602012768387794 -0.020035376772284508 -0.9997066855430603 -0.3907347619533539 -0.9264312982559204 0.37642964720726013 0.005060940515249968 -0.9766913056373596
0.37586453557014465 0.926364004611969 -0.023989491164684296 -1.4602371454238892 -0.014443661086261272 -0.020028047263622284 -0.9996950030326843 -0.39028918743133545 -0.9265620112419128 0.37609636783599854 0.005852292291820049 -0.9770746231079102
0.3758845627307892 0.9263518452644348 -0.024144012480974197 -1.460182785987854 -0.014668187126517296 -0.02010352350771427 -0.9996902346611023 -0.3900570273399353 -0.9265503287315369 0.37612223625183105 0.006031335331499577 -0.9772480130195618
0.37581586837768555 0.9263820648193359 -0.024053726345300674 -1.4602081775665283 -0.01476403046399355 -0.01996767707169056 -0.9996915459632874 -0.38992249965667725 -0.9265766739845276 0.3760550618171692 0.006173000205308199 -0.9773542284965515
0.3758004605770111 0.9263902902603149 -0.02397836372256279 -1.4601776599884033 -0.014716485515236855 -0.019905757158994675 -0.9996935129165649 -0.38994815945625305 -0.9265837073326111 0.3760381042957306 0.006152654066681862 -0.9773635864257812
0.37591609358787537 0.9263337850570679 -0.024346545338630676 -1.460257649421692 -0.015117288567125797 -0.0201395433396101 -0.9996828436851501 -0.39021003246307373 -0.9265303611755371 0.37616488337516785 0.006432913243770599 -0.97706139087677
0.37616652250289917 0.9262189865112305 -0.0248396135866642 -1.4603015184402466 -0.01556090172380209 -0.020489588379859924 -0.9996688961982727 -0.39043524861335754 -0.9264213442802429 0.376428484916687 0.0067053427919745445 -0.976811408996582
0.3761656880378723 0.9262192249298096 -0.02484469674527645 -1.4602992534637451 -0.015539023093879223 -0.020503973588347435 -0.9996689558029175 -0.3904462158679962 -0.9264220595359802 0.37642717361450195 0.006679687649011612 -0.9768063426017761
0.3760986924171448 0.9262530207633972 -0.0245981328189373 -1.4601397514343262 -0.014662902802228928 -0.020594285801053047 -0.9996803402900696 -0.39073580503463745 -0.9264635443687439 0.3763391077518463 0.005836110096424818 -0.9770131707191467
0.37572598457336426 0.9264299273490906 -0.023612244054675102 -1.4600645303726196 -0.01315271481871605 -0.020145658403635025 -0.9997105002403259 -0.3906935453414917 -0.9266374111175537 0.37592774629592896 0.004615857265889645 -0.9772664308547974
0.3757123649120331 0.9264360666275024 -0.023588096722960472 -1.460159420967102 -0.013159510679543018 -0.020116915926337242 -0.9997109770774841 -0.39068353176116943 -0.9266428351402283 0.3759141266345978 0.004633307922631502 -0.9773584008216858
0.37547287344932556 0.9265599846839905 -0.022509826347231865 -1.4601364135742188 -0.01082468032836914 -0.01990116573870182 -0.9997432827949524 -0.3907807767391205 -0.9267701506614685 0.3756200969219208 0.0025574048049747944 -0.9773067831993103
0.3754507303237915 0.9265782237052917 -0.02212350443005562 -1.460347294807434 -0.010624918155372143 -0.019565356895327568 -0.9997520446777344 -0.3903304934501648 -0.926781415939331 0.3755926787853241 0.0024990264791995287 -0.9771146774291992
0.37540072202682495 0.9265990853309631 -0.02209954522550106 -1.4603848457336426 -0.010612751357257366 -0.019544582813978195 -0.9997525811195374 -0.3902547061443329 -0.9268018007278442 0.3755423426628113 0.0024967517238110304 -0.9770854711532593
0.3757117986679077 0.9264695048332214 -0.022245539352297783 -1.4603999853134155 -0.01039345283061266 -0.0197901651263237 -0.9997500777244568 -0.39078375697135925 -0.9266782402992249 0.37584906816482544 0.0021938548889011145 -0.9763773679733276
0.37545761466026306 0.9265642166137695 -0.022589541971683502 -1.4603973627090454 -0.011877330020070076 -0.019560586661100388 -0.9997380375862122 -0.38990160822868347 -0.9267634153366089 0.3756275475025177 0.0036609743256121874 -0.9774602651596069
0.37549251317977905 0.926551878452301 -0.022515105083584785 -1.4602077007293701 -0.011858663521707058 -0.019487688317894936 -0.9997397065162659 -0.3899082839488983 -0.9267495274543762 0.3756617307662964 0.0036702228244394064 -0.977348804473877
0.3754206597805023 0.9265801310539246 -0.022549038752913475 -1.4602625370025635 -0.01213866751641035 -0.019411131739616394 -0.9997378587722778 -0.38994088768959045 -0.9267749786376953 0.37559592723846436 0.0039601451717317104 -0.9773761630058289
0.37525275349617004 0.9266701340675354 -0.02162769064307213 -1.4601842164993286 -0.010768123902380466 -0.018973009660840034 -0.9997619390487671 -0.39035850763320923 -0.9268599152565002 0.3753962814807892 0.00285886088386178 -0.9774664044380188
0.3752526342868805 0.9266694784164429 -0.02165799029171467 -1.4604021310806274 -0.011240877211093903 -0.018814222887158394 -0.9997597336769104 -0.3906525671482086 -0.9268543720245361 0.3754059076309204 0.0033565282355993986 -0.9769392609596252
0.3752627372741699 0.9266651272773743 -0.021668892353773117 -1.460416555404663 -0.011234462261199951 -0.01882854290306568 -0.9997595548629761 -0.3906833529472351 -0.9268503785133362 0.3754159212112427 0.0033449705224484205 -0.9769109487533569
0.3752681016921997 0.926662802696228 -0.021675601601600647 -1.4604300260543823 -0.011228097602725029 -0.018838340416550636 -0.9997594356536865 -0.39071255922317505 -0.926848292350769 0.3754211664199829 0.0033352691680192947 -0.9768834114074707
0.375102698802948 0.9267298579216003 -0.021672651171684265 -1.4602211713790894 -0.011806280352175236 -0.01860172115266323 -0.9997572302818298 -0.39077532291412354 -0.926908016204834 0.37526747584342957 0.003963713068515062 -0.9766777753829956
0.3750878572463989 0.9267351031303406 -0.021704228594899178 -1.4602277278900146 -0.011804572306573391 -0.018636547029018402 -0.9997565746307373 -0.39081573486328125 -0.9269140362739563 0.37525272369384766 0.003949405625462532 -0.9766472578048706
0.3758484125137329 0.9264205694198608 -0.02197347581386566 -1.4601805210113525 -0.010978005826473236 -0.019259024411439896 -0.9997541904449463 -0.38996967673301697 -0.9266160726547241 0.3759972155094147 0.0029318134766072035 -0.9774024486541748
0.3758307993412018 0.926423966884613 -0.02213173918426037 -1.4602960348129272 -0.011327349580824375 -0.01928812637925148 -0.9997497200965881 -0.3899860680103302 -0.9266190528869629 0.3759874105453491 0.003244892694056034 -0.9773038625717163
0.3758033514022827 0.9264281392097473 -0.022419104352593422 -1.4603793621063232 -0.01167441438883543 -0.019457519054412842 -0.9997424483299255 -0.3900269567966461 -0.9266258478164673 0.3759682774543762 0.0035033414606004953 -0.9772659540176392
0.37581950426101685 0.9264217019081116 -0.022415781393647194 -1.4603865146636963 -0.011669552884995937 -0.019455840811133385 -0.9997425675392151 -0.390011727809906 -0.9266193509101868 0.3759843111038208 0.0034990792628377676 -0.9772692918777466
0.37582993507385254 0.9264174699783325 -0.02241440676152706 -1.460323452949524 -0.011675430461764336 -0.01945193111896515 -0.9997425675392151 -0.39001020789146423 -0.9266150593757629 0.37599486112594604 0.0035057412460446358 -0.9772369265556335
0.3757697343826294 0.9264378547668457 -0.022581767290830612 -1.4604432582855225 -0.011950543150305748 -0.019521163776516914 -0.9997379779815674 -0.3899335265159607 -0.9266359806060791 0.37594109773635864 0.0037360095884650946 -0.9773859977722168
0.37565532326698303 0.9264743328094482 -0.022984152659773827 -1.4604830741882324 -0.012385771609842777 -0.019779348745942116 -0.9997276067733765 -0.3905175030231476 -0.9266766309738159 0.37583765387535095 0.004044918809086084 -0.9767592549324036
0.3761895000934601 0.9262471795082092 -0.023398639634251595 -1.4602535963058472 -0.012236610054969788 -0.02028479427099228 -0.9997193217277527 -0.3909494876861572 -0.9264618754386902 0.3763701915740967 0.0037032358814030886 -0.9769164323806763
0.3762129545211792 0.9262380599975586 -0.02338314615190029 -1.4602439403533936 -0.012199794873595238 -0.02028292790055275 -0.9997197985649109 -0.3909796178340912 -0.9264528751373291 0.37639275193214417 0.003669251222163439 -0.9769119620323181
0.3761983811855316 0.9262440204620361 -0.023381365463137627 -1.4602285623550415 -0.012191870249807835 -0.020284289494156837 -0.9997198581695557 -0.39102697372436523 -0.9264588952064514 0.37637799978256226 0.0036617673467844725 -0.9769059419631958
0.37610530853271484 0.9262808561325073 -0.023421062156558037 -1.460223913192749 -0.012171345762908459 -0.020335866138339043 -0.9997190833091736 -0.39090073108673096 -0.9264969229698181 0.376284658908844 0.00362569373100996 -0.9769341945648193
0.3758738338947296 0.9263709783554077 -0.023570239543914795 -1.46017587184906 -0.012692863121628761 -0.02028617262840271 -0.9997135996818542 -0.3903054893016815 -0.9265838861465454 0.37606531381607056 0.004133295733481646 -0.9772794246673584
0.3758211135864258 0.9263895153999329 -0.023683395236730576 -1.4601541757583618 -0.013132389634847641 -0.02023017592728138 -0.9997090697288513 -0.3900805413722992 -0.9265991449356079 0.37602272629737854 0.0045628175139427185 -0.9774003624916077
0.3757034242153168 0.9264384508132935 -0.023637011647224426 -1.4602388143539429 -0.013289976865053177 -0.02011682279407978 -0.9997092485427856 -0.3899335265159607 -0.9266446232795715 0.3759082853794098 0.004754422698169947 -0.9773715138435364
0.375948041677475 0.9263344407081604 -0.02382236160337925 -1.4602431058883667 -0.013343540951609612 -0.02029375359416008 -0.9997049570083618 -0.3904344439506531 -0.9265446066856384 0.37615495920181274 0.004731221590191126 -0.9768279790878296
0.37594786286354065 0.9263360500335693 -0.02376127615571022 -1.460271954536438 -0.01328991912305355 -0.02024959959089756 -0.9997065663337708 -0.3904733955860138 -0.9265454411506653 0.3761533200740814 0.004698174074292183 -0.9767884612083435
0.37593162059783936 0.9263424873352051 -0.02376762591302395 -1.460268497467041 -0.013293256983160973 -0.020255185663700104 -0.9997063875198364 -0.3904745876789093 -0.9265519976615906 0.3761371672153473 0.00469958083704114 -0.9767760038375854
0.3759649395942688 0.9263308644294739 -0.02369431033730507 -1.4603084325790405 -0.013200005516409874 -0.020213739946484566 -0.9997084736824036 -0.390443354845047 -0.9265398383140564 0.37616807222366333 0.004627952352166176 -0.9767893552780151
0.3760574460029602 0.9262785911560059 -0.024263126775622368 -1.4602696895599365 -0.01395931001752615 -0.020518772304058075 -0.9996919631958008 -0.3904699981212616 -0.9264911413192749 0.376280277967453 0.005214009899646044 -0.9767786860466003
0.3760335147380829 0.9262898564338684 -0.0242032278329134 -1.460275411605835 -0.013923936523497105 -0.020468635484576225 -0.9996934533119202 -0.39047786593437195 -0.9265013933181763 0.37625521421432495 0.0052007450722157955 -0.9767723679542542
0.37598124146461487 0.9263085722923279 -0.024300461634993553 -1.4602317810058594 -0.01429448276758194 -0.02042343094944954 -0.9996891617774963 -0.3901585340499878 -0.9265169501304626 0.3762117028236389 0.005562311038374901 -0.9771014451980591
0.3763101398944855 0.9261612296104431 -0.02481847070157528 -1.4603034257888794 -0.014949836768209934 -0.020714042708277702 -0.99967360496521 -0.39037778973579407 -0.9263731241226196 0.3765583038330078 0.006051091477274895 -0.9768990874290466
0.3762615919113159 0.9261736273765564 -0.025092007592320442 -1.4603217840194702 -0.01531207375228405 -0.020862402394413948 -0.9996650218963623 -0.3901480436325073 -0.9263868927955627 0.37651973962783813 0.006331954151391983 -0.9770586490631104
0.3760148286819458 0.9262697100639343 -0.02524368278682232 -1.4602389335632324 -0.01618994027376175 -0.02067137509584427 -0.9996551871299744 -0.3902243971824646 -0.9264721274375916 0.3762938380241394 0.007223543245345354 -0.9770807027816772
0.3757914900779724 0.9263648986816406 -0.025075238198041916 -1.4602012634277344 -0.01594274863600731 -0.02059181220829487 -0.9996607899665833 -0.3901825249195099 -0.9265670776367188 0.3760637640953064 0.0070306118577718735 -0.9771438837051392
0.37578827142715454 0.9263685345649719 -0.024989621713757515 -1.4602092504501343 -0.01591086946427822 -0.02051238715648651 -0.9996629357337952 -0.3902220129966736 -0.9265689253807068 0.3760591745376587 0.00703105004504323 -0.9771730303764343
0.3755419850349426 0.9264794588088989 -0.02457641437649727 -1.4602513313293457 -0.015726108103990555 -0.020143482834100723 -0.9996733665466309 -0.39017194509506226 -0.9266719222068787 0.3758057653903961 0.007005228661000729 -0.9771614670753479
0.3755861520767212 0.9264652132987976 -0.024438153952360153 -1.4603065252304077 -0.015645848587155342 -0.02002648636698723 -0.9996769428253174 -0.39003226161003113 -0.9266553521156311 0.3758471608161926 0.0069737001322209835 -0.977341890335083
0.37559017539024353 0.9264633655548096 -0.024445371702313423 -1.4603005647659302 -0.015646226704120636 -0.02003408968448639 -0.9996768236160278 -0.3900238871574402 -0.9266537427902222 0.37585121393203735 0.0069710854440927505 -0.9773587584495544
0.37558379769325256 0.9264666438102722 -0.024419160559773445 -1.4602900743484497 -0.01561667025089264 -0.020017847418785095 -0.9996775984764099 -0.3900371789932251 -0.9266568422317505 0.37584400177001953 0.0069499812088906765 -0.9773774147033691
0.3754998743534088 0.9265096783638 -0.024075211957097054 -1.4603326320648193 -0.015272896736860275 -0.019786804914474487 -0.9996874928474426 -0.39019525051116943 -0.9266965389251709 0.37575021386146545 0.006720580626279116 -0.9772443771362305
0.3753884434700012 0.9265618324279785 -0.023803401738405228 -1.4603996276855469 -0.01499373372644186 -0.01960756629705429 -0.9996952414512634 -0.3902742266654968 -0.9267462491989136 0.3756309151649475 0.006532204337418079 -0.9771539568901062
0.3753117322921753 0.9266172647476196 -0.02283656597137451 -1.4603137969970703 -0.013560892082750797 -0.019145624712109566 -0.9997246861457825 -0.3906809091567993 -0.9267994165420532 0.3755180537700653 0.005380216054618359 -0.9773543477058411
0.37524378299713135 0.9266649484634399 -0.022001495584845543 -1.4603259563446045 -0.011855535209178925 -0.018935900181531906 -0.9997503757476807 -0.3907657563686371 -0.9268503189086914 0.37541091442108154 0.0038805664516985416 -0.9773473143577576
0.3752251863479614 0.9266727566719055 -0.021991103887557983 -1.4603245258331299 -0.011870975606143475 -0.018918517976999283 -0.9997504949569702 -0.3908044993877411 -0.9268576502799988 0.3753925859928131 0.0039018418174237013 -0.9773596525192261
0.37504467368125916 0.9267505407333374 -0.021790876984596252 -1.4604676961898804 -0.011647575534880161 -0.01879376918077469 -0.9997555017471313 -0.3905874788761139 -0.9269335269927979 0.37520673871040344 0.003745929803699255 -0.9773259162902832
0.3750267028808594 0.9267793893814087 -0.020853862166404724 -1.460427165031433 -0.010001257061958313 -0.01844935119152069 -0.9997797012329102 -0.39065489172935486 -0.9269599914550781 0.3751526176929474 0.002349996007978916 -0.9773542284965515
0.3750261068344116 0.9267793297767639 -0.020867781713604927 -1.4604281187057495 -0.01002174150198698 -0.018456077203154564 -0.9997794032096863 -0.3906620442867279 -0.9269600510597229 0.37515246868133545 0.00236646831035614 -0.9773543477058411
0.37502506375312805 0.9267798066139221 -0.02086358703672886 -1.4604296684265137 -0.010025356896221638 -0.018450092524290085 -0.999779462814331 -0.3906712532043457 -0.9269604086875916 0.37515148520469666 0.0023720876779407263 -0.977355420589447
0.37567466497421265 0.9265013337135315 -0.0215352363884449 -1.4606140851974487 -0.010351317934691906 -0.019040875136852264 -0.9997650384902954 -0.3908407688140869 -0.9266937375068665 0.37580928206443787 0.0024373717606067657 -0.9767804741859436
0.37577441334724426 0.9264588952064514 -0.021619126200675964 -1.4604597091674805 -0.010415450669825077 -0.019105104729533195 -0.9997631907463074 -0.3908398151397705 -0.9266526103019714 0.37591055035591125 0.0024703138042241335 -0.9766998291015625
0.37580153346061707 0.9264472126960754 -0.02164844609797001 -1.460468053817749 -0.01041447650641203 -0.01913706213235855 -0.9997625946998596 -0.3908713459968567 -0.9266416430473328 0.37593770027160645 0.002456762595102191 -0.9766402244567871
0.37592899799346924 0.9263855814933777 -0.02207029238343239 -1.4603769779205322 -0.010536715388298035 -0.01954234018921852 -0.999753475189209 -0.39073169231414795 -0.9265885353088379 0.3760688304901123 0.002414564834907651 -0.9772520065307617
0.376504123210907 0.9261326789855957 -0.02286638505756855 -1.460471510887146 -0.011087295599281788 -0.020176224410533905 -0.9997348785400391 -0.39075520634651184 -0.9263485670089722 0.3766578137874603 0.002671911846846342 -0.9770197868347168
0.37648510932922363 0.9261393547058105 -0.02290867641568184 -1.4604754447937012 -0.011057892814278603 -0.020233888179063797 -0.9997340440750122 -0.3907626271247864 -0.9263566136360168 0.376638263463974 0.0026234290562570095 -0.9770099520683289
0.37648630142211914 0.9261390566825867 -0.022900521755218506 -1.4604768753051758 -0.01107870228588581 -0.020216621458530426 -0.9997341632843018 -0.39077383279800415 -0.9263558983802795 0.3766399025917053 0.002649173839017749 -0.9770004153251648
0.37625354528427124 0.9262419939041138 -0.02256159298121929 -1.4603310823440552 -0.010768499225378036 -0.019977549090981483 -0.9997423887252808 -0.3905313014984131 -0.9264541268348694 0.37639951705932617 0.0024576489813625813 -0.9776515960693359
0.3762456774711609 0.9262597560882568 -0.021954277530312538 -1.4603614807128906 -0.009562406688928604 -0.019812041893601418 -0.9997579455375671 -0.3905659317970276 -0.9264705777168274 0.37636449933052063 0.0014031139435246587 -0.9776094555854797
0.37616679072380066 0.9263099431991577 -0.02117474377155304 -1.4603935480117798 -0.008248507976531982 -0.019504407420754433 -0.9997757077217102 -0.3905372619628906 -0.9265152215957642 0.3762570321559906 0.00030380109092220664 -0.9776120185852051
0.3761953115463257 0.9262978434562683 -0.021197104826569557 -1.4603718519210815 -0.008313274011015892 -0.019502228125929832 -0.9997751712799072 -0.3905380070209503 -0.92650306224823 0.37628692388534546 0.0003639567003119737 -0.9776014089584351
0.37618088722229004 0.9263030290603638 -0.021226366981863976 -1.460395097732544 -0.008332529105246067 -0.019525999203324318 -0.9997745752334595 -0.39055097103118896 -0.9265087246894836 0.37627291679382324 0.00037317624082788825 -0.977617084980011
0.37637242674827576 0.9262258410453796 -0.021198999136686325 -1.4604660272598267 -0.007860874757170677 -0.019688032567501068 -0.999775230884552 -0.3908585011959076 -0.9264350533485413 0.3764544427394867 -0.00012905166659038514 -0.9772909879684448
0.3762705326080322 0.926268994808197 -0.02112363651394844 -1.460521936416626 -0.008046058937907219 -0.01953144744038582 -0.9997767806053162 -0.3909103274345398 -0.9264748692512512 0.37635648250579834 0.00010374290286563337 -0.976983904838562
0.3761046826839447 0.9263346791267395 -0.02119617722928524 -1.460436463356018 -0.008463870733976364 -0.019440120086073875 -0.9997751116752625 -0.3906184434890747 -0.9265384674072266 0.37619948387145996 0.0005288929678499699 -0.9770985841751099
0.3764413893222809 0.9261855483055115 -0.021728115156292915 -1.4604740142822266 -0.00921549927443266 -0.019708603620529175 -0.9997632503509521 -0.39062198996543884 -0.9263945817947388 0.3765524625778198 0.00111616519279778 -0.9769851565361023
0.37643277645111084 0.9261971116065979 -0.02138136327266693 -1.4603513479232788 -0.008084301836788654 -0.019794084131717682 -0.9997713565826416 -0.39099380373954773 -0.9264086484909058 0.3765195310115814 3.655141335912049e-05 -0.9769208431243896
0.37658002972602844 0.9261237382888794 -0.021960066631436348 -1.4603451490402222 -0.00903084222227335 -0.020033907145261765 -0.9997584819793701 -0.3906973600387573 -0.9263400435447693 0.37668734788894653 0.000819344655610621 -0.9770457744598389
0.37656110525131226 0.9261298179626465 -0.022028395906090736 -1.460344672203064 -0.009033981710672379 -0.02010640874505043 -0.9997569918632507 -0.39069241285324097 -0.9263476729393005 0.3766685724258423 0.0007953847525641322 -0.9770374894142151
0.37651875615119934 0.9261465072631836 -0.022049328312277794 -1.4603575468063354 -0.009049513377249241 -0.020122729241847992 -0.9997565150260925 -0.3906583786010742 -0.9263647794723511 0.376626580953598 0.0008046271977946162 -0.9770404100418091
0.37686675786972046 0.9259901642799377 -0.022663110867142677 -1.4604212045669556 -0.009764506481587887 -0.020494062453508377 -0.9997422099113464 -0.3905080556869507 -0.9262159466743469 0.3769908845424652 0.0013183420524001122 -0.9770377278327942
0.3770417869091034 0.9259179830551147 -0.0226995050907135 -1.460434079170227 -0.009757623076438904 -0.020535891875624657 -0.9997414350509644 -0.3907385468482971 -0.9261447787284851 0.3771657645702362 0.0012919057626277208 -0.9767233729362488
0.37722575664520264 0.9258344173431396 -0.02305053360760212 -1.4603580236434937 -0.010345595888793468 -0.02067507430911064 -0.9997326731681824 -0.39032378792762756 -0.9260634779930115 0.3773633539676666 0.001779174548573792 -0.9772289395332336
0.37729641795158386 0.9257926344871521 -0.0235646553337574 -1.460371732711792 -0.010972259566187859 -0.02097468078136444 -0.9997197389602661 -0.3903392553329468 -0.9260275363922119 0.3774491846561432 0.0022444024216383696 -0.977116584777832
0.37725910544395447 0.9258089661598206 -0.023521840572357178 -1.4603220224380493 -0.010955190286040306 -0.020935501903295517 -0.9997207522392273 -0.3903408646583557 -0.926042914390564 0.3774113953113556 0.002244340954348445 -0.9770874977111816
0.377035915851593 0.9258965849876404 -0.02365187183022499 -1.46028470993042 -0.011558321304619312 -0.02083084173500538 -0.9997161626815796 -0.3901188373565674 -0.9261264801025391 0.37720224261283875 0.00284787081182003 -0.9774417281150818
0.3770023286342621 0.925912618637085 -0.0235590860247612 -1.4602530002593994 -0.011459773406386375 -0.020770903676748276 -0.9997185468673706 -0.3899187445640564 -0.9261413812637329 0.37716615200042725 0.0027801061514765024 -0.9773694276809692
0.3768632709980011 0.9259679913520813 -0.023607760667800903 -1.460385799407959 -0.011839030310511589 -0.020669518038630486 -0.9997162222862244 -0.38988128304481506 -0.9261931777000427 0.37703579664230347 0.00317301694303751 -0.9775710105895996
0.37695077061653137 0.9259382486343384 -0.023375943303108215 -1.4603582620620728 -0.010983821004629135 -0.020767129957675934 -0.9997239708900452 -0.3905583918094635 -0.9261681437492371 0.37710341811180115 0.002342190593481064 -0.977350115776062
0.3770224452018738 0.9259317517280579 -0.022457998245954514 -1.4604406356811523 -0.009573153220117092 -0.020350279286503792 -0.9997470378875732 -0.3905687928199768 -0.926154613494873 0.3771420121192932 0.0011916115181520581 -0.9773088097572327
0.37701863050460815 0.9259328842163086 -0.02247505448758602 -1.4604657888412476 -0.00961427390575409 -0.0203519556671381 -0.9997466206550598 -0.39062491059303284 -0.9261557459831238 0.377139151096344 0.0012291421880945563 -0.9772952198982239
0.37699776887893677 0.9259418249130249 -0.022458428516983986 -1.4604699611663818 -0.009607948362827301 -0.020336613059043884 -0.9997469782829285 -0.3906373083591461 -0.9261642694473267 0.37711814045906067 0.0012295793276280165 -0.9772864580154419
0.37682777643203735 0.9260171055793762 -0.022205715999007225 -1.4603649377822876 -0.008818158879876137 -0.02038543112576008 -0.9997532367706299 -0.3905404508113861 -0.9262413382530212 0.3769305646419525 0.00048400613013654947 -0.9777074456214905
0.37685635685920715 0.9260110855102539 -0.021969303488731384 -1.4605071544647217 -0.008710760623216629 -0.02017388306558132 -0.9997584819793701 -0.39037835597991943 -0.9262307286262512 0.37695667147636414 0.0004636415687855333 -0.9774755835533142
0.37686794996261597 0.926007866859436 -0.021905776113271713 -1.4604377746582031 -0.008701213635504246 -0.02010917477309704 -0.9997598528862 -0.3904150128364563 -0.9262260794639587 0.37696802616119385 0.0004789249214809388 -0.9774055480957031
0.3768518567085266 0.9260135889053345 -0.021941587328910828 -1.4604462385177612 -0.008777772076427937 -0.020116690546274185 -0.9997590184211731 -0.39041081070899963 -0.9262319207191467 0.3769536018371582 0.0005473609198816121 -0.9773656129837036
0.37669143080711365 0.9260972142219543 -0.02115190401673317 -1.4604341983795166 -0.007581636775285006 -0.019750818610191345 -0.9997761249542236 -0.3905380070209503 -0.926307737827301 0.37676742672920227 -0.0004185950383543968 -0.97748202085495
0.37666618824005127 0.9261074662208557 -0.021154316142201424 -1.4604363441467285 -0.007569822017103434 -0.01975821517407894 -0.9997760653495789 -0.39054155349731445 -0.9263181090354919 0.3767419159412384 -0.0004317465936765075 -0.9774719476699829
0.3764965534210205 0.9261811375617981 -0.020947201177477837 -1.4604731798171997 -0.007596414070576429 -0.019523749127984047 -0.9997804760932922 -0.39035508036613464 -0.926386833190918 0.37657296657562256 -0.000314932141918689 -0.9772990942001343
0.3765222430229187 0.9261852502822876 -0.020293889567255974 -1.4603968858718872 -0.006506259553134441 -0.019261687994003296 -0.9997932314872742 -0.3905642032623291 -0.926384687423706 0.37657639384269714 -0.0012264158576726913 -0.9773866534233093
0.37578126788139343 0.9265187978744507 -0.018743878230452538 -1.4605234861373901 -0.006710653658956289 -0.017505088821053505 -0.9998242259025574 -0.39015644788742065 -0.9266840815544128 0.3758409321308136 -0.0003605008823797107 -0.9774976968765259
0.3758050203323364 0.9265085458755493 -0.01877203956246376 -1.4605402946472168 -0.006742492783814669 -0.017522573471069336 -0.9998236894607544 -0.3901367485523224 -0.9266741871833801 0.37586531043052673 -0.00033805781276896596 -0.9774894714355469
0.37582680583000183 0.9264982342720032 -0.01884494721889496 -1.460554838180542 -0.006739953998476267 -0.017602290958166122 -0.9998223185539246 -0.390182226896286 -0.9266653656959534 0.375887006521225 -0.00037082063499838114 -0.9773863554000854
0.37600189447402954 0.9264233112335205 -0.019035572186112404 -1.4603811502456665 -0.006718071643263102 -0.017816973850131035 -0.9998186230659485 -0.390543669462204 -0.9265944957733154 0.3760615289211273 -0.00047540123341605067 -0.9773325324058533
0.3759826123714447 0.9264312386512756 -0.019029395654797554 -1.460387110710144 -0.006714505143463612 -0.017811745405197144 -0.999818742275238 -0.3905460834503174 -0.9266023635864258 0.3760421872138977 -0.0004763426841236651 -0.9773173332214355
0.37628448009490967 0.9262890815734863 -0.019961770623922348 -1.4604378938674927 -0.007647879887372255 -0.018439127132296562 -0.9998006820678711 -0.39065805077552795 -0.926472544670105 0.3763621151447296 0.00014582676521968096 -0.9771508574485779
0.3762873411178589 0.9262895584106445 -0.019886447116732597 -1.460556149482727 -0.007545307278633118 -0.018399491906166077 -0.9998021721839905 -0.39063993096351624 -0.9264722466468811 0.3763629198074341 6.567962554981932e-05 -0.9770805239677429
0.37688544392585754 0.9260233640670776 -0.02092941850423813 -1.46062433719635 -0.008475234732031822 -0.01914701610803604 -0.9997807145118713 -0.39083656668663025 -0.9262210726737976 0.37698015570640564 0.0006320693646557629 -0.9769232869148254
0.3768780827522278 0.9260261654853821 -0.02093803510069847 -1.4606515169143677 -0.008488200604915619 -0.019151046872138977 -0.999780535697937 -0.39087599515914917 -0.9262239336967468 0.37697306275367737 0.0006427220068871975 -0.9768667817115784
0.37674009799957275 0.9260769486427307 -0.021174060180783272 -1.460560917854309 -0.009197553619742393 -0.019117368385195732 -0.9997748732566833 -0.3904121220111847 -0.9262732863426208 0.3768500089645386 0.001315399189479649 -0.9773925542831421
0.37675729393959045 0.9260702729225159 -0.02116009034216404 -1.4605646133422852 -0.009204481728374958 -0.019099440425634384 -0.9997751712799072 -0.39040860533714294 -0.9262662529945374 0.3768673241138458 0.0013281794963404536 -0.9773984551429749
0.3764624297618866 0.9261937141418457 -0.021002735942602158 -1.4606122970581055 -0.009267685934901237 -0.018904350697994232 -0.9997782707214355 -0.39034056663513184 -0.9263854622840881 0.3765735626220703 0.0014669314259663224 -0.977448582649231
0.3763088583946228 0.9262567162513733 -0.02097860351204872 -1.4606177806854248 -0.009515705518424511 -0.018777795135974884 -0.9997783303260803 -0.39069873094558716 -0.9264453649520874 0.37642502784729004 0.0017477720975875854 -0.9771072268486023
0.37627682089805603 0.9262702465057373 -0.020955799147486687 -1.4606397151947021 -0.009497132152318954 -0.018760789185762405 -0.9997788071632385 -0.390737384557724 -0.9264585971832275 0.37639257311820984 0.0017376975156366825 -0.9770801663398743
0.3761325180530548 0.9263283014297485 -0.0209791362285614 -1.4605426788330078 -0.009853624738752842 -0.018641501665115356 -0.999777615070343 -0.39087802171707153 -0.9265134334564209 0.3762555718421936 0.002116053132340312 -0.9769361019134521
0.37561118602752686 0.9265505075454712 -0.020502865314483643 -1.4601504802703857 -0.008743427693843842 -0.01857897825539112 -0.9997891187667847 -0.3911161720752716 -0.926736056804657 0.37571120262145996 0.0011227920185774565 -0.9770430326461792
0.375618577003479 0.9265471696853638 -0.020516520366072655 -1.4601249694824219 -0.008772808127105236 -0.01858179084956646 -0.9997888207435608 -0.39117851853370667 -0.9267327785491943 0.37571918964385986 0.0011487919837236404 -0.9770410060882568
0.37544137239456177 0.9266318082809448 -0.01993090845644474 -1.460108995437622 -0.007485011126846075 -0.018471969291567802 -0.9998012781143188 -0.39115503430366516 -0.9268158674240112 0.3755159080028534 7.4424735885259e-07 -0.9772314429283142
0.37618958950042725 0.9263172745704651 -0.020437216386198997 -1.4603865146636963 -0.00810878723859787 -0.01876511611044407 -0.9997909665107727 -0.3908478915691376 -0.9265071749687195 0.3762766420841217 0.0004521044029388577 -0.9770452976226807
0.376219242811203 0.926293134689331 -0.020977510139346123 -1.4603047370910645 -0.009397214278578758 -0.018824927508831024 -0.9997785687446594 -0.39004114270210266 -0.9264829754829407 0.3763330280780792 0.0016223114216700196 -0.9775286912918091
0.3762516975402832 0.92628014087677 -0.02096780762076378 -1.4602916240692139 -0.009416169486939907 -0.018806694075465202 -0.9997787475585938 -0.3899551331996918 -0.926469624042511 0.3763658404350281 0.0016459976322948933 -0.9775782227516174
0.3763907551765442 0.9262329936027527 -0.020550597459077835 -1.4602031707763672 -0.008733817376196384 -0.018633393570780754 -0.9997881650924683 -0.39031580090522766 -0.9264197945594788 0.3764905035495758 0.0010761488229036331 -0.9777868390083313
0.3762831389904022 0.9262703657150269 -0.02083691954612732 -1.460323452949524 -0.008120562881231308 -0.01919170841574669 -0.9997828006744385 -0.39095538854599 -0.926469087600708 0.3763705790042877 0.0003003567981068045 -0.9773644208908081
0.37624087929725647 0.9262935519218445 -0.020565368235111237 -1.4604082107543945 -0.008303746581077576 -0.018824217841029167 -0.9997882843017578 -0.3908846378326416 -0.9264846444129944 0.37633195519447327 0.0006093030679039657 -0.9769572019577026
0.3762120008468628 0.9263055324554443 -0.02055605873465538 -1.4604254961013794 -0.008318339474499226 -0.018808264285326004 -0.9997884631156921 -0.39091381430625916 -0.9264962077140808 0.37630337476730347 0.0006294655613601208 -0.9769198894500732
0.37591543793678284 0.9264293313026428 -0.02040128782391548 -1.460361123085022 -0.008871923200786114 -0.018416816368699074 -0.9997909665107727 -0.3906506299972534 -0.9266114830970764 0.37601783871650696 0.001296080881729722 -0.9768916964530945
0.37589117884635925 0.9264397025108337 -0.020376164466142654 -1.4603817462921143 -0.008868097327649593 -0.018391292542219162 -0.9997915029525757 -0.3906610608100891 -0.9266213178634644 0.3759934604167938 0.00130266894120723 -0.9768437743186951
0.3757980465888977 0.92647784948349 -0.020361756905913353 -1.4602911472320557 -0.009193864651024342 -0.018243737518787384 -0.9997912645339966 -0.3903561234474182 -0.9266559481620789 0.375906765460968 0.0016619866946712136 -0.9771587252616882
0.3757956624031067 0.9264788031578064 -0.02036050520837307 -1.4602972269058228 -0.009191908873617649 -0.018243184313178062 -0.9997912645339966 -0.3903452754020691 -0.9266569018363953 0.3759043514728546 0.0016604355769231915 -0.977158784866333
0.3760930895805359 0.9263484477996826 -0.020794939249753952 -1.4603101015090942 -0.009661591611802578 -0.018520774319767952 -0.9997817277908325 -0.39012041687965393 -0.9265314936637878 0.37621188163757324 0.001984501490369439 -0.9774138331413269
0.37603721022605896 0.9263768792152405 -0.020538311451673508 -1.460262417793274 -0.008830912411212921 -0.01858116313815117 -0.9997882843017578 -0.3903169333934784 -0.9265624284744263 0.37613892555236816 0.0011935809161514044 -0.9776794910430908
0.37604159116744995 0.9263744950294495 -0.020565899088978767 -1.4602559804916382 -0.008814322762191296 -0.018617665395140648 -0.9997877478599548 -0.3903096914291382 -0.9265608191490173 0.3761430084705353 0.0011643837206065655 -0.9777072668075562
0.3759910464286804 0.9263938665390015 -0.020618241280317307 -1.460174322128296 -0.008906452916562557 -0.018636828288435936 -0.9997866153717041 -0.39030930399894714 -0.9265804290771484 0.37609440088272095 0.0012436388060450554 -0.9777502417564392
0.37599679827690125 0.9263929128646851 -0.020554859191179276 -1.460391879081726 -0.00906653143465519 -0.01850343868136406 -0.9997876286506653 -0.3902279734611511 -0.926576554775238 0.3761032819747925 0.0014419733779504895 -0.9775021076202393
0.3759819269180298 0.9263978600502014 -0.02060495875775814 -1.4604179859161377 -0.009152397513389587 -0.018522679805755615 -0.9997864961624146 -0.390182226896286 -0.9265817403793335 0.3760901987552643 0.0015146045479923487 -0.977503776550293
0.3760949671268463 0.9263514876365662 -0.020625567063689232 -1.4604682922363281 -0.009471654891967773 -0.018415093421936035 -0.9997854828834534 -0.3900147080421448 -0.9265326857566833 0.3762096166610718 0.001848294516094029 -0.9776289463043213
0.37608981132507324 0.9263519644737244 -0.02069813199341297 -1.4604618549346924 -0.009981801733374596 -0.01828628033399582 -0.999782919883728 -0.39014896750450134 -0.9265294075012207 0.3762147128582001 0.00236941478215158 -0.9774654507637024
0.3762362599372864 0.9262852072715759 -0.02102191373705864 -1.4605557918548584 -0.01028419565409422 -0.018512504175305367 -0.9997757077217102 -0.3901864290237427 -0.9264666438102722 0.3763680160045624 0.0025610593147575855 -0.9774347543716431
0.3762016296386719 0.9262961149215698 -0.02116062119603157 -1.460617184638977 -0.010681812651455402 -0.018500804901123047 -0.9997717142105103 -0.39021939039230347 -0.9264761805534363 0.3763417601585388 0.0029345254879444838 -0.9774592518806458
0.3760879933834076 0.9263445138931274 -0.021063078194856644 -1.4606175422668457 -0.010621927678585052 -0.018420236185193062 -0.9997738599777222 -0.39038243889808655 -0.9265230298042297 0.37622663378715515 0.002911971416324377 -0.9773439168930054
0.3760588467121124 0.9263567328453064 -0.021043604239821434 -1.4606350660324097 -0.010588212870061398 -0.018413007259368896 -0.9997743368148804 -0.39039310812950134 -0.9265352487564087 0.3761967718601227 0.002884124405682087 -0.9773223996162415
0.375903844833374 0.9264227151870728 -0.020907646045088768 -1.460626244544983 -0.010778186842799187 -0.018189705908298492 -0.9997764229774475 -0.39042598009109497 -0.92659592628479 0.3760451078414917 0.0031476139556616545 -0.9774048328399658
0.37583935260772705 0.9264487624168396 -0.020914604887366295 -1.4606261253356934 -0.01082554366439581 -0.018178235739469528 -0.9997761249542236 -0.3904394209384918 -0.9266215562820435 0.37598156929016113 0.0031972515862435102 -0.9773282408714294
0.37588849663734436 0.9264204502105713 -0.021282626315951347 -1.460647702217102 -0.011393098160624504 -0.018344884738326073 -0.9997667670249939 -0.3903176188468933 -0.9265947937965393 0.37604326009750366 0.003659204114228487 -0.9774332046508789
0.3760458528995514 0.9263530969619751 -0.021433191373944283 -1.4608012437820435 -0.011277133598923683 -0.018553797155618668 -0.9997642040252686 -0.3907977044582367 -0.9265323877334595 0.3761988580226898 0.0034695658832788467 -0.9768368005752563
0.37599533796310425 0.9263610243797302 -0.021970132365822792 -1.4606338739395142 -0.012176438234746456 -0.01876837946474552 -0.9997496604919434 -0.39042186737060547 -0.9265415072441101 0.37616869807243347 0.004222990479320288 -0.9772829413414001
