# 3x4 first row second row third row Freq: 250 current Time: 2020-10-01-16:07:16
-0.01171954721212387 0.9999264478683472 -0.0031071212142705917 1.6311070919036865 -0.044276587665081024 -0.0036231796257197857 -0.9990127086639404 -0.35020527243614197 -0.9989505410194397 -0.01157044805586338 0.04431584104895592 -3.906900405883789
-0.011707219295203686 0.9999265670776367 -0.0031162614468485117 1.6311101913452148 -0.04427206143736839 -0.0036317128688097 -0.9990128874778748 -0.35020098090171814 -0.9989508390426636 -0.011557742953300476 0.04431137442588806 -3.906904697418213
-0.011737816967070103 0.9999262094497681 -0.003121250309050083 1.6311160326004028 -0.04428730905056 -0.003638229798525572 -0.9990121722221375 -0.3501918911933899 -0.9989498257637024 -0.011588035151362419 0.044326793402433395 -3.9069063663482666
-0.011834289878606796 0.9999247789382935 -0.00321813952177763 1.6311143636703491 -0.04423147812485695 -0.003738654777407646 -0.9990142583847046 -0.350187212228775 -0.9989511966705322 -0.01168032642453909 0.044272441416978836 -3.906855821609497
-0.011768666096031666 0.9999257326126099 -0.0031584918033331633 1.6310901641845703 -0.0442015714943409 -0.0036758079659193754 -0.9990158081054688 -0.3503149747848511 -0.9989532828330994 -0.011617518030107021 0.04424159228801727 -3.9069321155548096
-0.011791208758950233 0.9999252557754517 -0.0032186091411858797 1.6311205625534058 -0.04422660917043686 -0.003737159539014101 -0.9990144968032837 -0.35036537051200867 -0.9989519119262695 -0.01163728442043066 0.04426741600036621 -3.906977415084839
-0.011659018695354462 0.9999270439147949 -0.0031376038677990437 1.6312432289123535 -0.044332679361104965 -0.0036515977699309587 -0.9990100860595703 -0.35062268376350403 -0.9989487528800964 -0.011508422903716564 0.0443720668554306 -3.9071333408355713
-0.011631340719759464 0.9999274611473083 -0.0031119128689169884 1.6311614513397217 -0.04438900575041771 -0.0036253496073186398 -0.9990077018737793 -0.35066157579421997 -0.9989465475082397 -0.011481708846986294 0.04442800208926201 -3.907175302505493
-0.011480380780994892 0.9999295473098755 -0.002995647257193923 1.6310641765594482 -0.04421006143093109 -0.0035004527308046818 -0.9990161061286926 -0.3504255414009094 -0.9989562630653381 -0.011336691677570343 0.044247180223464966 -3.906958818435669
-0.011531040072441101 0.999928891658783 -0.0030328950379043818 1.631049394607544 -0.044448304921388626 -0.003542623482644558 -0.9990053772926331 -0.3504484295845032 -0.9989451169967651 -0.011384808458387852 0.04448603838682175 -3.906934976577759
-0.011313162744045258 0.999932050704956 -0.0028045717626810074 1.6311489343643188 -0.04429776594042778 -0.003303133649751544 -0.9990128874778748 -0.3504979908466339 -0.9989542961120605 -0.01117780338972807 0.044332168996334076 -3.9070065021514893
-0.011257763020694256 0.9999326467514038 -0.0027995985001325607 1.631121277809143 -0.04437241703271866 -0.0032965398859232664 -0.9990095496177673 -0.35045725107192993 -0.9989515542984009 -0.01112243253737688 0.04440658912062645 -3.9070332050323486
-0.011228133924305439 0.9999330043792725 -0.0027987861540168524 1.6310211420059204 -0.04440449923276901 -0.0032947685103863478 -0.9990081787109375 -0.3504209518432617 -0.9989504814147949 -0.01109276246279478 0.04443856328725815 -3.906909942626953
-0.0112575339153409 0.9999328851699829 -0.002730592619627714 1.6309632062911987 -0.04425518959760666 -0.003226282075047493 -0.9990150332450867 -0.3503316640853882 -0.9989567995071411 -0.011125646531581879 0.04428858309984207 -3.906799554824829
-0.011226775124669075 0.9999330043792725 -0.0028100297786295414 1.630972981452942 -0.04430558532476425 -0.0033048433251678944 -0.9990125298500061 -0.35025617480278015 -0.9989548921585083 -0.011091233231127262 0.04433976486325264 -3.906867742538452
-0.011283831670880318 0.9999322891235352 -0.0028186023700982332 1.63095223903656 -0.044312119483947754 -0.0033160110469907522 -0.9990121722221375 -0.35021457076072693 -0.9989539384841919 -0.011147831566631794 0.044346585869789124 -3.906806707382202
-0.011286690831184387 0.9999322891235352 -0.002826106734573841 1.6309454441070557 -0.04433589428663254 -0.0033239007461816072 -0.9990110993385315 -0.35020801424980164 -0.9989528656005859 -0.01115027628839016 0.04437045380473137 -3.906797170639038
-0.011316445656120777 0.9999319314956665 -0.0028258194215595722 1.6310043334960938 -0.0443292073905468 -0.0033248593099415302 -0.9990113973617554 -0.350225567817688 -0.9989528656005859 -0.011180036701261997 0.04436386004090309 -3.906892776489258
-0.01145902369171381 0.9999300837516785 -0.0029090747702866793 1.630987286567688 -0.04436064511537552 -0.003414720529690385 -0.9990097284317017 -0.350175142288208 -0.9989498257637024 -0.011318671517074108 0.044396717101335526 -3.9068236351013184
-0.011403989046812057 0.9999305009841919 -0.0029681166633963585 1.63103449344635 -0.04437115043401718 -0.003471382660791278 -0.9990090131759644 -0.35021260380744934 -0.9989500045776367 -0.011261033825576305 0.04440770298242569 -3.9067885875701904
-0.011390569619834423 0.999930739402771 -0.0029405904933810234 1.6310358047485352 -0.044359393417835236 -0.003443153342232108 -0.9990096688270569 -0.35021141171455383 -0.9989506602287292 -0.011248891241848469 0.04439558833837509 -3.906782627105713
-0.011381417512893677 0.999930739402771 -0.0029752308037132025 1.6310380697250366 -0.04436514899134636 -0.0034774201922118664 -0.9990093111991882 -0.3502040505409241 -0.9989504814147949 -0.011238189414143562 0.04440170153975487 -3.9067742824554443
-0.011510534211993217 0.9999289512634277 -0.003080190857872367 1.6311261653900146 -0.0444454625248909 -0.003588931169360876 -0.9990053176879883 -0.3501931130886078 -0.9989454746246338 -0.0113622285425663 0.04448366165161133 -3.906752824783325
-0.011557221412658691 0.9999284744262695 -0.003055116394534707 1.631079912185669 -0.04450976103544235 -0.003566691419109702 -0.9990025162696838 -0.350242555141449 -0.9989420771598816 -0.011409754864871502 0.04454784840345383 -3.906773328781128
-0.011514953337609768 0.9999290704727173 -0.0030295809265226126 1.6310843229293823 -0.04450467601418495 -0.0035392383579164743 -0.9990028738975525 -0.35023993253707886 -0.9989427924156189 -0.011368684470653534 0.04454232007265091 -3.906770706176758
-0.01156667247414589 0.9999282360076904 -0.0031083959620445967 1.631027102470398 -0.04472287744283676 -0.0036227782256901264 -0.9989928007125854 -0.35028377175331116 -0.998932421207428 -0.011416051536798477 0.044761620461940765 -3.9068446159362793
-0.011602467857301235 0.999927818775177 -0.0030985381454229355 1.6310280561447144 -0.04469040408730507 -0.0036141597665846348 -0.9989942908287048 -0.3502863049507141 -0.9989334344863892 -0.011452368460595608 0.04472915828227997 -3.906845808029175
-0.011648349463939667 0.9999275207519531 -0.003020821837708354 1.6310278177261353 -0.0444854274392128 -0.003536208299919963 -0.9990037083625793 -0.35027191042900085 -0.9989420771598816 -0.011502406559884548 0.044523440301418304 -3.9068474769592285
-0.01173649076372385 0.9999264478683472 -0.0030455400701612234 1.6310405731201172 -0.04465349391102791 -0.0035667784977704287 -0.9989961385726929 -0.3502696752548218 -0.9989335536956787 -0.01158875972032547 0.04469211772084236 -3.906916618347168
-0.011711393482983112 0.9999263882637024 -0.003151226555928588 1.6310603618621826 -0.04471206292510033 -0.0036719224881380796 -0.9989930987358093 -0.3502628207206726 -0.9989312291145325 -0.011558747850358486 0.04475182294845581 -3.9069290161132812
-0.011708266101777554 0.9999264478683472 -0.00315636838786304 1.6310627460479736 -0.044714637100696564 -0.0036769493017345667 -0.9989929795265198 -0.35025861859321594 -0.9989311695098877 -0.011555383913218975 0.04475444555282593 -3.906933307647705
-0.011776689440011978 0.9999257326126099 -0.0031145100947469473 1.631066918373108 -0.04451702907681465 -0.003635892877355218 -0.9990019798278809 -0.3502291738986969 -0.9989391565322876 -0.011626332066953182 0.04455658793449402 -3.906883716583252
-0.011807088740170002 0.9999253749847412 -0.0031239197123795748 1.6310700178146362 -0.04449222609400749 -0.003646358847618103 -0.9990030527114868 -0.3502229154109955 -0.9989399313926697 -0.01165637094527483 0.04453200474381447 -3.906883955001831
-0.011719586327672005 0.9999262094497681 -0.0031767075415700674 1.6310383081436157 -0.044500596821308136 -0.003695297986268997 -0.9990024566650391 -0.3502536416053772 -0.9989405870437622 -0.011566574685275555 0.04454066604375839 -3.9068148136138916
-0.011746356263756752 0.9999259114265442 -0.0031704320572316647 1.6310416460037231 -0.04452173039317131 -0.0036904660519212484 -0.9990015625953674 -0.3502374291419983 -0.9989393353462219 -0.01159351971000433 0.044561829417943954 -3.9068052768707275
-0.011670902371406555 0.9999276399612427 -0.0029061567038297653 1.6311061382293701 -0.0443432554602623 -0.0034210123121738434 -0.999010443687439 -0.3504315912723541 -0.9989481568336487 -0.011530529707670212 0.04438002035021782 -3.906972646713257
-0.011812894605100155 0.9999258518218994 -0.002945095533505082 1.6310042142868042 -0.04432458430528641 -0.003465999849140644 -0.9990110993385315 -0.35022351145744324 -0.9989473223686218 -0.011670717038214207 0.04436228796839714 -3.9068210124969482
-0.01182600762695074 0.9999253749847412 -0.003040021751075983 1.6310365200042725 -0.04442979395389557 -0.00356265134178102 -0.9990060925483704 -0.35022997856140137 -0.998942494392395 -0.011679231189191341 0.044468656182289124 -3.9067940711975098
-0.01182316243648529 0.9999254941940308 -0.003016472328454256 1.631037712097168 -0.04445599392056465 -0.00353930308483541 -0.9990050196647644 -0.35022541880607605 -0.9989413619041443 -0.011677343398332596 0.04449457675218582 -3.906785726547241
-0.011827538721263409 0.9999251365661621 -0.0031259136740118265 1.6310211420059204 -0.04447459429502487 -0.003649055724963546 -0.9990038275718689 -0.35021060705184937 -0.9989404678344727 -0.011676776222884655 0.04451446980237961 -3.9067542552948
-0.011818088591098785 0.9999252557754517 -0.0031241781543940306 1.6310220956802368 -0.04444200545549393 -0.0036465206649154425 -0.9990052580833435 -0.3502074182033539 -0.9989420175552368 -0.011667531915009022 0.044481825083494186 -3.906749963760376
-0.011506200768053532 0.9999294877052307 -0.0029202888254076242 1.6311004161834717 -0.0446382537484169 -0.003431177232414484 -0.9989972710609436 -0.350473552942276 -0.9989368915557861 -0.011364351026713848 0.04467463493347168 -3.9069957733154297
-0.01159594114869833 0.9999285340309143 -0.002884156769141555 1.6309915781021118 -0.04460170865058899 -0.0033986694179475307 -0.9989989995956421 -0.3502434492111206 -0.9989374876022339 -0.011455739848315716 0.04463798180222511 -3.9067773818969727
-0.011553659103810787 0.999928891658783 -0.0029444184619933367 1.6310040950775146 -0.04465259984135628 -0.003457568818703294 -0.9989965558052063 -0.3502185344696045 -0.9989356994628906 -0.011410634033381939 0.04468941688537598 -3.9067540168762207
-0.01146763376891613 0.9999299049377441 -0.002922991756349802 1.631003975868225 -0.04451283439993858 -0.0034307322930544615 -0.9990028738975525 -0.3501286506652832 -0.9989429712295532 -0.011326133273541927 0.04454910382628441 -3.9067599773406982
-0.011559881269931793 0.9999284148216248 -0.0030745789408683777 1.6309857368469238 -0.04464629292488098 -0.003587813815101981 -0.998996376991272 -0.3502081036567688 -0.9989359378814697 -0.01141105592250824 0.04468461871147156 -3.906768560409546
-0.011520075611770153 0.9999288320541382 -0.00308040133677423 1.6309856176376343 -0.04465745389461517 -0.003591979155316949 -0.998995840549469 -0.3502006530761719 -0.998935878276825 -0.011370989494025707 0.04469570145010948 -3.9067728519439697
-0.011677234433591366 0.9999271631240845 -0.003042237600311637 1.631007194519043 -0.044546738266944885 -0.003559598233550787 -0.9990009069442749 -0.3502652049064636 -0.998939037322998 -0.011530091054737568 0.044585105031728745 -3.9068048000335693
-0.011587051674723625 0.9999278783798218 -0.003152495250105858 1.631027340888977 -0.0445735938847065 -0.003666039789095521 -0.9989993572235107 -0.35027068853378296 -0.9989388585090637 -0.01143498346209526 0.04461290314793587 -3.9068117141723633
-0.011280940845608711 0.9999316334724426 -0.0030717123299837112 1.631075382232666 -0.04471873864531517 -0.0035732914693653584 -0.9989931583404541 -0.3505157232284546 -0.998935878276825 -0.011132263578474522 0.04475603625178337 -3.9069905281066895
-0.011294587515294552 0.999931275844574 -0.0031375528778880835 1.6311320066452026 -0.044746026396751404 -0.0036399855744093657 -0.9989917278289795 -0.35050103068351746 -0.9989345073699951 -0.01114285085350275 0.04478410631418228 -3.9069900512695312
-0.011601492762565613 0.9999280571937561 -0.003028744598850608 1.6310606002807617 -0.04434048756957054 -0.003540375269949436 -0.9990101456642151 -0.35037556290626526 -0.9989490509033203 -0.011455757543444633 0.04437841847538948 -3.9067704677581787
-0.011532062664628029 0.9999290108680725 -0.002990631153807044 1.6310213804244995 -0.044397659599781036 -0.0034998669289052486 -0.9990077614784241 -0.35034599900245667 -0.9989473223686218 -0.01138788741081953 0.044434916228055954 -3.906782865524292
-0.011511079967021942 0.9999293684959412 -0.0029528506565839052 1.6310070753097534 -0.04430275410413742 -0.003460108768194914 -0.9990121126174927 -0.35029488801956177 -0.99895179271698 -0.011368933133780956 0.04433950036764145 -3.906710147857666
-0.011703591793775558 0.9999266266822815 -0.0031150425784289837 1.6310378313064575 -0.04448200762271881 -0.0036327624693512917 -0.999003529548645 -0.35024377703666687 -0.9989416003227234 -0.011553410440683365 0.044521305710077286 -3.906674385070801
-0.011629144661128521 0.9999278783798218 -0.002980040619149804 1.631140947341919 -0.044396836310625076 -0.0034935912117362022 -0.9990078210830688 -0.3504018783569336 -0.9989462494850159 -0.011485346592962742 0.044434309005737305 -3.9068548679351807
-0.011624856851994991 0.9999281167984009 -0.002925705863162875 1.6310880184173584 -0.04443686082959175 -0.0034395758993923664 -0.9990062117576599 -0.35030597448349 -0.9989445209503174 -0.011483339592814445 0.04447369650006294 -3.9067533016204834
-0.011696736328303814 0.999927282333374 -0.002920363564044237 1.6310770511627197 -0.044312525540590286 -0.00343599752523005 -0.999011754989624 -0.35023361444473267 -0.9989491701126099 -0.011555813252925873 0.044349540024995804 -3.906691789627075
-0.011712855659425259 0.9999271631240845 -0.0029017131309956312 1.6311067342758179 -0.044277042150497437 -0.003417667932808399 -0.9990134239196777 -0.35018283128738403 -0.9989506006240845 -0.011572864837944508 0.04431389272212982 -3.9066946506500244
-0.011805498041212559 0.9999258518218994 -0.0029720666352659464 1.6310735940933228 -0.04431944712996483 -0.00349255814217031 -0.9990112781524658 -0.3501558005809784 -0.9989476203918457 -0.011662148870527744 0.04435743764042854 -3.9066805839538574
-0.01178338099271059 0.9999260902404785 -0.0029888185672461987 1.6310811042785645 -0.0443413183093071 -0.0035085685085505247 -0.9990102052688599 -0.3501434028148651 -0.9989469051361084 -0.011639234609901905 0.044379428029060364 -3.906670093536377
-0.011815031990408897 0.9999257326126099 -0.0029651825316250324 1.6310703754425049 -0.04440740495920181 -0.003487131092697382 -0.9990074038505554 -0.3501816689968109 -0.998943567276001 -0.011671672575175762 0.044445354491472244 -3.9066832065582275
-0.011838141828775406 0.999925434589386 -0.0029913922771811485 1.6310445070266724 -0.044486600905656815 -0.0035152710042893887 -0.9990037679672241 -0.35025182366371155 -0.9989398121833801 -0.011693315580487251 0.044524941593408585 -3.9066898822784424
-0.011833617463707924 0.9999254941940308 -0.0029862653464078903 1.63105046749115 -0.04448382183909416 -0.003509914968162775 -0.9990038871765137 -0.35025420784950256 -0.9989399909973145 -0.011689034290611744 0.04452208802103996 -3.906684637069702
-0.01170276291668415 0.9999270439147949 -0.002979233395308256 1.6310197114944458 -0.04449445754289627 -0.0034971858840435743 -0.9990034699440002 -0.3502703607082367 -0.9989410638809204 -0.011558585800230503 0.044532183557748795 -3.906707286834717
-0.011907906271517277 0.9999244809150696 -0.0030228374525904655 1.6310322284698486 -0.044539663940668106 -0.003550418885424733 -0.9990012645721436 -0.35030439496040344 -0.9989365935325623 -0.011761422269046307 0.04457862675189972 -3.9067678451538086
-0.011915759183466434 0.9999244213104248 -0.003020073287189007 1.631034255027771 -0.044530756771564484 -0.0035479022189974785 -0.999001681804657 -0.3503091335296631 -0.9989368915557861 -0.011769421398639679 0.0445697121322155 -3.9067704677581787
-0.011690941639244556 0.9999268651008606 -0.003080344293266535 1.631080150604248 -0.044459566473960876 -0.003597273724153638 -0.9990046620368958 -0.35053637623786926 -0.9989427328109741 -0.011542399413883686 0.044498417526483536 -3.9069557189941406
-0.011674935929477215 0.9999271035194397 -0.0030633187852799892 1.6310865879058838 -0.044468946754932404 -0.0035796596202999353 -0.9990043044090271 -0.3505507707595825 -0.998942494392395 -0.01152713317424059 0.04450754448771477 -3.9069700241088867
-0.011782958172261715 0.9999259114265442 -0.003038734430447221 1.6310025453567505 -0.04424399137496948 -0.0035572859924286604 -0.9990143775939941 -0.3503165543079376 -0.9989511966705322 -0.011636943556368351 0.04428267478942871 -3.906766176223755
-0.011782029643654823 0.9999259114265442 -0.0030362207908183336 1.631003499031067 -0.044246040284633636 -0.0035547574516385794 -0.9990143179893494 -0.3503187894821167 -0.9989511370658875 -0.011636120267212391 0.04428469389677048 -3.906766414642334
-0.011787321418523788 0.9999258518218994 -0.0030345183331519365 1.6310045719146729 -0.04424142837524414 -0.0035532370675355196 -0.9990144968032837 -0.35031774640083313 -0.998951256275177 -0.01164149772375822 0.04428007826209068 -3.9067673683166504
-0.01180080696940422 0.9999257922172546 -0.003017374547198415 1.6310062408447266 -0.044219743460416794 -0.0035364532377570868 -0.9990155100822449 -0.3503187894821167 -0.9989520907402039 -0.011655806563794613 0.0442582406103611 -3.9067697525024414
-0.011599932797253132 0.9999284148216248 -0.0029158268589526415 1.6310012340545654 -0.04426887631416321 -0.003426670329645276 -0.9990137219429016 -0.3503923714160919 -0.9989522695541382 -0.011459455825388432 0.044305503368377686 -3.9067249298095703
-0.011600673198699951 0.9999284148216248 -0.002916616853326559 1.6310009956359863 -0.04425972327589989 -0.00342738744802773 -0.999014139175415 -0.35039791464805603 -0.9989526867866516 -0.011460192501544952 0.04429636150598526 -3.9067223072052
-0.011586053296923637 0.9999285340309143 -0.0029263615142554045 1.630997657775879 -0.044287748634815216 -0.00343679659999907 -0.9990128874778748 -0.3504049479961395 -0.9989516139030457 -0.01144505850970745 0.04432445019483566 -3.90671706199646
-0.011659574694931507 0.9999274611473083 -0.0030082848388701677 1.6309677362442017 -0.04412911459803581 -0.0035200754646211863 -0.9990195631980896 -0.35026857256889343 -0.9989577531814575 -0.011515434831380844 0.04416700452566147 -3.90670108795166
-0.011797787621617317 0.9999257922172546 -0.003014199435710907 1.6309912204742432 -0.04404381290078163 -0.0035310951061546803 -0.9990233182907104 -0.3502255380153656 -0.9989598989486694 -0.011653552763164043 0.04408225417137146 -3.906690835952759
-0.011964986100792885 0.9999237060546875 -0.003063132055103779 1.6310433149337769 -0.04390539228916168 -0.0035857174079865217 -0.9990292191505432 -0.3501802086830139 -0.9989640116691589 -0.011818927712738514 0.04394499212503433 -3.906655788421631
-0.011941186152398586 0.9999239444732666 -0.0030787878204137087 1.6310467720031738 -0.04390154033899307 -0.003600267693400383 -0.9990293383598328 -0.350178986787796 -0.9989644289016724 -0.011794475838541985 0.04394123703241348 -3.906647205352783
-0.011931496672332287 0.9999241232872009 -0.003057811874896288 1.6310522556304932 -0.043873514980077744 -0.0035785541404038668 -0.9990306496620178 -0.35017654299736023 -0.9989657998085022 -0.011785818263888359 0.04391292855143547 -3.9066402912139893
-0.011752940714359283 0.9999268054962158 -0.002852195408195257 1.6311490535736084 -0.04413096234202385 -0.003368273377418518 -0.9990200400352478 -0.3504968583583832 -0.998956561088562 -0.011615597642958164 0.04416736960411072 -3.9068071842193604
-0.011754168197512627 0.9999268054962158 -0.0028434949927031994 1.6311590671539307 -0.04412857070565224 -0.0033596071880310774 -0.9990201592445374 -0.3505094051361084 -0.9989566802978516 -0.011617216281592846 0.04416487738490105 -3.9068093299865723
-0.012020638212561607 0.9999238848686218 -0.0027735515031963587 1.631068468093872 -0.044040314853191376 -0.0033004472497850657 -0.9990242719650269 -0.35035109519958496 -0.9989573955535889 -0.011886805295944214 0.04407668113708496 -3.9066531658172607
-0.01197642832994461 0.9999243021011353 -0.002801364753395319 1.6310752630233765 -0.044071488082408905 -0.003326656064018607 -0.9990227818489075 -0.35035282373428345 -0.998956561088562 -0.011841309256851673 0.04410804063081741 -3.906641721725464
-0.011950990185141563 0.99992436170578 -0.00288295722566545 1.631001353263855 -0.04410046339035034 -0.003407395211979747 -0.9990212321281433 -0.35023418068885803 -0.9989555478096008 -0.011812197975814342 0.04413789510726929 -3.9066007137298584
-0.01195790059864521 0.9999243021011353 -0.0028838585130870342 1.6310032606124878 -0.044097673147916794 -0.0034085679799318314 -0.9990213513374329 -0.3502344787120819 -0.9989556074142456 -0.011819071136415005 0.044135142117738724 -3.906595230102539
-0.011704010888934135 0.9999277591705322 -0.0027100027073174715 1.6309759616851807 -0.0441981740295887 -0.0032248268835246563 -0.9990175366401672 -0.35045096278190613 -0.998954176902771 -0.011572779156267643 0.044232774525880814 -3.9068186283111572
-0.011715893633663654 0.9999276399612427 -0.002717513358220458 1.6309764385223389 -0.04419928789138794 -0.0032328693196177483 -0.9990174770355225 -0.3504694402217865 -0.9989539980888367 -0.01158431451767683 0.0442340113222599 -3.9068257808685303
-0.01173896063119173 0.9999269247055054 -0.002869443967938423 1.6309623718261719 -0.04392511025071144 -0.0033824981655925512 -0.9990290403366089 -0.3502954840660095 -0.9989657998085022 -0.011601566337049007 0.04396165534853935 -3.9065911769866943
-0.011771516874432564 0.9999263882637024 -0.0029204057063907385 1.6309880018234253 -0.04405815526843071 -0.0034363947343081236 -0.9990230202674866 -0.35026174783706665 -0.9989595413208008 -0.011631392873823643 0.04409541189670563 -3.906642198562622
-0.011773133650422096 0.9999262690544128 -0.0029637424740940332 1.6309998035430908 -0.04427790269255638 -0.003482322208583355 -0.9990131258964539 -0.350272536277771 -0.9989498257637024 -0.011630332097411156 0.04431568458676338 -3.906691789627075
-0.011757398955523968 0.9999262094497681 -0.003035234985873103 1.6309919357299805 -0.04434630647301674 -0.0035538473166525364 -0.9990098476409912 -0.35023894906044006 -0.9989469647407532 -0.011611200869083405 0.04438486695289612 -3.9067161083221436
-0.011683305725455284 0.999927818775177 -0.0027770749293267727 1.6310473680496216 -0.044167064130306244 -0.0032905624248087406 -0.999018669128418 -0.3503633439540863 -0.9989557862281799 -0.01154923066496849 0.04420236870646477 -3.9068517684936523
-0.011685829609632492 0.9999276995658875 -0.002812083112075925 1.6310479640960693 -0.0442228838801384 -0.0033262958750128746 -0.9990161061286926 -0.3504278063774109 -0.9989532828330994 -0.01155001763254404 0.04425860568881035 -3.906872034072876
-0.011772753670811653 0.9999266266822815 -0.0028396693523973227 1.6310316324234009 -0.04400217905640602 -0.0033551338128745556 -0.9990257620811462 -0.3502730429172516 -0.9989620447158813 -0.011636377312242985 0.044038496911525726 -3.9067304134368896
-0.011749140918254852 0.9999271035194397 -0.0027584750205278397 1.6309887170791626 -0.04401485249400139 -0.0032731201499700546 -0.9990254640579224 -0.35035109519958496 -0.9989617466926575 -0.01161632128059864 0.044050149619579315 -3.9067211151123047
-0.011773617006838322 0.999926745891571 -0.0027918934356421232 1.630906581878662 -0.044068172574043274 -0.0033082079607993364 -0.9990230202674866 -0.3502765893936157 -0.9989591240882874 -0.0116391247138381 0.04410393908619881 -3.906667947769165
-0.011480673216283321 0.9999305009841919 -0.0026677085552364588 1.6309465169906616 -0.04438711330294609 -0.003174838377162814 -0.9990093111991882 -0.35054531693458557 -0.9989483952522278 -0.011350931599736214 0.044420525431632996 -3.906820297241211
-0.011529817245900631 0.9999297261238098 -0.002743589924648404 1.630960464477539 -0.04436362534761429 -0.00325256516225636 -0.9990100860595703 -0.35036352276802063 -0.998948872089386 -0.011396733112633228 0.04439805448055267 -3.9067060947418213
-0.011563007719814777 0.9999293088912964 -0.0027584698982536793 1.6310052871704102 -0.044439639896154404 -0.003269774839282036 -0.9990066885948181 -0.3503132462501526 -0.9989451169967651 -0.011428981088101864 0.04447435215115547 -3.906696081161499
-0.011658205650746822 0.9999276995658875 -0.002921787090599537 1.6310327053070068 -0.044450826942920685 -0.0034373051021248102 -0.9990056157112122 -0.3502686023712158 -0.9989435076713562 -0.011516781523823738 0.04448773339390755 -3.906559705734253
-0.011638408526778221 0.9999279379844666 -0.0029274006374180317 1.6310358047485352 -0.04446249455213547 -0.0034421668387949467 -0.9990050792694092 -0.3502678871154785 -0.9989432096481323 -0.011496714316308498 0.04449940100312233 -3.90655255317688
-0.011628784239292145 0.9999281167984009 -0.0029000777285546064 1.6309659481048584 -0.04458152875304222 -0.0034158097114413977 -0.9989998936653137 -0.35020866990089417 -0.9989380240440369 -0.011487907730042934 0.044618092477321625 -3.9065423011779785
-0.011677766218781471 0.9999273419380188 -0.002982859266921878 1.6309092044830322 -0.044660139828920364 -0.0035016078036278486 -0.9989960789680481 -0.3502112627029419 -0.9989339113235474 -0.01153287198394537 0.0446978323161602 -3.906554698944092
-0.0116884745657444 0.9999272227287292 -0.0029668777715414762 1.6309064626693726 -0.044676732271909714 -0.003486311761662364 -0.9989953637123108 -0.3502085506916046 -0.9989330768585205 -0.011544225737452507 0.04471427947282791 -3.9065518379211426
-0.011406993493437767 0.9999309778213501 -0.00279349647462368 1.6310632228851318 -0.044804830104112625 -0.0033019501715898514 -0.9989902377128601 -0.35054701566696167 -0.9989305734634399 -0.011270357295870781 0.04483944922685623 -3.9069132804870605
-0.011318881995975971 0.9999319911003113 -0.0027982613537460566 1.630960464477539 -0.04492562264204025 -0.0033041113056242466 -0.9989848136901855 -0.3504274785518646 -0.9989261627197266 -0.011181721463799477 0.04496001452207565 -3.906749963760376
-0.01131999772042036 0.9999319911003113 -0.0027992879040539265 1.6309590339660645 -0.04491782933473587 -0.0033050996717065573 -0.9989851713180542 -0.350431889295578 -0.9989265203475952 -0.011182816699147224 0.044952236115932465 -3.906756639480591
-0.011381669901311398 0.9999310970306396 -0.002848702250048518 1.6309809684753418 -0.04495175555348396 -0.003357621841132641 -0.9989834427833557 -0.35032716393470764 -0.9989242553710938 -0.011242090724408627 0.044986918568611145 -3.90666127204895
-0.011527854017913342 0.9999295473098755 -0.0028061210177838802 1.630906343460083 -0.04485636204481125 -0.0033205703366547823 -0.9989879131317139 -0.3502996861934662 -0.9989268779754639 -0.01139035914093256 0.04489152878522873 -3.906571626663208
-0.011699345894157887 0.9999274015426636 -0.0028680777177214622 1.6308656930923462 -0.04459245502948761 -0.00338711473159492 -0.9989994764328003 -0.3502166271209717 -0.9989367127418518 -0.011559790000319481 0.044628892093896866 -3.9065732955932617
-0.011675975285470486 0.9999276995658875 -0.002865621354430914 1.6308605670928955 -0.04457840695977211 -0.0033834550995379686 -0.9990001320838928 -0.3502006232738495 -0.9989376068115234 -0.011536600068211555 0.04461473599076271 -3.906569719314575
-0.011488278396427631 0.9999300837516785 -0.002782695461064577 1.6310144662857056 -0.04479265585541725 -0.0032946662977337837 -0.9989908337593079 -0.3505028784275055 -0.9989302158355713 -0.011352085508406162 0.0448274202644825 -3.9067299365997314
-0.011514134705066681 0.9999294877052307 -0.002893452998250723 1.6310356855392456 -0.044818632304668427 -0.0034067744854837656 -0.9989892840385437 -0.35027262568473816 -0.9989287257194519 -0.01137286052107811 0.044854745268821716 -3.906543254852295
-0.011579561978578568 0.9999285936355591 -0.002938148332759738 1.6310179233551025 -0.044831205159425735 -0.0034545068629086018 -0.9989885687828064 -0.35018232464790344 -0.9989274144172668 -0.01143617369234562 0.04486805200576782 -3.906493663787842
-0.01156320795416832 0.9999287128448486 -0.0029672207310795784 1.6310017108917236 -0.04480468109250069 -0.0034825149923563004 -0.9989896416664124 -0.35018959641456604 -0.9989287853240967 -0.011418623849749565 0.04484180361032486 -3.9064886569976807
-0.011587891727685928 0.9999281167984009 -0.0030600286554545164 1.6309813261032104 -0.044813670217990875 -0.0035764456260949373 -0.998988926410675 -0.3501608073711395 -0.9989281296730042 -0.011439088732004166 0.044851940125226974 -3.906528949737549
-0.01168057695031166 0.9999268651008606 -0.003127003088593483 1.6309841871261597 -0.044887665659189224 -0.0036483691073954105 -0.9989853501319885 -0.3501643240451813 -0.9989237189292908 -0.011528405360877514 0.044927045702934265 -3.9064905643463135
-0.011523096822202206 0.9999290704727173 -0.0029948544688522816 1.631062626838684 -0.0450652539730072 -0.0035112914629280567 -0.9989778399467468 -0.3505341410636902 -0.9989175200462341 -0.011376398615539074 0.0451025664806366 -3.906745433807373
-0.011454960331320763 0.9999300241470337 -0.0029327443335205317 1.6309711933135986 -0.045025959610939026 -0.0034457221627235413 -0.9989798069000244 -0.3503302037715912 -0.9989200830459595 -0.011311269365251064 0.04506232962012291 -3.906589984893799
-0.011418402194976807 0.999930202960968 -0.003015572903677821 1.630924940109253 -0.044992756098508835 -0.003526449901983142 -0.9989810585975647 -0.35026878118515015 -0.9989219903945923 -0.011271133087575436 0.045029930770397186 -3.9065651893615723
-0.011428030207753181 0.9999300837516785 -0.0030239694751799107 1.6309188604354858 -0.045011356472969055 -0.003535481868311763 -0.9989801645278931 -0.35026514530181885 -0.9989210367202759 -0.011280307546257973 0.04504866153001785 -3.906564235687256
-0.01135789044201374 0.999930739402771 -0.0030640040058642626 1.6309045553207397 -0.0448189452290535 -0.003570159198716283 -0.998988687992096 -0.35024958848953247 -0.9989305138587952 -0.011209123767912388 0.04485643655061722 -3.9065136909484863
-0.011347180232405663 0.9999306797981262 -0.00313360383734107 1.630921721458435 -0.04489415884017944 -0.003640055889263749 -0.9989850521087646 -0.35022199153900146 -0.9989272356033325 -0.011195027269423008 0.044932398945093155 -3.906531810760498
-0.011410488747060299 0.999930739402771 -0.002878360915929079 1.6309597492218018 -0.04477262124419212 -0.0033865279983729124 -0.9989914298057556 -0.3503916561603546 -0.9989320039749146 -0.011270152404904366 0.04480820894241333 -3.9066102504730225
-0.011378134600818157 0.9999309182167053 -0.0029366901144385338 1.6309349536895752 -0.0447128601372242 -0.003442680463194847 -0.9989939332008362 -0.350403368473053 -0.9989350438117981 -0.011235424317419529 0.04474899172782898 -3.906625270843506
-0.011268110945820808 0.9999327063560486 -0.002752239117398858 1.6309837102890015 -0.04450330510735512 -0.003251142567023635 -0.9990038871765137 -0.35040464997291565 -0.9989456534385681 -0.011134447529911995 0.04453698918223381 -3.9066812992095947
-0.011257627978920937 0.9999328255653381 -0.0027414364740252495 1.6309870481491089 -0.04450111463665962 -0.0032398586627095938 -0.999004065990448 -0.3504066467285156 -0.9989458322525024 -0.011124463751912117 0.04453464597463608 -3.9066874980926514
-0.011240561492741108 0.9999330043792725 -0.0027496875263750553 1.630987286567688 -0.04449918121099472 -0.0032473206520080566 -0.9990041255950928 -0.3504083454608917 -0.9989461302757263 -0.01110705267637968 0.04453274607658386 -3.906694173812866
-0.011290003545582294 0.9999323487281799 -0.002791482489556074 1.630964756011963 -0.044504936784505844 -0.003291343105956912 -0.9990037083625793 -0.35026413202285767 -0.9989452958106995 -0.011154565028846264 0.044539131224155426 -3.9065568447113037
-0.011302324011921883 0.9999321699142456 -0.0027989104855805635 1.6309384107589722 -0.04454008862376213 -0.0032997059170156717 -0.9990020990371704 -0.35011789202690125 -0.9989436268806458 -0.011166426353156567 0.04457440972328186 -3.906541109085083
-0.011318923905491829 0.9999319314956665 -0.0028147397097200155 1.6309351921081543 -0.044547613710165024 -0.0033163444604724646 -0.9990017414093018 -0.35010409355163574 -0.9989430904388428 -0.011182279326021671 0.04458216577768326 -3.9065394401550293
-0.011383028700947762 0.9999311566352844 -0.002831683261319995 1.6308658123016357 -0.04456057399511337 -0.003336276626214385 -0.9990010857582092 -0.35015812516212463 -0.9989417791366577 -0.011245520785450935 0.04459552839398384 -3.906564235687256
-0.01143086887896061 0.9999305605888367 -0.0028507234528660774 1.6308702230453491 -0.04454083740711212 -0.0033572097308933735 -0.9990018606185913 -0.350210040807724 -0.9989421367645264 -0.011292530223727226 0.044576168060302734 -3.9065442085266113
-0.011415903456509113 0.9999305605888367 -0.0029044088441878557 1.630881667137146 -0.04453573003411293 -0.0034101204946637154 -0.9990019202232361 -0.3502160608768463 -0.998942494392395 -0.01127520389854908 0.044571615755558014 -3.9066286087036133
-0.011499598622322083 0.9999293684959412 -0.0029895438347011805 1.6308951377868652 -0.044554878026247025 -0.0034991251304745674 -0.9990007877349854 -0.35017213225364685 -0.9989407062530518 -0.011354953050613403 0.04459201917052269 -3.9065942764282227
-0.011489548720419407 0.9999294281005859 -0.003011488588526845 1.6308965682983398 -0.04454334080219269 -0.0035204701125621796 -0.9990012049674988 -0.35017067193984985 -0.9989413619041443 -0.01134397555142641 0.044580694288015366 -3.906597852706909
-0.011485478840768337 0.9999294281005859 -0.003022862831130624 1.6308977603912354 -0.04453607276082039 -0.0035315698478370905 -0.9990015029907227 -0.35016682744026184 -0.9989417195320129 -0.011339427903294563 0.04457353800535202 -3.9066014289855957
-0.01144231203943491 0.9999297857284546 -0.0030767314601689577 1.6309397220611572 -0.04453008621931076 -0.0035833963192999363 -0.9990015625953674 -0.3501976430416107 -0.998942494392395 -0.011293925344944 0.044568005949258804 -3.906576633453369
-0.01137977372854948 0.9999301433563232 -0.0031746160238981247 1.6309205293655396 -0.04447101801633835 -0.0036777385976165533 -0.9990038871765137 -0.35025754570961 -0.9989458322525024 -0.011227304115891457 0.04450980946421623 -3.906583786010742
-0.011152341961860657 0.9999328255653381 -0.0031413924880325794 1.6311371326446533 -0.044584840536117554 -0.0036356754135340452 -0.9989989399909973 -0.3504187762737274 -0.9989433288574219 -0.011001164093613625 0.04462243989109993 -3.9069814682006836
-0.011111734434962273 0.999933123588562 -0.0031970397103577852 1.631123423576355 -0.04450221359729767 -0.00368855195119977 -0.9990024566650391 -0.3506171703338623 -0.9989474415779114 -0.010958418250083923 0.044540271162986755 -3.9068517684936523
-0.010872513987123966 0.9999363422393799 -0.0030006205197423697 1.6311172246932983 -0.04454518482089043 -0.0034821215085685253 -0.9990012645721436 -0.35063889622688293 -0.9989481568336487 -0.010728036053478718 0.04458025470376015 -3.906759023666382
-0.010739493183791637 0.9999387860298157 -0.00264182360842824 1.6310153007507324 -0.044274963438510895 -0.003114859340712428 -0.9990144968032837 -0.3504960834980011 -0.9989616274833679 -0.010611986741423607 0.044305749237537384 -3.906688928604126
-0.010745540261268616 0.9999387264251709 -0.002645783592015505 1.6310135126113892 -0.04427240416407585 -0.0031190563458949327 -0.9990145564079285 -0.3505202829837799 -0.9989616870880127 -0.010617860592901707 0.044303253293037415 -3.906691789627075
-0.010840949602425098 0.9999383687973022 -0.0023730313405394554 1.6309597492218018 -0.04393136501312256 -0.0028471217956393957 -0.9990304708480835 -0.3504860997200012 -0.9989756941795349 -0.010726233012974262 0.043959569185972214 -3.906611442565918
-0.010775865986943245 0.9999389052391052 -0.0024503215681761503 1.6308996677398682 -0.04394201189279556 -0.002921593841165304 -0.9990297555923462 -0.3501433730125427 -0.998975932598114 -0.010657783597707748 0.043970853090286255 -3.906494140625
-0.010834467597305775 0.9999383091926575 -0.002440354088321328 1.6309146881103516 -0.04386178404092789 -0.002913351869210601 -0.9990333318710327 -0.3501095771789551 -0.9989787936210632 -0.010716999880969524 0.04389068856835365 -3.9064784049987793
-0.011083054356276989 0.9999351501464844 -0.002598867518827319 1.6309211254119873 -0.04392586275935173 -0.0030833373311907053 -0.9990299940109253 -0.3501408100128174 -0.9989732503890991 -0.010958190076053143 0.04395723342895508 -3.9064383506774902
-0.011097033508121967 0.9999350309371948 -0.0025936653837561607 1.6309621334075928 -0.04410441964864731 -0.003080715425312519 -0.9990221261978149 -0.3503742814064026 -0.9989652633666992 -0.01097183395177126 0.04413578659296036 -3.9065630435943604
-0.011097640730440617 0.999934732913971 -0.0026995486114174128 1.6309797763824463 -0.04422048106789589 -0.003187803318724036 -0.9990166425704956 -0.35036370158195496 -0.9989601373672485 -0.010967397131025791 0.044253021478652954 -3.9065146446228027
-0.0110965920612216 0.999934732913971 -0.0027011290658265352 1.6309802532196045 -0.04422270134091377 -0.003189360024407506 -0.9990165829658508 -0.3503667116165161 -0.998960018157959 -0.010966272093355656 0.04425525292754173 -3.9065146446228027
-0.011185959912836552 0.9999337792396545 -0.002694549039006233 1.6309398412704468 -0.04409029707312584 -0.0031852764077484608 -0.9990224242210388 -0.35029253363609314 -0.9989649057388306 -0.01105626579374075 0.044123053550720215 -3.906428813934326
-0.011228269897401333 0.9999328851699829 -0.0028484344948083162 1.6309462785720825 -0.04427836835384369 -0.0033429767936468124 -0.9990136027336121 -0.3501717448234558 -0.9989560842514038 -0.011091114953160286 0.0443129763007164 -3.906463623046875
-0.011260680854320526 0.9999324679374695 -0.002853050595149398 1.6309446096420288 -0.044254377484321594 -0.0033487577456980944 -0.9990146160125732 -0.35017356276512146 -0.9989567995071411 -0.011123369447886944 0.04428914561867714 -3.9064605236053467
-0.01123873982578516 0.9999327063560486 -0.0028602462261915207 1.6309432983398438 -0.0442606620490551 -0.00335504487156868 -0.9990143179893494 -0.35017040371894836 -0.9989567399024963 -0.01110110990703106 0.04429543763399124 -3.9064550399780273
-0.011285994201898575 0.9999322295188904 -0.00284951226785779 1.6308262348175049 -0.044065799564123154 -0.0033442394342273474 -0.9990229606628418 -0.350197970867157 -0.9989648461341858 -0.011149446479976177 0.044100601226091385 -3.906526565551758
-0.011231532320380211 0.9999322891235352 -0.003027880797162652 1.6309163570404053 -0.0439918078482151 -0.003519222140312195 -0.9990256428718567 -0.35026976466178894 -0.9989687204360962 -0.011087431572377682 0.04402840510010719 -3.9064767360687256
-0.011229127645492554 0.9999323487281799 -0.0030284777749329805 1.6309183835983276 -0.04398743808269501 -0.003519664518535137 -0.999025821685791 -0.3502737581729889 -0.9989689588546753 -0.011085018515586853 0.0440240316092968 -3.9064764976501465
-0.011261054314672947 0.9999317526817322 -0.0030940945725888014 1.6309200525283813 -0.044004496186971664 -0.003586817067116499 -0.9990248680114746 -0.3502844572067261 -0.9989678263664246 -0.011113963089883327 0.04404192790389061 -3.9064669609069824
