# 3x4 first row second row third row Freq: 250 current Time: 2020-10-01-15:51:34
0.30954673886299133 0.9508822560310364 0.0019134293543174863 -1.442609429359436 -0.00745561346411705 0.0044393050484359264 -0.999962329864502 -0.16425493359565735 -0.9508549571037292 0.30952078104019165 0.008463610894978046 -1.0179847478866577
0.30966395139694214 0.9508448839187622 0.0014887823490425944 -1.4426567554473877 -0.008045343682169914 0.004185869358479977 -0.9999588131904602 -0.16445116698741913 -0.9508119821548462 0.30963921546936035 0.008946115151047707 -1.0178200006484985
0.309846431016922 0.9507847428321838 0.0018680642824620008 -1.44269859790802 -0.007271276321262121 0.004334329627454281 -0.9999641180038452 -0.16480685770511627 -0.9507588148117065 0.3098216950893402 0.00825642328709364 -1.0177381038665771
0.30984655022621155 0.9507847428321838 0.0018662972142919898 -1.442691683769226 -0.007307855412364006 0.004344392102211714 -0.9999638199806213 -0.1648315191268921 -0.9507584571838379 0.3098216652870178 0.008294320665299892 -1.0177432298660278
0.30960503220558167 0.9508637189865112 0.001704206457361579 -1.4426300525665283 -0.00722888857126236 0.004146005026996136 -0.999965250492096 -0.1648828238248825 -0.9508377313613892 0.3095819056034088 0.008157339878380299 -1.0178142786026
0.30947256088256836 0.9509069323539734 0.0016445531509816647 -1.4426947832107544 -0.00754967425018549 0.004186474252492189 -0.9999626874923706 -0.1645512580871582 -0.950878381729126 0.30944857001304626 0.008474664762616158 -1.0179792642593384
0.3090655207633972 0.9510387182235718 0.001960808876901865 -1.442650318145752 -0.007139114663004875 0.004381769802421331 -0.9999648928642273 -0.16459448635578156 -0.9510139226913452 0.3090406358242035 0.008143856190145016 -1.0181303024291992
0.3090720474720001 0.9510365128517151 0.0019791473168879747 -1.442644476890564 -0.007098115514963865 0.004387787077575922 -0.9999651312828064 -0.16460107266902924 -0.951012134552002 0.3090471923351288 0.008106737397611141 -1.018152117729187
0.30905625224113464 0.9510417580604553 0.001950740464963019 -1.4426394701004028 -0.007111508399248123 0.004362129140645266 -0.9999651312828064 -0.16460438072681427 -0.9510171413421631 0.30903157591819763 0.008111512288451195 -1.018174171447754
0.30933067202568054 0.9509531259536743 0.0016355682164430618 -1.4427502155303955 -0.007304476108402014 0.004095940850675106 -0.9999648928642273 -0.16469250619411469 -0.9509264826774597 0.30930784344673157 0.008213242515921593 -1.017751932144165
0.30948564410209656 0.9509024620056152 0.00175757659599185 -1.4427851438522339 -0.00730710756033659 0.00422650808468461 -0.9999643564224243 -0.1645483523607254 -0.950875997543335 0.30946171283721924 0.008256418630480766 -1.0177366733551025
0.309303879737854 0.9509616494178772 0.00172816077247262 -1.442760705947876 -0.007779654115438461 0.004347607027739286 -0.9999602437019348 -0.1643209457397461 -0.9509313702583313 0.30927813053131104 0.00874291267246008 -1.0178899765014648
0.3093187212944031 0.9509568214416504 0.0017259601736441255 -1.4427597522735596 -0.0077958176843822 0.004350693430751562 -0.9999601244926453 -0.16430501639842987 -0.9509264230728149 0.30929291248321533 0.008759264834225178 -1.017896056175232
0.30933552980422974 0.9509513974189758 0.0017077465308830142 -1.4427591562271118 -0.007777495309710503 0.004325744695961475 -0.9999603629112244 -0.16428570449352264 -0.9509211182594299 0.3093099594116211 0.008734154514968395 -1.0179035663604736
0.30967745184898376 0.9508405923843384 0.001406815368682146 -1.4427871704101562 -0.007887543179094791 0.0040484098717570305 -0.9999606609344482 -0.16460393369197845 -0.9508089423179626 0.3096541464328766 0.008753525093197823 -1.0176372528076172
0.30967846512794495 0.9508402943611145 0.0014075717190280557 -1.4427884817123413 -0.007894648239016533 0.004051528871059418 -0.9999606013298035 -0.16460496187210083 -0.9508085250854492 0.3096551299095154 0.008761248551309109 -1.017629861831665
0.3104085624217987 0.9506024122238159 0.0012487350031733513 -1.44267737865448 -0.006945266854017973 0.0035815241280943155 -0.9999694228172302 -0.16505317389965057 -0.9505778551101685 0.3103903830051422 0.0077139511704444885 -1.0174124240875244
0.3098748028278351 0.9507765769958496 0.0012028671335428953 -1.4427047967910767 -0.007888331077992916 0.003836078802123666 -0.9999614953994751 -0.16442766785621643 -0.95074462890625 0.30985334515571594 0.008688773028552532 -1.0177927017211914
0.30987003445625305 0.9507781863212585 0.0011866826098412275 -1.4427001476287842 -0.007888752035796642 0.003819148289039731 -0.9999615550041199 -0.1644097864627838 -0.9507461786270142 0.30984872579574585 0.008683920837938786 -1.0178028345108032
0.30998170375823975 0.9507413506507874 0.0014898722292855382 -1.4426136016845703 -0.007052847184240818 0.003866578219458461 -0.999967634677887 -0.1647641509771347 -0.9507163166999817 0.30996114015579224 0.007904029451310635 -1.017696738243103
0.3101039528846741 0.9507015943527222 0.00140336190816015 -1.4426383972167969 -0.007019120268523693 0.003765653120353818 -0.9999682307243347 -0.16473014652729034 -0.9506767392158508 0.3100842237472534 0.00784086063504219 -1.0175060033798218
0.30948683619499207 0.9509016275405884 0.001990897348150611 -1.4424183368682861 -0.006475081201642752 0.004201095551252365 -0.9999701976776123 -0.16453129053115845 -0.9508816599845886 0.309464693069458 0.007457376923412085 -1.0179340839385986
0.30947449803352356 0.9509056210517883 0.001990688033401966 -1.4423987865447998 -0.006449301261454821 0.004192383959889412 -0.9999703764915466 -0.16451521217823029 -0.9508858323097229 0.30945247411727905 0.007430140860378742 -1.0179625749588013
0.3094843029975891 0.9509025812149048 0.0019250973127782345 -1.442385196685791 -0.0065388865768909454 0.004152644891291857 -0.9999699592590332 -0.16450057923793793 -0.9508820176124573 0.30946239829063416 0.00750305037945509 -1.0179848670959473
0.30971285700798035 0.9508267045021057 0.0025424284394830465 -1.4423972368240356 -0.0056556095369160175 0.00451608607545495 -0.9999737739562988 -0.16422486305236816 -0.9508132934570312 0.30969032645225525 0.0067762224934995174 -1.018249750137329
0.3094542622566223 0.950908899307251 0.0031994881574064493 -1.44251549243927 -0.0051688845269382 0.005046725273132324 -0.9999738931655884 -0.16426634788513184 -0.9509002566337585 0.3094296157360077 0.006476896815001965 -1.0180894136428833
0.30942949652671814 0.9509169459342957 0.0032064199913293123 -1.4425206184387207 -0.0051762075163424015 0.005056220106780529 -0.9999737739562988 -0.1642475426197052 -0.9509082436561584 0.30940476059913635 0.006486715283244848 -1.0181019306182861
0.30972999334335327 0.9508195519447327 0.003066964680328965 -1.4425349235534668 -0.005069667007774115 0.004877008032053709 -0.9999752044677734 -0.16438913345336914 -0.9508110284805298 0.3097067177295685 0.006330922245979309 -1.0177806615829468
0.3097338080406189 0.9508183598518372 0.0030686885584145784 -1.4425374269485474 -0.005064073950052261 0.004877025727182627 -0.9999752640724182 -0.16438119113445282 -0.9508097767829895 0.3097105622291565 0.006325622089207172 -1.017775058746338
0.3097435235977173 0.9508152008056641 0.0030519701540470123 -1.4425392150878906 -0.005076834000647068 0.004863667767494917 -0.9999752640724182 -0.16438071429729462 -0.9508065581321716 0.30972033739089966 0.006333648692816496 -1.0177652835845947
0.30968186259269714 0.9508364796638489 0.002661464735865593 -1.4426668882369995 -0.005681733135133982 0.0046495492570102215 -0.9999729990959167 -0.1647544801235199 -0.9508232474327087 0.30965834856033325 0.006842308212071657 -1.017331600189209
0.30950286984443665 0.9508943557739258 0.0027979877777397633 -1.4424141645431519 -0.005365955177694559 0.004688989371061325 -0.9999745488166809 -0.16505804657936096 -0.9508833289146423 0.3094799518585205 0.006553740240633488 -1.0174334049224854
0.30968913435935974 0.9508330821990967 0.003015051828697324 -1.4423274993896484 -0.004846581723541021 0.0047494713217020035 -0.9999769330024719 -0.16488498449325562 -0.9508255124092102 0.30966734886169434 0.006079177837818861 -1.0176135301589966
0.3092385232448578 0.9509801268577576 0.0028694099746644497 -1.4423884153366089 -0.005653606727719307 0.004855707753449678 -0.9999721646308899 -0.16479530930519104 -0.9509676694869995 0.30921369791030884 0.00687806773930788 -1.0174037218093872
0.309342622756958 0.9509477615356445 0.0023207117337733507 -1.4424235820770264 -0.006515302695333958 0.004559806082397699 -0.9999683499336243 -0.1645902395248413 -0.9509283304214478 0.3093176782131195 0.00760628329589963 -1.0174450874328613
0.30929678678512573 0.9509639143943787 0.0017587831243872643 -1.4423599243164062 -0.007332076784223318 0.004234173335134983 -0.9999641180038452 -0.16453945636749268 -0.9509372711181641 0.30927273631095886 0.008282184600830078 -1.0174592733383179
0.3092345595359802 0.9509841799736023 0.001737880171276629 -1.4423748254776 -0.007346618454903364 0.004216352477669716 -0.9999640583992004 -0.16449569165706635 -0.9509574174880981 0.3092106580734253 0.008290387690067291 -1.017462968826294
0.30959880352020264 0.9508653879165649 0.0018913649255409837 -1.4423246383666992 -0.006624013651162386 0.00414583645761013 -0.9999694228172302 -0.1647070050239563 -0.9508441686630249 0.30957677960395813 0.007582119666039944 -1.0174740552902222
0.30984798073768616 0.9507836699485779 0.002151257824152708 -1.4421751499176025 -0.006043217144906521 0.0042319996282458305 -0.9999727606773376 -0.16421182453632355 -0.9507668614387512 0.30982649326324463 0.007057096343487501 -1.0180838108062744
0.3092908263206482 0.9509639143943787 0.002602509455755353 -1.4423823356628418 -0.006301056127995253 0.004786012228578329 -0.9999686479568481 -0.16413120925426483 -0.950946569442749 0.3092646896839142 0.007472374942153692 -1.0177525281906128
0.309476375579834 0.9509050250053406 0.00197496241889894 -1.442474603652954 -0.00685036601498723 0.004306384362280369 -0.9999672174453735 -0.16438040137290955 -0.9508824348449707 0.30945268273353577 0.007846799679100513 -1.0174106359481812
0.3083133399486542 0.9512789845466614 0.003342907875776291 -1.4423595666885376 -0.006186481099575758 0.005519102327525616 -0.9999656081199646 -0.16463683545589447 -0.9512647390365601 0.3082820177078247 0.007586710155010223 -1.0175411701202393
0.30816948413848877 0.9513264298439026 0.003080436959862709 -1.4423291683197021 -0.0066977073438465595 0.005407596938312054 -0.9999629259109497 -0.16445346176624298 -0.9513078331947327 0.3081373870372772 0.008038191124796867 -1.0177346467971802
0.30819398164749146 0.9513164758682251 0.003662904491648078 -1.4422826766967773 -0.005895314738154411 0.005760143045336008 -0.9999659657478333 -0.16450145840644836 -0.9513052105903625 0.3081618845462799 0.007383579388260841 -1.0177897214889526
0.3084568679332733 0.9512295722961426 0.004072964657098055 -1.4422588348388672 -0.005263105034828186 0.005988369230180979 -0.9999681711196899 -0.1642543077468872 -0.9512237310409546 0.30842557549476624 0.006853602826595306 -1.0180131196975708
0.3088447153568268 0.9511018991470337 0.004481786862015724 -1.4422712326049805 -0.0045721703208982944 0.00619679456576705 -0.9999703168869019 -0.1642257422208786 -0.9511014819145203 0.30881503224372864 0.0062624746933579445 -1.018054723739624
0.30858439207077026 0.9511861205101013 0.004530175123363733 -1.4423561096191406 -0.004304789938032627 0.006159127224236727 -0.9999717473983765 -0.1644180417060852 -0.9511871933937073 0.30855613946914673 0.005995295476168394 -1.017930269241333
0.3081601858139038 0.9513218998908997 0.004890548065304756 -1.4424227476119995 -0.004158480558544397 0.0064877294935286045 -0.9999702572822571 -0.16457124054431915 -0.9513253569602966 0.3081306517124176 0.00595534173771739 -1.0177621841430664
0.3081621825695038 0.9513227343559265 0.004586958326399326 -1.44237220287323 -0.004274067468941212 0.006206066347658634 -0.9999715685844421 -0.16490638256072998 -0.9513242244720459 0.3081337809562683 0.005978520959615707 -1.0174779891967773
0.30854472517967224 0.9512007236480713 0.004151424393057823 -1.4424687623977661 -0.004729140549898148 0.005898328963667154 -0.9999713897705078 -0.16484113037586212 -0.9511980414390564 0.3085162341594696 0.006318288389593363 -1.0173450708389282
0.3085382878780365 0.951202929019928 0.00412970082834363 -1.4424822330474854 -0.004745142534375191 0.005880637094378471 -0.9999713897705078 -0.1648598313331604 -0.9512000679969788 0.30850982666015625 0.006328023038804531 -1.0173090696334839
0.3092597723007202 0.9509707689285278 0.003594060195609927 -1.4424846172332764 -0.00462860893458128 0.005284549668431282 -0.9999752640724182 -0.16498000919818878 -0.9509662985801697 0.30923548340797424 0.006035998463630676 -1.0171191692352295
0.30949652194976807 0.9508931040763855 0.0037539617624133825 -1.4423974752426147 -0.004095712676644325 0.005280851386487484 -0.9999776482582092 -0.16511954367160797 -0.9508917331695557 0.3094742000102997 0.005529018584638834 -1.0173097848892212
0.3098094165325165 0.9507905840873718 0.00392215745523572 -1.442292332649231 -0.0036048064939677715 0.005299713928252459 -0.9999794363975525 -0.1651277244091034 -0.9507918357849121 0.30978885293006897 0.005069345235824585 -1.0173215866088867
0.3098059594631195 0.9507917165756226 0.003921412397176027 -1.44229257106781 -0.0036080675199627876 0.005299973301589489 -0.9999793767929077 -0.16514243185520172 -0.9507929086685181 0.309785395860672 0.005072511732578278 -1.0173099040985107
0.3099089562892914 0.9507573843002319 0.0041019548662006855 -1.4424022436141968 -0.003563114907592535 0.005475788842886686 -0.9999786019325256 -0.16490598022937775 -0.9507595300674438 0.30988767743110657 0.005084681790322065 -1.0172059535980225
0.3100282549858093 0.9507191181182861 0.003943164832890034 -1.4422472715377808 -0.0038579110987484455 0.005405568517744541 -0.9999778866767883 -0.16453099250793457 -0.9507194757461548 0.31000614166259766 0.0053436970338225365 -1.0179486274719238
0.309618204832077 0.9508491158485413 0.004742725752294064 -1.4422141313552856 -0.0030508001800626516 0.005981222726404667 -0.9999774098396301 -0.16430123150348663 -0.9508560299873352 0.3095967173576355 0.00475277379155159 -1.0181282758712769
0.31034111976623535 0.9506167769432068 0.0040099709294736385 -1.4421908855438232 -0.0033298239577561617 0.005305305123329163 -0.9999803304672241 -0.164005309343338 -0.9506193995475769 0.3103216290473938 0.004811868537217379 -1.0178989171981812
0.3104289770126343 0.9505858421325684 0.00451754592359066 -1.4420924186706543 -0.0027180735487490892 0.005639958661049604 -0.9999803900718689 -0.16416235268115997 -0.9505926370620728 0.3104105591773987 0.004334596451371908 -1.0179550647735596
0.3104306161403656 0.9505851864814758 0.004539003130048513 -1.4420822858810425 -0.002734208945184946 0.005667807534337044 -0.9999801516532898 -0.16412577033042908 -0.9505921006202698 0.3104120194911957 0.004358587320894003 -1.017971158027649
0.3099227845668793 0.9507469534873962 0.005300155375152826 -1.4421882629394531 -0.0021026763133704662 0.0062600732780992985 -0.9999781250953674 -0.1642630249261856 -0.9507593512535095 0.3099048435688019 0.0039392802864313126 -1.0178605318069458
0.3099057674407959 0.9507524967193604 0.005297992378473282 -1.442192792892456 -0.002123280195519328 0.006264439318329096 -0.9999780654907227 -0.16424991190433502 -0.9507648944854736 0.30988767743110657 0.003960127476602793 -1.017860770225525
0.30958858132362366 0.9508553147315979 0.005389469210058451 -1.4422492980957031 -0.002278673928231001 0.006409843917936087 -0.9999768137931824 -0.16435739398002625 -0.9508678317070007 0.3095690906047821 0.004151131492108107 -1.01773202419281
0.30943816900253296 0.9509008526802063 0.005962206516414881 -1.4422272443771362 -0.0019470439292490482 0.006903538946062326 -0.999974250793457 -0.1644095629453659 -0.9509175419807434 0.30941855907440186 0.003987691830843687 -1.0177414417266846
0.30953747034072876 0.9508661031723022 0.006340100895613432 -1.4422060251235962 -0.0015155876753851771 0.007160945795476437 -0.9999731779098511 -0.16449561715126038 -0.9508860111236572 0.30951952934265137 0.0036577298305928707 -1.0177412033081055
0.30949240922927856 0.9508806467056274 0.006350493989884853 -1.4422117471694946 -0.001523545477539301 0.007174283266067505 -0.9999730587005615 -0.16450227797031403 -0.950900673866272 0.309474378824234 0.003669124096632004 -1.0177290439605713
0.3097311556339264 0.9508014917373657 0.00656610494479537 -1.4421749114990234 -0.0011923611164093018 0.007294136099517345 -0.9999726414680481 -0.16430647671222687 -0.9508233666419983 0.30971482396125793 0.0033929478377103806 -1.017924189567566
0.3097166419029236 0.9508060216903687 0.006589209660887718 -1.4421826601028442 -0.0011642053723335266 0.007309210021048784 -0.9999725818634033 -0.16429933905601501 -0.9508281350135803 0.3097004294395447 0.003370745340362191 -1.0179239511489868
0.30992332100868225 0.9507396221160889 0.006457330193370581 -1.4421539306640625 -0.0011769956909120083 0.007175441365689039 -0.9999735355377197 -0.16415642201900482 -0.9507607817649841 0.3099074959754944 0.003342880867421627 -1.0180433988571167
0.3099517226219177 0.9507272839546204 0.0068955086171627045 -1.442229151725769 -0.000724779674783349 0.007489001844078302 -0.9999716281890869 -0.16419880092144012 -0.9507520198822021 0.30993789434432983 0.0030103244353085756 -1.0180790424346924
0.3097175359725952 0.9508014917373657 0.007176092825829983 -1.44231116771698 -0.00047287988127209246 0.0077012674883008 -0.9999701976776123 -0.16461805999279022 -0.9508284330368042 0.30970489978790283 0.002834860235452652 -1.0178020000457764
0.3097105622291565 0.9508036971092224 0.007183100562542677 -1.4423267841339111 -0.0005019732052460313 0.007718091830611229 -0.9999700784683228 -0.16463252902030945 -0.9508306980133057 0.3096976578235626 0.0028676805086433887 -1.0177892446517944
0.3099106252193451 0.9507438540458679 0.0064376057125627995 -1.4424214363098145 -0.0011977949179708958 0.0071614277549088 -0.9999735951423645 -0.1648535281419754 -0.9507648944854736 0.30989471077919006 0.0033582267351448536 -1.0175042152404785
0.31049543619155884 0.9505535364151001 0.006363478489220142 -1.4422495365142822 -0.001080367830581963 0.007047266233712435 -0.9999745488166809 -0.1643790304660797 -0.9505742192268372 0.31048062443733215 0.003215119242668152 -1.0178292989730835
0.310503751039505 0.9505518674850464 0.006208973005414009 -1.4422266483306885 -0.0009471511584706604 0.006841243710368872 -0.9999760985374451 -0.1642715334892273 -0.9505716562271118 0.3104904294013977 0.003024575999006629 -1.0180505514144897
0.3103282153606415 0.9506091475486755 0.006208489648997784 -1.442305564880371 -0.001072783605195582 0.006881158333271742 -0.9999756813049316 -0.16452263295650482 -0.9506288170814514 0.31031396985054016 0.0031552433501929045 -1.0178016424179077
0.3101811408996582 0.9506595730781555 0.005825641565024853 -1.4423549175262451 -0.0017984380247071385 0.006714685820043087 -0.9999758005142212 -0.16432371735572815 -0.9506757259368896 0.31016311049461365 0.0037924989592283964 -1.0177407264709473
0.3101951479911804 0.9506549835205078 0.005835905205458403 -1.4423696994781494 -0.0017917817458510399 0.006723369006067514 -0.9999757409095764 -0.1643083244562149 -0.9506711959838867 0.31017714738845825 0.003788950387388468 -1.0177189111709595
0.31020423769950867 0.9506518244743347 0.005864605773240328 -1.44239342212677 -0.0017549076583236456 0.006741565652191639 -0.9999756813049316 -0.16428257524967194 -0.9506682753562927 0.31018638610839844 0.003759596263989806 -1.017687201499939
0.3102143108844757 0.9506497383117676 0.005663969554007053 -1.4422186613082886 -0.001668775686994195 0.006502456031739712 -0.9999774098396301 -0.16444502770900726 -0.9506651759147644 0.3101978302001953 0.0036036039236932993 -1.017857313156128
0.31017303466796875 0.9506632089614868 0.005666789133101702 -1.442217469215393 -0.0016707048052921891 0.006505887024104595 -0.9999774098396301 -0.1644425392150879 -0.9506786465644836 0.31015652418136597 0.0036062560975551605 -1.0178595781326294
0.309714138507843 0.9508118629455566 0.005818190518766642 -1.4423400163650513 -0.0018655834719538689 0.006726761348545551 -0.9999756217002869 -0.1645774096250534 -0.9508278369903564 0.30969569087028503 0.003857219824567437 -1.0178581476211548
0.30971965193748474 0.9508100748062134 0.0058175353333354 -1.4423476457595825 -0.0018679396016523242 0.006726862862706184 -0.9999755620956421 -0.1645837277173996 -0.9508260488510132 0.30970117449760437 0.003859525313600898 -1.0178533792495728
0.31005457043647766 0.9507033228874207 0.005408895201981068 -1.4423693418502808 -0.00214417465031147 0.006388556212186813 -0.9999772310256958 -0.1642502248287201 -0.9507163166999817 0.31003591418266296 0.004019302781671286 -1.0179617404937744
0.30975982546806335 0.950796365737915 0.005921642296016216 -1.4423878192901611 -0.0018929557409137487 0.00684467563405633 -0.9999747276306152 -0.1644076108932495 -0.9508129358291626 0.3097407817840576 0.00392004894092679 -1.0179026126861572
0.3097853362560272 0.950788140296936 0.005905758589506149 -1.442395567893982 -0.0019034709548577666 0.006831506732851267 -0.99997478723526 -0.1644067019224167 -0.950804591178894 0.3097662627696991 0.0039261262863874435 -1.0178959369659424
0.3096003532409668 0.9508517980575562 0.0053277271799743176 -1.4425255060195923 -0.0026500404346734285 0.00646587461233139 -0.9999755620956421 -0.16486243903636932 -0.9508630633354187 0.30957865715026855 0.004521660506725311 -1.0173814296722412
0.3095305562019348 0.9508723616600037 0.005706876516342163 -1.442396640777588 -0.002287966664880514 0.006746400147676468 -0.9999746084213257 -0.16477470099925995 -0.9508867263793945 0.30950960516929626 0.0042638094164431095 -1.017627477645874
0.3095218539237976 0.9508751034736633 0.005714538041502237 -1.44241201877594 -0.002255046274513006 0.006743701174855232 -0.9999746680259705 -0.16481952369213104 -0.9508896470069885 0.30950111150741577 0.0042316182516515255 -1.0175824165344238
0.3095250427722931 0.950873613357544 0.005797052290290594 -1.442412257194519 -0.0024963151663541794 0.006909021642059088 -0.9999729990959167 -0.1645491123199463 -0.9508879780769348 0.30950218439102173 0.004512223415076733 -1.017600178718567
0.3096427619457245 0.9508329033851624 0.006168861873447895 -1.4422639608383179 -0.002195449313148856 0.007202664390206337 -0.9999716281890869 -0.16428755223751068 -0.9508504271507263 0.3096204102039337 0.004317786078900099 -1.017926812171936
0.3093993365764618 0.9509127736091614 0.006077831145375967 -1.4423538446426392 -0.002180613810196519 0.007100948132574558 -0.9999723434448242 -0.16446290910243988 -0.9509296417236328 0.309377521276474 0.004270629957318306 -1.0179595947265625
0.3097250163555145 0.9508047699928284 0.006379518657922745 -1.4422987699508667 -0.001644919509999454 0.007245287299156189 -0.9999723434448242 -0.16435110569000244 -0.9508247375488281 0.3097059428691864 0.0038080718368291855 -1.0180684328079224
0.30992844700813293 0.9507393836975098 0.006237521767616272 -1.442352533340454 -0.0014193042879924178 0.007023252081125975 -0.9999743103981018 -0.1642806977033615 -0.9507588148117065 0.3099115788936615 0.0035261218436062336 -1.0181695222854614
0.30995070934295654 0.9507321119308472 0.00623914273455739 -1.442366600036621 -0.0014137144898995757 0.0070232218131423 -0.9999743103981018 -0.1642606109380722 -0.950751543045044 0.3099338710308075 0.003520943922922015 -1.0181748867034912
0.30972567200660706 0.9508044719696045 0.006384455133229494 -1.442560076713562 -0.0017908671870827675 0.007298020645976067 -0.9999717473983765 -0.16431300342082977 -0.9508242607116699 0.3097054362297058 0.003963176626712084 -1.0178459882736206
0.3097139000892639 0.950808584690094 0.0063490960747003555 -1.442576289176941 -0.0017998219700530171 0.007263697683811188 -0.9999719858169556 -0.16430993378162384 -0.9508280754089355 0.30969375371932983 0.0039609819650650024 -1.0178279876708984
0.30972543358802795 0.9508029222488403 0.0066285645589232445 -1.4425311088562012 -0.0013582893880084157 0.007413851097226143 -0.9999715685844421 -0.16446074843406677 -0.950825035572052 0.3097075819969177 0.0035877516493201256 -1.017856478691101
0.30958542227745056 0.9508479237556458 0.006708692293614149 -1.4425464868545532 -0.001400519860908389 0.007511311676353216 -0.9999707937240601 -0.164508655667305 -0.9508705735206604 0.3095669448375702 0.0036571018863469362 -1.0179768800735474
0.3092570900917053 0.9509553909301758 0.006622062996029854 -1.442613124847412 -0.0020651475060731173 0.007635011803358793 -0.9999687075614929 -0.16454094648361206 -0.9509761929512024 0.309233695268631 0.004325072281062603 -1.0178627967834473
0.30958738923072815 0.9508525133132935 0.005921685602515936 -1.4427119493484497 -0.002776925917714834 0.0071317595429718494 -0.9999706745147705 -0.16471342742443085 -0.9508669376373291 0.3095618188381195 0.004848377779126167 -1.0176295042037964
0.3095865845680237 0.9508528113365173 0.005914150737226009 -1.4427368640899658 -0.0028064537327736616 0.007133444305509329 -0.999970555305481 -0.16474340856075287 -0.9508670568466187 0.3095608353614807 0.004876971244812012 -1.017594575881958
0.3097125291824341 0.9508190751075745 0.004597827326506376 -1.4427224397659302 -0.004523467738181353 0.006308983080089092 -0.9999698400497437 -0.16482657194137573 -0.9508194327354431 0.30968236923217773 0.006254998967051506 -1.0174827575683594
0.30974191427230835 0.9508094191551208 0.0046128397807478905 -1.4426734447479248 -0.004494073335081339 0.00631540035828948 -0.9999698996543884 -0.1648314744234085 -0.9508100152015686 0.30971184372901917 0.006229179445654154 -1.0174298286437988
0.3095628023147583 0.9508703351020813 0.004046953748911619 -1.4425441026687622 -0.005246889777481556 0.00596412131562829 -0.999968409538269 -0.1645881086587906 -0.9508644938468933 0.3095317780971527 0.006835410371422768 -1.017700433731079
0.3095775544643402 0.9508657455444336 0.004007390700280666 -1.442538857460022 -0.005263918545097113 0.0059281704016029835 -0.9999685287475586 -0.1645885854959488 -0.9508596062660217 0.30954667925834656 0.006840535905212164 -1.0177005529403687
0.3093319237232208 0.9509453773498535 0.00407561007887125 -1.442533016204834 -0.005340497009456158 0.006022956222295761 -0.9999675750732422 -0.16481977701187134 -0.9509391188621521 0.30930009484291077 0.006941641680896282 -1.0176975727081299
0.30954357981681824 0.9508780837059021 0.00367774348706007 -1.4424242973327637 -0.005572650581598282 0.005681741517037153 -0.9999682903289795 -0.16480232775211334 -0.9508689045906067 0.30951324105262756 0.007057685870677233 -1.0176780223846436
0.3096691966056824 0.9508346319198608 0.004290646407753229 -1.4425244331359863 -0.004881034605205059 0.006102070212364197 -0.9999694228172302 -0.1647946685552597 -0.9508317708969116 0.30963876843452454 0.00653070816770196 -1.0177403688430786
0.31000733375549316 0.9507247805595398 0.004222547635436058 -1.4424355030059814 -0.004644017666578293 0.005955609027296305 -0.9999714493751526 -0.16435560584068298 -0.9507228136062622 0.3099788427352905 0.0062614930793643 -1.0181230306625366
0.31036877632141113 0.9506062865257263 0.00433672359213233 -1.4424515962600708 -0.004074474796652794 0.005892281886190176 -0.9999743103981018 -0.16408894956111908 -0.9506074786186218 0.3103431165218353 0.005702029448002577 -1.01828932762146
0.30984029173851013 0.9507778286933899 0.0045243543572723866 -1.4424915313720703 -0.00383160263299942 0.006007147487252951 -0.9999745488166809 -0.1642642468214035 -0.9507808685302734 0.30981504917144775 0.005504286848008633 -1.0181342363357544
0.31002557277679443 0.950718104839325 0.004384320694953203 -1.4425907135009766 -0.003468152368441224 0.00574247632175684 -0.9999774694442749 -0.16424432396888733 -0.9507218599319458 0.3100033402442932 0.005077577196061611 -1.0182311534881592
0.3100317418575287 0.950715959072113 0.004404654260724783 -1.4425965547561646 -0.003461339743807912 0.0057616769336164 -0.9999773502349854 -0.16422754526138306 -0.9507198929786682 0.3100094497203827 0.005077081266790628 -1.0182355642318726
0.30929696559906006 0.9509522914886475 0.005004416685551405 -1.4426941871643066 -0.0036394353955984116 0.006446152925491333 -0.9999725818634033 -0.16432638466358185 -0.9509584903717041 0.3092702329158783 0.005454733036458492 -1.0180388689041138
0.30937570333480835 0.9509264826774597 0.005039065144956112 -1.442672848701477 -0.0037029043305665255 0.006503710523247719 -0.9999719262123108 -0.1642734855413437 -0.9509326815605164 0.30934834480285645 0.005533307790756226 -1.017927885055542
0.30944135785102844 0.950907289981842 0.0046180603094398975 -1.4425690174102783 -0.004337438847869635 0.006267853546887636 -0.9999709129333496 -0.16407325863838196 -0.9509086012840271 0.30941230058670044 0.006064062938094139 -1.0180420875549316
0.3094070851802826 0.9509181380271912 0.00467465166002512 -1.4426671266555786 -0.004341007675975561 0.006328294984996319 -0.9999704957008362 -0.1641118973493576 -0.9509197473526001 0.30937764048576355 0.006085990462452173 -1.0180948972702026
0.3094218075275421 0.9509133696556091 0.0046729110181331635 -1.442671775817871 -0.004338117782026529 0.006325623486191034 -0.999970555305481 -0.1640857607126236 -0.9509149789810181 0.30939239263534546 0.006082488223910332 -1.0180965662002563
0.30933958292007446 0.9509409666061401 0.0044962335377931595 -1.442787528038025 -0.004288423806428909 0.0061231194995343685 -0.9999720454216003 -0.1648189127445221 -0.9509419202804565 0.3093115985393524 0.005972188897430897 -1.0176382064819336
0.309418648481369 0.9509178996086121 0.0038981104735285044 -1.442726492881775 -0.005022098775953054 0.005733372177928686 -0.9999709129333496 -0.16473114490509033 -0.9509126543998718 0.30939003825187683 0.0065496438182890415 -1.017676830291748
0.3094732165336609 0.9508981704711914 0.0043509784154593945 -1.4426987171173096 -0.004368260037153959 0.005997231230139732 -0.9999724626541138 -0.1648312658071518 -0.9508981108665466 0.30944564938545227 0.006009780801832676 -1.0177383422851562
0.30947139859199524 0.9508965611457825 0.0048078144900500774 -1.442694902420044 -0.003911718260496855 0.006329063326120377 -0.9999722838401794 -0.16474686563014984 -0.950900673866272 0.30944401025772095 0.005678331479430199 -1.0179102420806885
0.31008297204971313 0.950699508190155 0.004348113667219877 -1.4427605867385864 -0.0036651722621172667 0.005768971052020788 -0.9999765753746033 -0.1650550663471222 -0.950702428817749 0.3100597560405731 0.005273365415632725 -1.0175817012786865
0.3101077973842621 0.9506893157958984 0.0047869207337498665 -1.4427872896194458 -0.003100903006270528 0.0060466257855296135 -0.9999768733978271 -0.1650739163160324 -0.9506962895393372 0.3100857436656952 0.004823129158467054 -1.0176163911819458
0.3096363842487335 0.950839102268219 0.005498513579368591 -1.4426180124282837 -0.0022205105051398277 0.006505803670734167 -0.9999763369560242 -0.1647876799106598 -0.9508523941040039 0.3096168339252472 0.004125809762626886 -1.0177578926086426
0.3099663257598877 0.9507344961166382 0.004973036237061024 -1.4426552057266235 -0.0028065249789506197 0.00614565797150135 -0.9999771118164062 -0.16470232605934143 -0.9507433772087097 0.3099452555179596 0.004573235288262367 -1.017612338066101
0.3101612627506256 0.9506741762161255 0.004305609967559576 -1.4426411390304565 -0.003510958282276988 0.0056744106113910675 -0.999977707862854 -0.16465051472187042 -0.9506774544715881 0.3101392090320587 0.005097787827253342 -1.017567753791809
0.30998745560646057 0.9507314562797546 0.004170384723693132 -1.4426240921020508 -0.004270744975656271 0.005778910592198372 -0.9999741315841675 -0.16417039930820465 -0.9507310390472412 0.30996158719062805 0.0058517493307590485 -1.0180028676986694
0.30958354473114014 0.9508656859397888 0.003520567435771227 -1.442513346672058 -0.004850129596889019 0.005281540099531412 -0.999974250793457 -0.16450650990009308 -0.9508598446846008 0.3095584809780121 0.006246927659958601 -1.01808500289917
0.3095574676990509 0.9508741497993469 0.003538846503943205 -1.4425259828567505 -0.00448019290342927 0.005180158652365208 -0.9999765157699585 -0.16444694995880127 -0.950870156288147 0.30953431129455566 0.005863684695214033 -1.0182143449783325
0.3095620572566986 0.9508726000785828 0.0035449378192424774 -1.4425216913223267 -0.004482974763959646 0.0051875002682209015 -0.9999764561653137 -0.16443844139575958 -0.9508686661720276 0.3095388412475586 0.005868619307875633 -1.0182284116744995
0.3094739317893982 0.9509003758430481 0.0037900954484939575 -1.4425866603851318 -0.0038656527176499367 0.005243842955678701 -0.9999787211418152 -0.1643085926771164 -0.9509000182151794 0.3094526529312134 0.005298710893839598 -1.0182240009307861
0.309486448764801 0.9508939981460571 0.00432272395119071 -1.442676305770874 -0.0032640816643834114 0.005608259234577417 -0.9999788999557495 -0.16432295739650726 -0.9508982300758362 0.30946576595306396 0.004839503671973944 -1.0183236598968506
0.30945879220962524 0.9509029984474182 0.004328886047005653 -1.442687749862671 -0.0032370593398809433 0.005605798214673996 -0.9999790191650391 -0.1643030196428299 -0.950907289981842 0.3094382584095001 0.004812920931726694 -1.0183448791503906
0.3094830811023712 0.9508951306343079 0.004315446596592665 -1.4427157640457153 -0.003248154418542981 0.0055954051204025745 -0.9999790191650391 -0.16433323919773102 -0.9508993625640869 0.3094625473022461 0.004820365458726883 -1.018323302268982
0.3096100986003876 0.9508548974990845 0.004061819054186344 -1.4428497552871704 -0.00320540857501328 0.005315433256328106 -0.9999806880950928 -0.16482235491275787 -0.9508581757545471 0.3095910847187042 0.004693618044257164 -1.017626404762268
0.30990079045295715 0.9507613182067871 0.0037847976200282574 -1.4428880214691162 -0.0032916266936808825 0.005053681321442127 -0.9999817609786987 -0.16511967778205872 -0.9507631659507751 0.30988264083862305 0.0046957191079854965 -1.0173611640930176
0.3092409372329712 0.950977623462677 0.00339910457842052 -1.4427489042282104 -0.004510525614023209 0.005041027441620827 -0.9999770522117615 -0.16485102474689484 -0.9509729743003845 0.30921849608421326 0.005848328582942486 -1.0175336599349976
0.30924075841903687 0.9509776830673218 0.0033901981078088284 -1.4427567720413208 -0.004513278603553772 0.005032556131482124 -0.9999771118164062 -0.16486017405986786 -0.9509730339050293 0.3092183470726013 0.005848326720297337 -1.0175172090530396
0.30929675698280334 0.9509590864181519 0.0035072306636720896 -1.4427624940872192 -0.00441501522436738 0.005124025512486696 -0.9999771118164062 -0.16482312977313995 -0.9509552717208862 0.30927416682243347 0.00578337162733078 -1.0174485445022583
0.30960923433303833 0.950859785079956 0.0027883730363100767 -1.4424799680709839 -0.005378853064030409 0.004683848470449448 -0.9999745488166809 -0.16438378393650055 -0.9508486390113831 0.3095863461494446 0.006564726121723652 -1.0177825689315796
0.30959105491638184 0.9508642554283142 0.003246135078370571 -1.4424158334732056 -0.004704408347606659 0.004945543594658375 -0.999976634979248 -0.16449978947639465 -0.9508581161499023 0.30956852436065674 0.006004377733916044 -1.01791512966156
0.3097015619277954 0.950827956199646 0.003335061715915799 -1.4424487352371216 -0.004043846856802702 0.004824657924473286 -0.9999801516532898 -0.16503474116325378 -0.9508252143859863 0.30968189239501953 0.005339234601706266 -1.017661452293396
0.3095332384109497 0.9508832097053528 0.0032043333631008863 -1.4424257278442383 -0.004757406655699015 0.004918450489640236 -0.9999765753746033 -0.16437901556491852 -0.9508767127990723 0.3095107078552246 0.006046189460903406 -1.0179935693740845
0.3095395267009735 0.9508811831474304 0.0031991121359169483 -1.4424197673797607 -0.004771039821207523 0.004917439538985491 -0.9999765157699585 -0.16436131298542023 -0.9508745670318604 0.30951693654060364 0.006058861501514912 -1.0180045366287231
0.3092254102230072 0.9509817361831665 0.0036473164800554514 -1.4424095153808594 -0.004411328583955765 0.005269673652946949 -0.9999763369560242 -0.16448427736759186 -0.9509785175323486 0.3092019557952881 0.005824637599289417 -1.0180630683898926
0.30920544266700745 0.9509867429733276 0.004025125410407782 -1.4425277709960938 -0.0038952778559178114 0.005499039310961962 -0.9999772310256958 -0.16474366188049316 -0.9509872794151306 0.30918270349502563 0.005404718220233917 -1.0176830291748047
0.3094639480113983 0.950903594493866 0.003790027927607298 -1.4424301385879517 -0.004058846738189459 0.005306582432240248 -0.9999776482582092 -0.1645003706216812 -0.9509024620056152 0.30944162607192993 0.0055017960257828236 -1.0179394483566284
0.30948537588119507 0.9508956670761108 0.004022031556814909 -1.4425028562545776 -0.003951146733015776 0.005515641067177057 -0.9999769330024719 -0.16439346969127655 -0.9508959650993347 0.3094623386859894 0.0054641664028167725 -1.017870306968689
0.30968722701072693 0.9508325457572937 0.0033492923248559237 -1.4426087141036987 -0.0046183583326637745 0.005026646424084902 -0.999976634979248 -0.16458988189697266 -0.9508272409439087 0.3096645176410675 0.0059480019845068455 -1.017566204071045
0.310006707906723 0.9507299065589905 0.0028974770102649927 -1.442510724067688 -0.004372898023575544 0.00447349576279521 -0.9999803900718689 -0.16472271084785461 -0.9507243037223816 0.3099879324436188 0.0055442871525883675 -1.0176783800125122
0.31001076102256775 0.9507285356521606 0.0029106386937201023 -1.4425123929977417 -0.00435026315972209 0.004479983821511269 -0.9999804496765137 -0.16472958028316498 -0.9507230520248413 0.3099920153617859 0.005524790845811367 -1.0176687240600586
0.30983519554138184 0.9507864117622375 0.0027028312906622887 -1.442476749420166 -0.004469049163162708 0.004299058113247156 -0.9999807476997375 -0.1647898107767105 -0.9507797360420227 0.3098171055316925 0.005581138655543327 -1.0176892280578613
0.30936020612716675 0.9509413838386536 0.002596981357783079 -1.4424347877502441 -0.005130746867507696 0.004400070756673813 -0.9999771118164062 -0.16469110548496246 -0.9509310722351074 0.3093397617340088 0.006240273825824261 -1.0177931785583496
0.3088471293449402 0.951107382774353 0.002861530752852559 -1.4424713850021362 -0.005055528599768877 0.00465025007724762 -0.999976396560669 -0.16466204822063446 -0.9510982036590576 0.3088253438472748 0.0062445951625704765 -1.0179113149642944
0.30892372131347656 0.9510812759399414 0.00323497480712831 -1.4425427913665771 -0.005170895252376795 0.005080890376120806 -0.9999736547470093 -0.16435617208480835 -0.9510727524757385 0.30889883637428284 0.006487577222287655 -1.0178364515304565
0.30905264616012573 0.9510388374328613 0.003400477347895503 -1.4425606727600098 -0.005239485763013363 0.005278121680021286 -0.9999722838401794 -0.16429954767227173 -0.9510304927825928 0.30902624130249023 0.006614199839532375 -1.0177503824234009
0.3090640902519226 0.9510350227355957 0.003422990208491683 -1.4425628185272217 -0.005235616117715836 0.0053006187081336975 -0.9999722242355347 -0.1642756313085556 -0.9510267972946167 0.30903753638267517 0.00661751301959157 -1.017747163772583
0.3090333640575409 0.951045036315918 0.003407954005524516 -1.4425681829452515 -0.005220591090619564 0.005279702600091696 -0.999972403049469 -0.1642483025789261 -0.9510368704795837 0.30900701880455017 0.006596649996936321 -1.0177414417266846
0.3095495402812958 0.9508799910545349 0.0024960278533399105 -1.442566156387329 -0.00615759426727891 0.004629472270607948 -0.9999702572822571 -0.16442668437957764 -0.9508633613586426 0.3095249533653259 0.007288212422281504 -1.0174691677093506
0.30942869186401367 0.9509179592132568 0.0029797391034662724 -1.4424021244049072 -0.005050926469266415 0.004777075257152319 -0.9999758005142212 -0.1648319661617279 -0.9509091973304749 0.3094061315059662 0.006281208712607622 -1.0178345441818237
0.3093624711036682 0.9509407877922058 0.0025252418126910925 -1.4423586130142212 -0.005697237327694893 0.004508929327130318 -0.9999735355377197 -0.16493110358715057 -0.9509270787239075 0.30933988094329834 0.006812657229602337 -1.0177605152130127
