# 3x4 first row second row third row Freq: 250 current Time: 2020-10-02-14:07:07
-0.11269420385360718 0.9934135675430298 0.02072668820619583 -0.08666379004716873 -0.02148527093231678 0.018418410792946815 -0.9995995163917542 -0.6506267786026001 -0.9933974146842957 -0.11309436708688736 0.019268084317445755 -2.649033308029175
-0.11259476095438004 0.9934247732162476 0.02072867937386036 -0.08671512454748154 -0.02137981727719307 0.018434349447488785 -0.9996014833450317 -0.6506063342094421 -0.9934110045433044 -0.1129930391907692 0.019163601100444794 -2.648911237716675
-0.11251471936702728 0.9934327602386475 0.020782262086868286 -0.08659057319164276 -0.021321678534150124 0.018496427685022354 -0.9996016025543213 -0.6505909562110901 -0.9934213161468506 -0.11291297525167465 0.019100505858659744 -2.6485769748687744
-0.11255502700805664 0.9934240579605103 0.02097637765109539 -0.08646301925182343 -0.020931780338287354 0.01873530074954033 -0.9996053576469421 -0.6505693793296814 -0.9934250116348267 -0.11294965445995331 0.0186853539198637 -2.6479759216308594
-0.11251551657915115 0.9934287071228027 0.020969364792108536 -0.0864512026309967 -0.02092602849006653 0.018729645758867264 -0.9996055960655212 -0.6505701541900635 -0.9934296011924744 -0.11290992051362991 0.01868111453950405 -2.6479408740997314
-0.11284848302602768 0.9934017658233643 0.020449139177799225 -0.08652978390455246 -0.02100909873843193 0.018190396949648857 -0.9996138215065002 -0.6507277488708496 -0.9933900833129883 -0.1132344901561737 0.018817689269781113 -2.6483137607574463
-0.1128588542342186 0.9934004545211792 0.02045741304755211 -0.08652614802122116 -0.021020278334617615 0.018197249621152878 -0.9996134638786316 -0.6507366895675659 -0.9933887124061584 -0.11324521899223328 0.018827805295586586 -2.648303985595703
-0.11281449347734451 0.993403971195221 0.020530644804239273 -0.08647563308477402 -0.020937003195285797 0.018281275406479836 -0.9996136426925659 -0.650577962398529 -0.9933955073356628 -0.11320073902606964 0.01873648166656494 -2.64827823638916
-0.1132671907544136 0.9933720231056213 0.019560519605875015 -0.0866306722164154 -0.020672284066677094 0.017326727509498596 -0.999636173248291 -0.6507346630096436 -0.9933494925498962 -0.11363030970096588 0.018572691828012466 -2.6481308937072754
-0.11373230814933777 0.9933324456214905 0.01885930448770523 -0.08656900376081467 -0.020793303847312927 0.016598405316472054 -0.999646008014679 -0.6506994962692261 -0.993293821811676 -0.11408417671918869 0.0187668614089489 -2.6486146450042725
-0.11389213055372238 0.9933210611343384 0.018490372225642204 -0.0867713913321495 -0.020561637356877327 0.016250725835561752 -0.9996565580368042 -0.6508674025535583 -0.9932803511619568 -0.11423318088054657 0.018573449924588203 -2.6485745906829834
-0.11262066662311554 0.9934585690498352 0.018886858597397804 -0.08602410554885864 -0.022196216508746147 0.016487715765833855 -0.9996176958084106 -0.651572585105896 -0.9933901429176331 -0.11299680173397064 0.02019413560628891 -2.6503942012786865
-0.11246068775653839 0.9934713840484619 0.019165335223078728 -0.08614852279424667 -0.022013580426573753 0.01679193042218685 -0.9996166825294495 -0.6512927412986755 -0.9934123158454895 -0.11283945292234421 0.019981402903795242 -2.650341510772705
-0.11255039274692535 0.9934520125389099 0.019634995609521866 -0.08657825738191605 -0.021837521344423294 0.017282700166106224 -0.9996121525764465 -0.650702178478241 -0.9934060573577881 -0.11293549835681915 0.01974932849407196 -2.6495938301086426
-0.11259663105010986 0.993442952632904 0.019829146564006805 -0.08654310554265976 -0.021778877824544907 0.017483802512288094 -0.9996099472045898 -0.6506123542785645 -0.9934021234512329 -0.1129845380783081 0.019667426124215126 -2.6495537757873535
-0.11256847530603409 0.9934460520744324 0.01983124390244484 -0.0865442305803299 -0.021729448810219765 0.01749209314584732 -0.9996109008789062 -0.6505845785140991 -0.993406355381012 -0.11295557022094727 0.019617950543761253 -2.6495792865753174
-0.11298038065433502 0.9934056401252747 0.019511444494128227 -0.08686474710702896 -0.021701108664274216 0.017165346071124077 -0.9996171593666077 -0.6506530046463013 -0.9933602213859558 -0.11336051672697067 0.019618630409240723 -2.6491165161132812
-0.11327308416366577 0.9933809638023376 0.01906764507293701 -0.08677354454994202 -0.02140045538544655 0.016747334972023964 -0.9996307492256165 -0.6506229043006897 -0.9933333992958069 -0.11363928020000458 0.01936175301671028 -2.648768186569214
-0.11311090737581253 0.9934008121490479 0.01899474300444126 -0.08664949983358383 -0.021298183128237724 0.016688840463757515 -0.9996339082717896 -0.6505364179611206 -0.993354082107544 -0.11347402632236481 0.01926991529762745 -2.648486852645874
-0.11315501481294632 0.9933928847312927 0.019145464524626732 -0.086683489382267 -0.02122725360095501 0.016847752034664154 -0.999632716178894 -0.6503938436508179 -0.9933505654335022 -0.1135198324918747 0.01918056793510914 -2.648270606994629
-0.11328713595867157 0.9933858513832092 0.018726011738181114 -0.08672555536031723 -0.021496549248695374 0.016392283141613007 -0.9996345639228821 -0.6505277156829834 -0.9933297634124756 -0.11364825069904327 0.019497305154800415 -2.64884614944458
-0.11329343914985657 0.993384838104248 0.018740573897957802 -0.08672181516885757 -0.02149856649339199 0.016406580805778503 -0.9996342658996582 -0.6505176424980164 -0.9933289885520935 -0.11365487426519394 0.019497564062476158 -2.6488451957702637
-0.11331167072057724 0.9933825135231018 0.018752800300717354 -0.08671525865793228 -0.021467458456754684 0.016422083601355553 -0.9996346831321716 -0.6505107283592224 -0.9933275580406189 -0.11367283016443253 0.019464556127786636 -2.648841381072998
-0.11360528320074081 0.9933491945266724 0.01874249055981636 -0.08660121262073517 -0.02161553129553795 0.01638893224298954 -0.9996320605278015 -0.6506191492080688 -0.9932908415794373 -0.11396858096122742 0.019609874114394188 -2.6491410732269287
-0.11347885429859161 0.9933611750602722 0.018873922526836395 -0.08638142049312592 -0.021473824977874756 0.01653994433581829 -0.9996325969696045 -0.6504274010658264 -0.9933083653450012 -0.1138424351811409 0.01945430226624012 -2.6488139629364014
-0.11356981843709946 0.9933446049690247 0.01919395849108696 -0.08640683442354202 -0.021101608872413635 0.016902906820178032 -0.9996344447135925 -0.6505245566368103 -0.9933059215545654 -0.11393330246210098 0.019041482359170914 -2.6483614444732666
-0.11361977458000183 0.993348240852356 0.01870499551296234 -0.08651939034461975 -0.021151227876544 0.01640418916940689 -0.9996417164802551 -0.6506447196006775 -0.9932991862297058 -0.1139746680855751 0.019146665930747986 -2.6487362384796143
-0.11361609399318695 0.9933486580848694 0.018705187365412712 -0.08651726692914963 -0.02115267887711525 0.0164042878895998 -0.9996417164802551 -0.6506465077400208 -0.9932995438575745 -0.11397102475166321 0.019148165360093117 -2.648735761642456
-0.11362324655056 0.9933479428291321 0.01869954541325569 -0.08650675415992737 -0.021120302379131317 0.01640218496322632 -0.9996424317359924 -0.6506504416465759 -0.9932994246482849 -0.11397752910852432 0.01911611109972 -2.6487338542938232
-0.1135801449418068 0.9933478236198425 0.018964793533086777 -0.0865209624171257 -0.020822791382670403 0.016704073175787926 -0.9996436238288879 -0.6505752205848694 -0.9933106303215027 -0.11393453925848007 0.018786994740366936 -2.648300886154175
-0.11311449110507965 0.9934011697769165 0.018955981358885765 -0.0866532027721405 -0.020480168983340263 0.01674320548772812 -0.9996500611305237 -0.6506023406982422 -0.9933708906173706 -0.11346310377120972 0.01845109649002552 -2.647531509399414
-0.11314431577920914 0.99339759349823 0.018963074311614037 -0.08665339648723602 -0.0204858910292387 0.016749132424592972 -0.9996498823165894 -0.6506026387214661 -0.9933673739433289 -0.11349314451217651 0.018455538898706436 -2.6474831104278564
-0.1134171113371849 0.9933808445930481 0.0181952565908432 -0.08670980483293533 -0.02070983685553074 0.015945713967084885 -0.9996584057807922 -0.650791347026825 -0.9933316111564636 -0.11375515908002853 0.018764210864901543 -2.647991418838501
-0.11339516192674637 0.9933837652206421 0.018175393342971802 -0.0867103785276413 -0.020739683881402016 0.015922725200653076 -0.9996581077575684 -0.6507998704910278 -0.9933335185050964 -0.11373332142829895 0.018796877935528755 -2.64799165725708
-0.1135762482881546 0.993360161781311 0.01833294704556465 -0.08670593053102493 -0.020602012053132057 0.01609361730515957 -0.9996582269668579 -0.650811493396759 -0.9933156967163086 -0.1139151006937027 0.018637338653206825 -2.647923469543457
-0.1133568063378334 0.9933887124061584 0.018143706023693085 -0.08645615726709366 -0.02050483599305153 0.015918446704745293 -0.9996630549430847 -0.6506280899047852 -0.9933427572250366 -0.11369061470031738 0.018564781174063683 -2.6478471755981445
-0.11335661262273788 0.9933887124061584 0.01814274676144123 -0.08644697815179825 -0.020499903708696365 0.015918049961328506 -0.9996631741523743 -0.6506295204162598 -0.9933428764343262 -0.1136903241276741 0.018559928983449936 -2.6478447914123535
-0.1133563444018364 0.9933887720108032 0.01814144290983677 -0.0864345133304596 -0.02049320377409458 0.01591750979423523 -0.9996632933616638 -0.6506314873695374 -0.9933430552482605 -0.11368992924690247 0.018553340807557106 -2.6478419303894043
-0.11330030113458633 0.9933857321739197 0.018650449812412262 -0.0864870473742485 -0.020483002066612244 0.01643195003271103 -0.9996551871299744 -0.6504679918289185 -0.9933496713638306 -0.11364322900772095 0.018485749140381813 -2.647902488708496
-0.11329469084739685 0.9933865070343018 0.018643051385879517 -0.08646608144044876 -0.02044929563999176 0.016428465023636818 -0.9996559023857117 -0.6504572033882141 -0.9933509826660156 -0.11363692581653595 0.01845276914536953 -2.6478970050811768
-0.11315329372882843 0.993397057056427 0.018939033150672913 -0.0865456759929657 -0.02029835805296898 0.016746198758482933 -0.9996537566184998 -0.6504573822021484 -0.9933702349662781 -0.1134985163807869 0.018269412219524384 -2.6477222442626953
-0.11350596696138382 0.9933580160140991 0.0188751220703125 -0.0866321250796318 -0.02020512893795967 0.01668604090809822 -0.999656617641449 -0.6505654454231262 -0.9933318495750427 -0.11384833604097366 0.018176933750510216 -2.6476850509643555
-0.11393715441226959 0.9933154582977295 0.01851561665534973 -0.08655615150928497 -0.01959550566971302 0.016386432573199272 -0.9996737241744995 -0.650478720664978 -0.9932947158813477 -0.11426277458667755 0.017597468569874763 -2.6477773189544678
-0.11407839506864548 0.9933103322982788 0.017909642308950424 -0.08668873459100723 -0.019750064238905907 0.01575625129044056 -0.9996808171272278 -0.6504381895065308 -0.9932754635810852 -0.11439567059278488 0.017820466309785843 -2.648209571838379
-0.11423783749341965 0.9932962656021118 0.017672210931777954 -0.08663418143987656 -0.01968960277736187 0.01552138477563858 -0.9996857047080994 -0.6504501700401306 -0.9932582974433899 -0.11454986035823822 0.017784452065825462 -2.6484732627868652
-0.11416183412075043 0.9933009743690491 0.017897257581353188 -0.0865732803940773 -0.019911104813218117 0.01572371833026409 -0.9996781349182129 -0.6503744721412659 -0.9932626485824585 -0.11448141932487488 0.017982643097639084 -2.6484789848327637
-0.11403585225343704 0.993310809135437 0.01815207675099373 -0.08648669719696045 -0.019870346412062645 0.015987157821655273 -0.9996747374534607 -0.6502937078475952 -0.993277907371521 -0.11435942351818085 0.017914293333888054 -2.6483449935913086
-0.11400754004716873 0.9933143854141235 0.01813473366200924 -0.08646712452173233 -0.019837530329823494 0.015973996371030807 -0.9996756315231323 -0.6502713561058044 -0.9932818412780762 -0.11433027684688568 0.017883719876408577 -2.6483469009399414
-0.11382640898227692 0.9933251142501831 0.018677717074751854 -0.08639617264270782 -0.019897382706403732 0.016516847535967827 -0.9996656179428101 -0.6502212882041931 -0.9933013916015625 -0.11415995657444 0.01788448914885521 -2.648264169692993
-0.11318809539079666 0.9933803677558899 0.019593380391597748 -0.08654922991991043 -0.020752932876348495 0.017352066934108734 -0.9996340870857239 -0.6506182551383972 -0.9933568239212036 -0.11355327069759369 0.018651481717824936 -2.648801803588867
-0.11320630460977554 0.9933785796165466 0.019578997045755386 -0.08655031770467758 -0.020727235823869705 0.01734018512070179 -0.9996348023414612 -0.6506181359291077 -0.9933553338050842 -0.11357075721025467 0.018626946955919266 -2.6488046646118164
-0.11319335550069809 0.9933801889419556 0.019572926685214043 -0.08655718713998795 -0.02072642743587494 0.017334414646029472 -0.9996349215507507 -0.6506242156028748 -0.9933568239212036 -0.11355768144130707 0.01862705498933792 -2.6488170623779297
-0.11325161159038544 0.9933737516403198 0.0195622518658638 -0.08655949681997299 -0.02068987488746643 0.017326751723885536 -0.9996358156204224 -0.6506267786026001 -0.9933509230613708 -0.11361508071422577 0.018590468913316727 -2.64882493019104
-0.11313159018754959 0.9933809638023376 0.01988854445517063 -0.08651450276374817 -0.02059515379369259 0.01766818016767502 -0.9996318221092224 -0.6504343152046204 -0.993366539478302 -0.11349951475858688 0.018459977582097054 -2.6484994888305664
-0.11302711069583893 0.9933884739875793 0.020105840638279915 -0.08667317777872086 -0.020282432436943054 0.017924495041370392 -0.9996336102485657 -0.6504622101783752 -0.9933848977088928 -0.11339347064495087 0.01812235452234745 -2.647698163986206
-0.11326665431261063 0.9933668971061707 0.019821057096123695 -0.08662652224302292 -0.020458867773413658 0.017613332718610764 -0.9996355772018433 -0.6505110263824463 -0.9933540225028992 -0.11363086104393005 0.01832813210785389 -2.647819757461548
-0.1127975806593895 0.9934155941009521 0.020055195316672325 -0.08641702681779861 -0.021358007565140724 0.017755210399627686 -0.9996142387390137 -0.6508410573005676 -0.9933884143829346 -0.11318238079547882 0.019214605912566185 -2.6488196849823
-0.11281431466341019 0.9934137463569641 0.02005193941295147 -0.08640539646148682 -0.021376756951212883 0.017749471589922905 -0.9996139407157898 -0.6508558392524719 -0.9933861494064331 -0.113199383020401 0.019233541563153267 -2.648833751678467
-0.1128862053155899 0.9933996796607971 0.020341750234365463 -0.08655765652656555 -0.021246878430247307 0.018054503947496414 -0.9996112585067749 -0.6506669521331787 -0.9933807849884033 -0.11327449232339859 0.019068509340286255 -2.6485393047332764
-0.11281076073646545 0.9934076070785522 0.02037549763917923 -0.08650781214237213 -0.021130476146936417 0.018103184178471565 -0.9996128678321838 -0.6505609154701233 -0.9933918118476868 -0.11319760233163834 0.018948914483189583 -2.6483840942382812
-0.11284182220697403 0.9933971166610718 0.02071206085383892 -0.08654748648405075 -0.02096949890255928 0.018459603190422058 -0.9996097087860107 -0.6503243446350098 -0.9933916926383972 -0.1132320687174797 0.018747996538877487 -2.6482093334198
-0.11218634992837906 0.9934583306312561 0.021326342597603798 -0.08630486577749252 -0.021607620641589165 0.019017810001969337 -0.9995856285095215 -0.6505972743034363 -0.993452250957489 -0.1126006469130516 0.019332705065608025 -2.6487784385681152
-0.11250247806310654 0.9934355616569519 0.020711753517389297 -0.08646515756845474 -0.02174951136112213 0.018377091735601425 -0.9995945692062378 -0.6507546901702881 -0.9934133887290955 -0.1129073053598404 0.01953924261033535 -2.6489694118499756
-0.11289132386445999 0.9933948516845703 0.020550303161144257 -0.08664362132549286 -0.02172401361167431 0.018209848552942276 -0.9995982050895691 -0.6505461931228638 -0.9933698773384094 -0.11329236626625061 0.01952476240694523 -2.648935317993164
-0.11307591944932938 0.9933857917785645 0.01996445655822754 -0.08668988943099976 -0.02170385792851448 0.01761898212134838 -0.9996092319488525 -0.6505240201950073 -0.9933493137359619 -0.11346500366926193 0.01956799440085888 -2.6487181186676025
-0.11306759715080261 0.9933868050575256 0.019959572702646255 -0.0866975486278534 -0.02167319878935814 0.017617736011743546 -0.9996098875999451 -0.6505205631256104 -0.9933509230613708 -0.11345604807138443 0.019537847489118576 -2.648721694946289
-0.11304357647895813 0.993389904499054 0.019941136240959167 -0.08670791983604431 -0.02169613167643547 0.01759703829884529 -0.9996097683906555 -0.6505144834518433 -0.9933531284332275 -0.11343207955360413 0.0195634588599205 -2.6487255096435547
-0.11302217096090317 0.9933880567550659 0.020155563950538635 -0.0866982713341713 -0.021706512197852135 0.017812049016356468 -0.9996057152748108 -0.6505128145217896 -0.9933553338050842 -0.11341509222984314 0.01954980567097664 -2.6486663818359375
-0.11318308115005493 0.9933820962905884 0.019534720107913017 -0.08655757457017899 -0.0214257650077343 0.017216216772794724 -0.9996222257614136 -0.6504997611045837 -0.9933431148529053 -0.11355884373188019 0.01933535933494568 -2.648041009902954
-0.11315811425447464 0.9933798909187317 0.019792446866631508 -0.08651191741228104 -0.021291257813572884 0.017491426318883896 -0.9996203184127808 -0.6503067016601562 -0.9933488965034485 -0.1135365292429924 0.019170982763171196 -2.6480190753936768
-0.11307927221059799 0.9933810830116272 0.020179560407996178 -0.0864395797252655 -0.021161364391446114 0.017897335812449455 -0.9996159076690674 -0.6502941250801086 -0.9933606386184692 -0.11346283555030823 0.018997453153133392 -2.6479663848876953
-0.11309048533439636 0.9933798909187317 0.020174650475382805 -0.08643064647912979 -0.0211402028799057 0.017894595861434937 -0.9996163845062256 -0.6502811312675476 -0.9933598041534424 -0.1134735718369484 0.018976515159010887 -2.6479530334472656
-0.11308257281780243 0.9933801889419556 0.02020398899912834 -0.08642029762268066 -0.02113453671336174 0.017924915999174118 -0.9996159672737122 -0.6502690315246582 -0.9933608174324036 -0.11346612125635147 0.018967607989907265 -2.647937536239624
-0.11306722462177277 0.993370532989502 0.020756417885422707 -0.086502805352211 -0.020869605243206024 0.018511367961764336 -0.9996108412742615 -0.6502037644386292 -0.9933681488037109 -0.1134563758969307 0.01863819546997547 -2.6479928493499756
-0.11304856091737747 0.9933690428733826 0.020929858088493347 -0.08642900735139847 -0.02068878337740898 0.018706899136304855 -0.999610960483551 -0.6503782272338867 -0.9933740496635437 -0.11343757063150406 0.01843678206205368 -2.6478350162506104
-0.11317592114210129 0.9933525323867798 0.021022915840148926 -0.08642206341028214 -0.02054515853524208 0.018814584240317345 -0.9996119141578674 -0.6503811478614807 -0.993362545967102 -0.1135638877749443 0.018279200419783592 -2.647759437561035
-0.113090880215168 0.9933582544326782 0.02121104672551155 -0.08638592064380646 -0.02063383162021637 0.018995342776179314 -0.9996066689491272 -0.6504033803939819 -0.9933704137802124 -0.11348403245210648 0.018348559737205505 -2.64780855178833
-0.11307530105113983 0.9933601021766663 0.0212058387696743 -0.0863787904381752 -0.02062220871448517 0.01899171993136406 -0.9996069669723511 -0.6504130959510803 -0.9933724403381348 -0.11346814036369324 0.018337758257985115 -2.6477863788604736
-0.11310616135597229 0.9933534860610962 0.021353241056203842 -0.08637683093547821 -0.0205962173640728 0.019142447039484978 -0.9996046423912048 -0.6503983736038208 -0.993369460105896 -0.11350120604038239 0.018294168636202812 -2.6476705074310303
-0.11306428164243698 0.9933640360832214 0.02108239382505417 -0.08654265850782394 -0.02070591039955616 0.01885814405977726 -0.9996077418327332 -0.6506921648979187 -0.9933719038963318 -0.11345643550157547 0.01843629591166973 -2.648096799850464
-0.11278761923313141 0.9933949708938599 0.021104687824845314 -0.08653021603822708 -0.020695939660072327 0.018886880949139595 -0.9996074438095093 -0.6505063772201538 -0.9934036135673523 -0.11318009346723557 0.01842900924384594 -2.6479239463806152
-0.11265269666910172 0.9934102296829224 0.021106954663991928 -0.08650882542133331 -0.020517362281680107 0.018912002444267273 -0.9996106624603271 -0.6504004597663879 -0.9934226274490356 -0.11304186284542084 0.01825164258480072 -2.647853136062622
-0.11268003284931183 0.9934074878692627 0.021090026944875717 -0.08651033788919449 -0.020553283393383026 0.018890373408794403 -0.9996103048324585 -0.6503886580467224 -0.9934187531471252 -0.1130695641040802 0.018289189785718918 -2.6478404998779297
-0.11249850690364838 0.9934247732162476 0.02124522440135479 -0.08654208481311798 -0.02035658434033394 0.01907225139439106 -0.9996109008789062 -0.6505920886993408 -0.9934433698654175 -0.1128871813416481 0.018077107146382332 -2.6474835872650146
-0.11269014328718185 0.9934035539627075 0.021223120391368866 -0.08645793795585632 -0.020347513258457184 0.019047534093260765 -0.9996115565299988 -0.650454580783844 -0.9934218525886536 -0.11307817697525024 0.01806679554283619 -2.6474835872650146
-0.11260910332202911 0.9934064149856567 0.02151486836373806 -0.08649532496929169 -0.020289726555347443 0.01934915781021118 -0.9996069073677063 -0.6504034399986267 -0.9934322237968445 -0.11300134658813477 0.017977027222514153 -2.6475627422332764
-0.11260820925235748 0.9934070110321045 0.021492576226592064 -0.0864974781870842 -0.0202808640897274 0.01932775229215622 -0.999607503414154 -0.6503947377204895 -0.9934325218200684 -0.11299987137317657 0.01797066070139408 -2.6475415229797363
-0.11189878731966019 0.9934737086296082 0.022106535732746124 -0.08618426322937012 -0.020929435268044472 0.019885094836354256 -0.9995831847190857 -0.6507616639137268 -0.993499219417572 -0.11231479793787003 0.018567698076367378 -2.648249626159668
-0.11215662956237793 0.9934580326080322 0.02149534970521927 -0.08644326031208038 -0.02109670825302601 0.019246332347393036 -0.9995921850204468 -0.6508881449699402 -0.9934666156768799 -0.11256434768438339 0.01880006305873394 -2.6487045288085938
-0.11251063644886017 0.9934254288673401 0.021149717271327972 -0.08670363575220108 -0.021101374179124832 0.018891282379627228 -0.9995988607406616 -0.6506284475326538 -0.9934264421463013 -0.11291176825761795 0.01883714459836483 -2.6485743522644043
-0.11214638501405716 0.993462324142456 0.02134951390326023 -0.08643777668476105 -0.021818118169903755 0.019018055871129036 -0.9995810985565186 -0.6508529782295227 -0.9934521913528442 -0.11256518214941025 0.019542645663022995 -2.6495025157928467
-0.11214065551757812 0.9934591054916382 0.021528922021389008 -0.08645381033420563 -0.022416606545448303 0.01913086697459221 -0.9995656609535217 -0.6510451436042786 -0.9934394955635071 -0.11257453262805939 0.020124606788158417 -2.650315284729004
-0.11222268640995026 0.9934432506561279 0.021831505000591278 -0.08673369139432907 -0.022359805181622505 0.01944008283317089 -0.9995610117912292 -0.6507371664047241 -0.9934315085411072 -0.11266154050827026 0.020031552761793137 -2.6499340534210205
-0.11241237819194794 0.993434727191925 0.021235277876257896 -0.086647167801857 -0.022251777350902557 0.018848594278097153 -0.9995747208595276 -0.6507101655006409 -0.9934124946594238 -0.11283706873655319 0.019986845552921295 -2.649442195892334
-0.11244578659534454 0.9934263825416565 0.021449023857712746 -0.08678971230983734 -0.02214455045759678 0.019075168296694756 -0.9995728135108948 -0.6505389213562012 -0.993411123752594 -0.11287270486354828 0.019854029640555382 -2.6492981910705566
-0.1125909686088562 0.9934083819389343 0.02151918224990368 -0.08655934035778046 -0.021941067650914192 0.019165992736816406 -0.9995755553245544 -0.6501633524894714 -0.9933992028236389 -0.1130153089761734 0.01963849551975727 -2.6488125324249268
-0.11258835345506668 0.9934090375900269 0.021503550931811333 -0.08646717667579651 -0.02172715961933136 0.019174650311470032 -0.9995800852775574 -0.6502023935317993 -0.9934041500091553 -0.11300826072692871 0.019425086677074432 -2.6484103202819824
-0.11260711401700974 0.9934078454971313 0.02145913429558277 -0.08645733445882797 -0.021709300577640533 0.019131621345877647 -0.9995812773704529 -0.6501708030700684 -0.9934024214744568 -0.11302579939365387 0.019411806017160416 -2.6484012603759766
-0.11259861290454865 0.9934090971946716 0.02144741825759411 -0.08644883334636688 -0.021703459322452545 0.01912066526710987 -0.9995816349983215 -0.6501333713531494 -0.9934035539627075 -0.11301696300506592 0.019407426938414574 -2.648391008377075
-0.11290313303470612 0.9933801293373108 0.021185986697673798 -0.08652155101299286 -0.021368278190493584 0.01888984814286232 -0.999593198299408 -0.6502977013587952 -0.9933762550354004 -0.11330989003181458 0.0190940722823143 -2.6483426094055176
-0.1128201112151146 0.9933878779411316 0.021263817325234413 -0.08644627779722214 -0.021087205037474632 0.019001806154847145 -0.9995970726013184 -0.6503304839134216 -0.9933916926383972 -0.11322302371263504 0.01880395971238613 -2.648192882537842
-0.11281988024711609 0.9933879971504211 0.02125992253422737 -0.08643823862075806 -0.021057941019535065 0.019001226872205734 -0.9995977282524109 -0.6503124237060547 -0.993392288684845 -0.1132221594452858 0.018774962052702904 -2.64817476272583
-0.11280491203069687 0.9933843016624451 0.021511226892471313 -0.08643455803394318 -0.020938782021403313 0.019267965108156204 -0.9995951056480408 -0.6503288745880127 -0.993396520614624 -0.11320962756872177 0.018626708537340164 -2.6481361389160156
-0.11263872683048248 0.9933999180793762 0.02166137471795082 -0.08652584254741669 -0.020851049572229385 0.019432170316576958 -0.9995937347412109 -0.6503347158432007 -0.9934172630310059 -0.1130446046590805 0.018524587154388428 -2.6480331420898438
-0.1129225492477417 0.9933788776397705 0.021142201498150826 -0.08676192909479141 -0.020696617662906647 0.01892203465104103 -0.999606728553772 -0.6506640315055847 -0.9933882355690002 -0.11331568658351898 0.01842282898724079 -2.647754192352295
-0.11321212351322174 0.9933567047119141 0.020627904683351517 -0.08675031363964081 -0.02084270305931568 0.01838238723576069 -0.9996137619018555 -0.6506462693214417 -0.9933522343635559 -0.11359831690788269 0.018623102456331253 -2.6479222774505615
-0.11321691423654556 0.9933562874794006 0.02062217704951763 -0.08676192164421082 -0.02083703689277172 0.018377181142568588 -0.9996140003204346 -0.650653600692749 -0.9933518171310425 -0.1136028915643692 0.018617967143654823 -2.64790940284729
-0.1133083701133728 0.9933428764343262 0.020764898508787155 -0.08653520792722702 -0.020686892792582512 0.018536262214183807 -0.9996141791343689 -0.6504808068275452 -0.9933444857597351 -0.1136941909790039 0.018448837101459503 -2.6480183601379395
-0.11328784376382828 0.9933452010154724 0.020766548812389374 -0.08652323484420776 -0.02068931795656681 0.018538029864430428 -0.9996141195297241 -0.6504769921302795 -0.9933468103408813 -0.11367374658584595 0.018451474606990814 -2.6480021476745605
-0.11290010064840317 0.9933910369873047 0.02068629302084446 -0.08650629222393036 -0.02048090286552906 0.018488287925720215 -0.9996193051338196 -0.6503171920776367 -0.9933952689170837 -0.1132807657122612 0.01825818605720997 -2.648074150085449
-0.1128990426659584 0.9933911561965942 0.02068529836833477 -0.08650527894496918 -0.020479850471019745 0.01848742552101612 -0.9996193647384644 -0.6503155827522278 -0.9933953881263733 -0.11327967047691345 0.0182572603225708 -2.6480729579925537
-0.11289864033460617 0.9933911561965942 0.020687133073806763 -0.08649872243404388 -0.02048393152654171 0.018488813191652298 -0.9996192455291748 -0.65030437707901 -0.9933953881263733 -0.11327937990427017 0.018261166289448738 -2.6480677127838135
-0.11269234120845795 0.993407666683197 0.021015314385294914 -0.08639248460531235 -0.02046300284564495 0.018825244158506393 -0.9996134042739868 -0.6504343152046204 -0.9934192299842834 -0.1130787804722786 0.01820661686360836 -2.6481473445892334
-0.11260077357292175 0.9934127926826477 0.021262455731630325 -0.08649230748414993 -0.020338382571935654 0.01908979006111622 -0.9996109008789062 -0.6504687070846558 -0.9934321641921997 -0.1129893809556961 0.018054857850074768 -2.6480817794799805
-0.11201567947864532 0.9934792518615723 0.02124953269958496 -0.0864102765917778 -0.02132047712802887 0.01897636242210865 -0.9995926022529602 -0.6509698629379272 -0.9934777021408081 -0.11242306977510452 0.019055774435400963 -2.6491684913635254
-0.11253677308559418 0.993427038192749 0.02093459665775299 -0.08661623299121857 -0.021273039281368256 0.01865481026470661 -0.9995996952056885 -0.6506220698356628 -0.9934198260307312 -0.11293704062700272 0.019033832475543022 -2.6492791175842285
-0.11262950301170349 0.9934116005897522 0.021166324615478516 -0.0866309255361557 -0.021134991198778152 0.018901899456977844 -0.99959796667099 -0.6505268812179565 -0.9934122562408447 -0.1130315437912941 0.018866805359721184 -2.649249315261841
-0.11285866796970367 0.9933971762657166 0.02061632089316845 -0.08658992499113083 -0.02120288275182247 0.0183363389223814 -0.9996070265769958 -0.6505622863769531 -0.993384838104248 -0.11325142532587051 0.01899344101548195 -2.6491925716400146
-0.11286908388137817 0.9933961033821106 0.020612111315131187 -0.08659187704324722 -0.02125035785138607 0.018326489254832268 -0.9996062517166138 -0.6505560278892517 -0.9933826327323914 -0.11326262354850769 0.019041499122977257 -2.649219274520874
-0.11234697699546814 0.993441641330719 0.021258005872368813 -0.08628690242767334 -0.021421091631054878 0.018967077136039734 -0.9995906352996826 -0.6508612632751465 -0.9934381246566772 -0.11275632679462433 0.01914968341588974 -2.649773359298706
-0.11275134980678558 0.9934006333351135 0.021031377837061882 -0.08660995215177536 -0.021124979481101036 0.01876492239534855 -0.9996007680892944 -0.6505691409111023 -0.9933986663818359 -0.11315058916807175 0.01886977069079876 -2.6494140625
-0.11307979375123978 0.9933717846870422 0.020627308636903763 -0.08657737076282501 -0.02118765003979206 0.018344881013035774 -0.9996072053909302 -0.6506310105323792 -0.9933599829673767 -0.11347239464521408 0.01897275075316429 -2.6493911743164062
-0.11306049674749374 0.9933740496635437 0.02062506414949894 -0.0865824744105339 -0.021182388067245483 0.018343593925237656 -0.9996073842048645 -0.6506222486495972 -0.993362307548523 -0.1134529635310173 0.018968071788549423 -2.6494100093841553
-0.11263571679592133 0.9934121370315552 0.021108146756887436 -0.08656974136829376 -0.02161480486392975 0.018788641318678856 -0.9995898604393005 -0.6506562829017639 -0.9934012293815613 -0.11304574459791183 0.01935610920190811 -2.649508237838745
-0.11251625418663025 0.9934200048446655 0.021374648436903954 -0.08654861897230148 -0.021729277446866035 0.019046125933527946 -0.9995824694633484 -0.6507441401481628 -0.9934123158454895 -0.1129337027668953 0.019443271681666374 -2.649582862854004
-0.11240749806165695 0.9934278130531311 0.021583382040262222 -0.08651774376630783 -0.0214637853205204 0.019288446754217148 -0.9995835423469543 -0.6506294012069702 -0.9934303760528564 -0.11282392591238022 0.01915452815592289 -2.6491379737854004
-0.11239352822303772 0.9934297204017639 0.021566947922110558 -0.08652238547801971 -0.02145695500075817 0.019272956997156143 -0.9995840191841125 -0.6506167054176331 -0.9934321045875549 -0.11280950903892517 0.019149793311953545 -2.6491169929504395
-0.11236603558063507 0.993428647518158 0.021759076043963432 -0.08660083264112473 -0.021202437579631805 0.019495703279972076 -0.9995851516723633 -0.6504839658737183 -0.9934406876564026 -0.11278073489665985 0.018872424960136414 -2.6487746238708496
-0.11243226379156113 0.9934166073799133 0.0219657551497221 -0.08661159127950668 -0.021101167425513268 0.019713904708623886 -0.9995830059051514 -0.6503389477729797 -0.9934353232383728 -0.11284885555505753 0.018745742738246918 -2.6487298011779785
-0.11242004483938217 0.9934186339378357 0.021936247125267982 -0.08661946654319763 -0.0211020614951849 0.01968434266746044 -0.9995835423469543 -0.6503206491470337 -0.9934366941452026 -0.11283610016107559 0.01875023916363716 -2.648712396621704
-0.11242861300706863 0.9934160709381104 0.02200881950557232 -0.0865192711353302 -0.02089257352054119 0.019780999049544334 -0.9995860457420349 -0.6504210233688354 -0.9934401512145996 -0.11284186691045761 0.018531039357185364 -2.6485049724578857
-0.11246151477098465 0.9934072494506836 0.022238656878471375 -0.08652129769325256 -0.02088484913110733 0.020012523978948593 -0.9995815753936768 -0.6503968238830566 -0.9934365749359131 -0.11287888139486313 0.018496492877602577 -2.6486215591430664
-0.11247742176055908 0.9934056401252747 0.02222929149866104 -0.08652487397193909 -0.020862862467765808 0.020005302503705025 -0.9995822310447693 -0.6503835916519165 -0.993435263633728 -0.11289416253566742 0.018475111573934555 -2.6486034393310547
-0.11246230453252792 0.9934074282646179 0.022225849330425262 -0.08652769029140472 -0.02087593823671341 0.020000634714961052 -0.9995819926261902 -0.6503694653511047 -0.9934366941452026 -0.11287926137447357 0.018488967791199684 -2.6485860347747803
-0.1124274954199791 0.9934091567993164 0.02232268452644348 -0.08649219572544098 -0.020783111453056335 0.0201092679053545 -0.9995817542076111 -0.6504640579223633 -0.9934425950050354 -0.11284438520669937 0.018385272473096848 -2.6485612392425537
-0.11287734657526016 0.9933675527572632 0.021902186796069145 -0.08662866055965424 -0.020862095057964325 0.01966875232756138 -0.9995889067649841 -0.6506977677345276 -0.993389904499054 -0.11328783631324768 0.018503544852137566 -2.6487722396850586
-0.11208324879407883 0.9934443831443787 0.022485611960291862 -0.0863521620631218 -0.021616842597723007 0.020185191184282303 -0.9995625615119934 -0.6509823203086853 -0.9934636950492859 -0.1125202625989914 0.01921268366277218 -2.649524211883545
-0.112062469124794 0.9934417009353638 0.022708386182785034 -0.08659335225820541 -0.021414561197161674 0.020432649180293083 -0.9995619058609009 -0.650735080242157 -0.9934704303741455 -0.11249963939189911 0.01898435689508915 -2.649026393890381
-0.11215133965015411 0.9934288263320923 0.022832728922367096 -0.08659730851650238 -0.02116105519235134 0.020584778860211372 -0.9995641708374023 -0.6505776047706604 -0.9934658408164978 -0.11258559674024582 0.018713362514972687 -2.6489148139953613
-0.1122848391532898 0.9934109449386597 0.022953620180487633 -0.08654721826314926 -0.021054226905107498 0.02071600966155529 -0.9995636940002441 -0.6505716443061829 -0.9934530258178711 -0.1127190962433815 0.018589377403259277 -2.648751974105835
-0.11232277750968933 0.9934073686599731 0.022922929376363754 -0.08655205368995667 -0.02103244513273239 0.020686887204647064 -0.9995647668838501 -0.6505635380744934 -0.9934492111206055 -0.11275599151849747 0.018570149317383766 -2.6487412452697754
-0.11231707036495209 0.9934068322181702 0.022972531616687775 -0.08655893057584763 -0.021030418574810028 0.02073713392019272 -0.9995637536048889 -0.650556206703186 -0.993449866771698 -0.11275117099285126 0.018562600016593933 -2.6487274169921875
-0.1121145635843277 0.9934316873550415 0.02288706600666046 -0.08655188232660294 -0.02092902548611164 0.02066643349826336 -0.9995673894882202 -0.6505374312400818 -0.9934749007225037 -0.11254503577947617 0.01847452111542225 -2.6486330032348633
-0.11210428923368454 0.9934315085411072 0.022946912795305252 -0.08654003590345383 -0.020712241530418396 0.02075139805674553 -0.9995701313018799 -0.6505698561668396 -0.9934805631637573 -0.11253135651350021 0.018249843269586563 -2.6484456062316895
-0.11157647520303726 0.993475079536438 0.023623453453183174 -0.0862841084599495 -0.021381599828600883 0.021366365253925323 -0.9995430707931519 -0.6508229970932007 -0.9935258030891418 -0.11203057318925858 0.01885807327926159 -2.649279832839966
-0.11157690733671188 0.9934756755828857 0.023594534024596214 -0.0862753838300705 -0.02133171819150448 0.021342884749174118 -0.999544620513916 -0.6508303880691528 -0.9935268759727478 -0.11202938109636307 0.018811143934726715 -2.649291515350342
-0.11157618463039398 0.9934760928153992 0.023580286651849747 -0.08626412600278854 -0.02130749262869358 0.021331297233700752 -0.9995453953742981 -0.6508393883705139 -0.9935274720191956 -0.11202786862850189 0.018788393586874008 -2.649305582046509
-0.11244344711303711 0.9934024214744568 0.022541949525475502 -0.08665035665035248 -0.02135819010436535 0.020264260470867157 -0.9995664954185486 -0.6506916284561157 -0.9934285879135132 -0.11287613958120346 0.018938666209578514 -2.6493475437164307
-0.11244097352027893 0.9934024810791016 0.02255076915025711 -0.08663897216320038 -0.020990040153265 0.020315010100603104 -0.999573290348053 -0.6505784392356873 -0.9934366941452026 -0.11286630481481552 0.018567290157079697 -2.6489970684051514
-0.11182469129562378 0.9934571981430054 0.023197520524263382 -0.08636371046304703 -0.021594088524580002 0.02090906724333763 -0.9995481967926025 -0.650908350944519 -0.9934933185577393 -0.11227506399154663 0.019114624708890915 -2.6497838497161865
-0.1121099591255188 0.9934395551681519 0.022567054256796837 -0.08639677613973618 -0.02169564925134182 0.02025768719613552 -0.9995594024658203 -0.6509803533554077 -0.9934589862823486 -0.11255013942718506 0.019282201305031776 -2.649874210357666
-0.11177683621644974 0.9934602975845337 0.023294994607567787 -0.0863707885146141 -0.0220265481621027 0.020959211513400078 -0.9995377063751221 -0.651118278503418 -0.9934892058372498 -0.11223824322223663 0.019539719447493553 -2.650527238845825
-0.1119532436132431 0.9934437870979309 0.0231512188911438 -0.08672262728214264 -0.021916912868618965 0.020823465660214424 -0.9995429515838623 -0.6510292291641235 -0.9934718012809753 -0.11240945011377335 0.019441938027739525 -2.6500768661499023
-0.11224520206451416 0.9934251308441162 0.02252856083214283 -0.08680935204029083 -0.02187998965382576 0.020195405930280685 -0.9995566606521606 -0.6508791446685791 -0.9934396743774414 -0.1126883327960968 0.01946926675736904 -2.649844169616699
-0.11229860782623291 0.9934180378913879 0.022575346753001213 -0.08669168502092361 -0.02191212773323059 0.02023778110742569 -0.9995550513267517 -0.6507454514503479 -0.993432879447937 -0.11274328827857971 0.019495200365781784 -2.649590492248535
-0.11229442059993744 0.9934189915657043 0.02255498617887497 -0.08670538663864136 -0.021912703290581703 0.02021731249988079 -0.9995554685592651 -0.6507297158241272 -0.9934333562850952 -0.1127387136220932 0.019498176872730255 -2.6495912075042725
-0.11227887868881226 0.9934207797050476 0.022554276511073112 -0.08671879023313522 -0.021906480193138123 0.020217610523104668 -0.9995555877685547 -0.6507172584533691 -0.993435263633728 -0.11272304505109787 0.019492313265800476 -2.649592638015747
-0.11258246749639511 0.9933992028236389 0.021983163431286812 -0.08672574907541275 -0.021791551262140274 0.019650032743811607 -0.9995694160461426 -0.6506703495979309 -0.993403434753418 -0.11301301419734955 0.01943543367087841 -2.6491904258728027
-0.11246097087860107 0.9934151768684387 0.021883325651288033 -0.086649090051651 -0.02150529809296131 0.019584497436881065 -0.9995769262313843 -0.6504896879196167 -0.9934234023094177 -0.11288397014141083 0.019161170348525047 -2.648780107498169
-0.112760528922081 0.9933921098709106 0.02138335630297661 -0.08653807640075684 -0.021458011120557785 0.019080983474850655 -0.9995876550674438 -0.6504098773002625 -0.9933905005455017 -0.11317285150289536 0.019164608791470528 -2.6488943099975586
-0.1126825213432312 0.9933938384056091 0.021711796522140503 -0.0865493044257164 -0.021276406943798065 0.019433660432696342 -0.9995847344398499 -0.6504098773002625 -0.9934032559394836 -0.1130976527929306 0.01894599013030529 -2.648911714553833
-0.1126730814576149 0.9933896064758301 0.021953467279672623 -0.08651024848222733 -0.02113085240125656 0.019693588837981224 -0.9995827674865723 -0.650535523891449 -0.9934074282646179 -0.11308993399143219 0.018772203475236893 -2.6488492488861084
-0.11268633604049683 0.9933871626853943 0.021995771676301956 -0.0865071713924408 -0.021145110949873924 0.019734282046556473 -0.9995816349983215 -0.6505186557769775 -0.9934056401252747 -0.11310426890850067 0.018781470134854317 -2.648815870285034
