# 3x4 first row second row third row Freq: 250 current Time: 2020-10-02-14:04:22
-0.22207456827163696 0.9747391939163208 0.023800181224942207 0.4478546679019928 -0.012656744569540024 0.021525753661990166 -0.9996882081031799 -0.6401651501655579 -0.9749475717544556 -0.2223065346479416 0.00755667220801115 -2.6870381832122803
-0.22224852442741394 0.974698543548584 0.02384217455983162 0.4478496313095093 -0.012847818434238434 0.021523837000131607 -0.9996858239173889 -0.6401659846305847 -0.9749054312705994 -0.22248497605323792 0.0077390787191689014 -2.687051773071289
-0.2221684455871582 0.974719762802124 0.023719722405076027 0.44783005118370056 -0.012634631246328354 0.02144753187894821 -0.9996901750564575 -0.6401584148406982 -0.9749264717102051 -0.2223992645740509 0.007550229784101248 -2.6869544982910156
-0.22219417989253998 0.9747137427330017 0.023727187886834145 0.4478341341018677 -0.01263942290097475 0.021453889086842537 -0.9996899366378784 -0.6401540637016296 -0.9749205112457275 -0.2224251627922058 0.007552859839051962 -2.6869442462921143
-0.22225673496723175 0.9746951460838318 0.023903585970401764 0.4478744566440582 -0.012807013466954231 0.021596066653728485 -0.999684751033783 -0.6401256322860718 -0.9749041199684143 -0.2224927693605423 0.007683032192289829 -2.6869614124298096
-0.22227448225021362 0.9746962189674377 0.023694517090916634 0.44785749912261963 -0.012651068158447742 0.02141708694398403 -0.999690592288971 -0.64015132188797 -0.9749020934104919 -0.22250543534755707 0.007570446003228426 -2.6868906021118164
-0.22198206186294556 0.9747706055641174 0.023373082280158997 0.4476815462112427 -0.012249870225787163 0.021181199699640274 -0.9997006058692932 -0.6403042674064636 -0.9749737977981567 -0.2222018986940384 0.007238937076181173 -2.6866884231567383
-0.22173036634922028 0.9748390316963196 0.022904574871063232 0.4474751949310303 -0.011763012036681175 0.0208134762942791 -0.999714195728302 -0.6403241157531738 -0.9750370979309082 -0.2219363898038864 0.006852034013718367 -2.686615467071533
-0.2218157798051834 0.9748226404190063 0.022772420197725296 0.44750332832336426 -0.0118175707757473 0.02066490612924099 -0.9997166395187378 -0.6403194665908813 -0.9750170111656189 -0.22202201187610626 0.006936203222721815 -2.686594009399414
-0.22182996571063995 0.9748186469078064 0.022805161774158478 0.44750213623046875 -0.011819237843155861 0.020698001608252525 -0.9997159242630005 -0.6403209567070007 -0.9750137329101562 -0.2220364660024643 0.006930147297680378 -2.686584949493408
-0.22182752192020416 0.9748192429542542 0.02280527725815773 0.44749903678894043 -0.01182551123201847 0.02069670893251896 -0.9997158646583557 -0.6403213143348694 -0.9750142097473145 -0.22203415632247925 0.006936606019735336 -2.6865735054016113
-0.22126504778862 0.974936306476593 0.023261139169335365 0.44782012701034546 -0.012496515177190304 0.02101585641503334 -0.9997010827064514 -0.6404287815093994 -0.9751336574554443 -0.2214895486831665 0.007533201947808266 -2.687098503112793
-0.22129325568675995 0.9749270081520081 0.02338171936571598 0.4478977620601654 -0.012643996626138687 0.021105771884322166 -0.9996973276138306 -0.6404010057449341 -0.9751253724098206 -0.22152188420295715 0.007656378671526909 -2.687217950820923
-0.2205846607685089 0.9750588536262512 0.02454891800880432 0.44804662466049194 -0.013605035841464996 0.022090531885623932 -0.9996634125709534 -0.6406276226043701 -0.9752729535102844 -0.22084437310695648 0.008392849005758762 -2.6880154609680176
-0.2205679565668106 0.9750622510910034 0.024565093219280243 0.44805556535720825 -0.013603162951767445 0.02210768684744835 -0.9996630549430847 -0.6406430006027222 -0.97527676820755 -0.22082777321338654 0.008387653157114983 -2.6880578994750977
-0.22063381969928741 0.9750435948371887 0.02471342124044895 0.4480675160884857 -0.013819953426718712 0.022210074588656425 -0.9996578097343445 -0.6405789256095886 -0.9752588272094727 -0.2208998203277588 0.008574733510613441 -2.688255548477173
-0.22089964151382446 0.9749794006347656 0.02487144060432911 0.447986364364624 -0.013824391178786755 0.022368691861629486 -0.999654233455658 -0.6403627991676331 -0.9751985669136047 -0.22116707265377045 0.008537231013178825 -2.6879220008850098
-0.2205432504415512 0.9750539064407349 0.025112776085734367 0.44816282391548157 -0.014291172847151756 0.022513628005981445 -0.99964439868927 -0.6406425833702087 -0.975272536277771 -0.22082369029521942 0.008969404734671116 -2.688568592071533
-0.219615638256073 0.975254237651825 0.025460030883550644 0.44863203167915344 -0.015402283519506454 0.022627828642725945 -0.9996253252029419 -0.6409415602684021 -0.975464940071106 -0.21992546319961548 0.010051687248051167 -2.6897525787353516
-0.2200387865304947 0.9751468300819397 0.025917215272784233 0.4478863775730133 -0.015239075757563114 0.02312888763844967 -0.9996163845062256 -0.6404005289077759 -0.9753721356391907 -0.2203492969274521 0.009771053679287434 -2.6887924671173096
-0.21987369656562805 0.9751904010772705 0.025676921010017395 0.44773972034454346 -0.01489666011184454 0.022961562499403954 -0.9996253848075867 -0.6406015157699585 -0.9754146337509155 -0.22017379105091095 0.009478406980633736 -2.6886072158813477
-0.21988150477409363 0.9751887917518616 0.02566995844244957 0.447700560092926 -0.014893552288413048 0.022955046966671944 -0.999625563621521 -0.6405928134918213 -0.975412905216217 -0.22018146514892578 0.009476604871451855 -2.688633441925049
-0.22008341550827026 0.9751514196395874 0.02535964548587799 0.4475865960121155 -0.014362087473273277 0.022755011916160583 -0.9996379017829895 -0.6400596499443054 -0.9753753542900085 -0.2203679233789444 0.008997178636491299 -2.688077926635742
-0.22027969360351562 0.9751185178756714 0.024915268644690514 0.4477459192276001 -0.013854253105819225 0.022412437945604324 -0.9996528625488281 -0.6401674151420593 -0.9753383994102478 -0.2205483764410019 0.008572503924369812 -2.687265396118164
-0.22028665244579315 0.9751160740852356 0.024950319901108742 0.4477372169494629 -0.013851848430931568 0.02244885265827179 -0.9996520280838013 -0.6401374936103821 -0.9753368496894836 -0.22055557370185852 0.008561947382986546 -2.687227964401245
-0.22034674882888794 0.975108802318573 0.0247025266289711 0.4477781653404236 -0.013734688982367516 0.022220781072974205 -0.9996587634086609 -0.6400771141052246 -0.9753249287605286 -0.2206108123064041 0.008496508933603764 -2.6871654987335205
-0.2204817235469818 0.9750756025314331 0.024808218702673912 0.4479004442691803 -0.013875661417841911 0.02229602448642254 -0.9996551275253296 -0.6400648355484009 -0.975292444229126 -0.2207498997449875 0.008613922633230686 -2.6870718002319336
-0.22066588699817657 0.9750028848648071 0.025999831035733223 0.4484136700630188 -0.014209906570613384 0.02344033680856228 -0.9996242523193359 -0.6407585740089417 -0.9752459526062012 -0.22095239162445068 0.008682187646627426 -2.6878161430358887
-0.22066424787044525 0.9750033020973206 0.025998251512646675 0.44844216108322144 -0.014215067960321903 0.023437563329935074 -0.9996242523193359 -0.6407752633094788 -0.975246250629425 -0.2209508717060089 0.008687875233590603 -2.6878151893615723
-0.22096215188503265 0.974926233291626 0.02635481394827366 0.4479929506778717 -0.014048182405531406 0.02383829839527607 -0.9996171593666077 -0.6404213905334473 -0.9751812219619751 -0.22124776244163513 0.008428550325334072 -2.6872644424438477
-0.22106659412384033 0.9749060273170471 0.026228081434965134 0.44795307517051697 -0.014129672199487686 0.02368893101811409 -0.9996195435523987 -0.6404496431350708 -0.9751563668251038 -0.22135305404663086 0.008538240566849709 -2.6872141361236572
-0.22108647227287292 0.9748978614807129 0.02636217325925827 0.4480087161064148 -0.014240603893995285 0.023801060393452644 -0.9996153116226196 -0.6403440237045288 -0.9751502871513367 -0.22137680649757385 0.00862101186066866 -2.687318801879883
-0.22137922048568726 0.9748386144638062 0.026096278801560402 0.4480462670326233 -0.014210429973900318 0.02353261224925518 -0.999622106552124 -0.6403565406799316 -0.9750843048095703 -0.2216663807630539 0.008643213659524918 -2.687305450439453
-0.22156469523906708 0.9748055338859558 0.025755679234862328 0.4480550289154053 -0.014054397121071815 0.023217154666781425 -0.9996317028999329 -0.640357255935669 -0.9750444293022156 -0.22184503078460693 0.008556172251701355 -2.68708872795105
-0.2213086485862732 0.9748675227165222 0.025610432028770447 0.4477268159389496 -0.013909783214330673 0.023103386163711548 -0.9996363520622253 -0.6404809951782227 -0.9751046299934387 -0.22158436477184296 0.008447187021374702 -2.6870646476745605
-0.2215045541524887 0.9748303890228271 0.02532806620001793 0.44778189063072205 -0.013864679262042046 0.02282235026359558 -0.9996434450149536 -0.6404774785041809 -0.9750608205795288 -0.22177670896053314 0.008460425771772861 -2.687105417251587
-0.22131024301052094 0.974879801273346 0.025125036016106606 0.44762784242630005 -0.013688524253666401 0.022655919194221497 -0.9996496438980103 -0.6405420303344727 -0.9751074314117432 -0.22157660126686096 0.008330648764967918 -2.687035083770752
-0.2210555076599121 0.9749451875686646 0.024826975539326668 0.44751009345054626 -0.013333129696547985 0.022433193400502205 -0.9996594786643982 -0.6407466530799866 -0.9751701354980469 -0.22131122648715973 0.008040059357881546 -2.6870779991149902
-0.22114796936511993 0.9749335050582886 0.02445976808667183 0.4476499855518341 -0.013186495751142502 0.02208917960524559 -0.999669075012207 -0.6405578851699829 -0.9751511216163635 -0.2213972955942154 0.00797094963490963 -2.6870110034942627
-0.2212090641260147 0.9749204516410828 0.024429017677903175 0.4478481113910675 -0.012877139262855053 0.022127391770482063 -0.9996722340583801 -0.6404585242271423 -0.9751414060592651 -0.22145110368728638 0.007659376133233309 -2.6868276596069336
-0.22122129797935486 0.9749173521995544 0.024442078545689583 0.44786930084228516 -0.012877087108790874 0.02214069850742817 -0.9996719360351562 -0.6404520273208618 -0.9751386642456055 -0.2214634269475937 0.007656071335077286 -2.6868135929107666
-0.22116677463054657 0.974941611289978 0.02396228164434433 0.4478929340839386 -0.012329638935625553 0.021773455664515495 -0.9996868968009949 -0.6403095722198486 -0.9751580953598022 -0.2213929444551468 0.007205082569271326 -2.6866843700408936
-0.22154515981674194 0.9748625159263611 0.0236823707818985 0.447893887758255 -0.012208268977701664 0.021511154249310493 -0.9996941089630127 -0.6403906941413879 -0.9750736951828003 -0.22176647186279297 0.007135661784559488 -2.686457872390747
-0.2217397540807724 0.974814772605896 0.023826494812965393 0.4478680491447449 -0.012431802228093147 0.021606609225273132 -0.9996892809867859 -0.640212893486023 -0.9750266671180725 -0.22196704149246216 0.0073276301845908165 -2.6867082118988037
-0.2206520140171051 0.975033164024353 0.02496040239930153 0.4481387138366699 -0.013701753690838814 0.02248990349471569 -0.9996532201766968 -0.6408193707466125 -0.9752563834190369 -0.2209174633026123 0.008397191762924194 -2.6882998943328857
-0.2202197164297104 0.9751059412956238 0.02591687999665737 0.44823962450027466 -0.014670123346149921 0.023255325853824615 -0.9996219277381897 -0.6407955884933472 -0.9753400087356567 -0.220516636967659 0.009183612652122974 -2.689009189605713
-0.22034098207950592 0.9750787615776062 0.025910381227731705 0.44818195700645447 -0.014711761847138405 0.02323807403445244 -0.9996217489242554 -0.6407093405723572 -0.9753119945526123 -0.22063879668712616 0.00922479573637247 -2.6892952919006348
-0.22033406794071198 0.9750757813453674 0.026081383228302002 0.4482112526893616 -0.014787913300096989 0.023396220058202744 -0.9996169209480286 -0.6407536864280701 -0.9753124117851257 -0.2206353098154068 0.009264321066439152 -2.689337968826294
-0.22032193839550018 0.9750789403915405 0.026063546538352966 0.44820836186408997 -0.014776313677430153 0.02338067628443241 -0.9996174573898315 -0.6407589912414551 -0.9753153324127197 -0.22062274813652039 0.009256766177713871 -2.6893844604492188
-0.22066038846969604 0.9749947786331177 0.026348859071731567 0.44798341393470764 -0.014431111514568329 0.023748112842440605 -0.9996138215065002 -0.6404021978378296 -0.9752439856529236 -0.22095540165901184 0.008829960599541664 -2.688577175140381
-0.2201048880815506 0.9750998616218567 0.027094680815935135 0.4483429491519928 -0.014879248104989529 0.02441655844449997 -0.9995911717414856 -0.6406453251838684 -0.9753627777099609 -0.2204180210828781 0.009134518913924694 -2.689558982849121
-0.22055521607398987 0.9750032424926758 0.02690899185836315 0.4480094015598297 -0.014363277703523636 0.02433871291577816 -0.9996005892753601 -0.6401689648628235 -0.9752687811851501 -0.22085359692573547 0.008636183105409145 -2.6883633136749268
-0.22064237296581268 0.9749901294708252 0.026669872924685478 0.4479619562625885 -0.014407078735530376 0.024082843214273453 -0.999606192111969 -0.6401546001434326 -0.975248396396637 -0.22093968093395233 0.008733034133911133 -2.6882925033569336
-0.2207886278629303 0.9749574065208435 0.02665616013109684 0.44802188873291016 -0.014382554218173027 0.024072999134659767 -0.9996067881584167 -0.6402263045310974 -0.9752156734466553 -0.22108516097068787 0.008707302622497082 -2.68807315826416
-0.22079508006572723 0.9749560356140137 0.026651281863451004 0.4479999542236328 -0.01438317820429802 0.024067798629403114 -0.9996069073677063 -0.6401974558830261 -0.9752141833305359 -0.22109158337116241 0.008708884939551353 -2.688042640686035
-0.2208349108695984 0.9749516844749451 0.02647952362895012 0.4480195939540863 -0.014234122820198536 0.02392512932419777 -0.9996124505996704 -0.6402133107185364 -0.9752073287963867 -0.22112621366977692 0.008594049140810966 -2.687796115875244
-0.22090835869312286 0.9749434590339661 0.026169737800955772 0.4480202794075012 -0.013900188729166985 0.02368258126080036 -0.9996229410171509 -0.6402190327644348 -0.9751955270767212 -0.22118879854679108 0.008320188149809837 -2.6877481937408447
-0.2210017889738083 0.9749191403388977 0.026286086067557335 0.448055624961853 -0.014034365303814411 0.023770613595843315 -0.9996189475059509 -0.6402473449707031 -0.9751724600791931 -0.22128644585609436 0.008428993634879589 -2.6877143383026123
-0.22057250142097473 0.9750211834907532 0.02610604092478752 0.4478484094142914 -0.013549847528338432 0.023699549958109856 -0.9996272921562195 -0.6407368183135986 -0.9752764701843262 -0.22084400057792664 0.007983889430761337 -2.6878793239593506
-0.22025330364704132 0.9750862717628479 0.02636968344449997 0.44835561513900757 -0.014162407256662846 0.023834001272916794 -0.9996156096458435 -0.6411466002464294 -0.975339949131012 -0.2205420732498169 0.00856002140790224 -2.6888768672943115
-0.22064518928527832 0.9749886989593506 0.026698866859078407 0.44803786277770996 -0.013849524781107903 0.02423885278403759 -0.9996103048324585 -0.6406255960464478 -0.9752558469772339 -0.22092893719673157 0.008154913783073425 -2.6881861686706543
-0.21996742486953735 0.9751450419425964 0.02658105455338955 0.44828560948371887 -0.013999112881720066 0.024090122431516647 -0.9996117949485779 -0.6410839557647705 -0.9754067659378052 -0.22025412321090698 0.008352093398571014 -2.6889750957489014
-0.21988032758235931 0.9751745462417603 0.02621731348335743 0.4479605257511139 -0.013588632456958294 0.023810673505067825 -0.9996241331100464 -0.6409785151481628 -0.9754322171211243 -0.22015391290187836 0.008015759289264679 -2.688443183898926
-0.21992142498493195 0.9751600623130798 0.02641061693429947 0.44792452454566956 -0.013660860247910023 0.023992173373699188 -0.9996188282966614 -0.6409295797348022 -0.9754219651222229 -0.2201983481645584 0.008045101538300514 -2.6885759830474854
-0.21992266178131104 0.9751597046852112 0.026412444189190865 0.44790682196617126 -0.013680892996490002 0.023989515379071236 -0.9996185898780823 -0.6409374475479126 -0.9754214286804199 -0.22020010650157928 0.008065187372267246 -2.6885852813720703
-0.22027947008609772 0.9750888347625732 0.02605288103222847 0.4478483498096466 -0.013334824703633785 0.023696135729551315 -0.9996302723884583 -0.6406116485595703 -0.9753456711769104 -0.22054541110992432 0.007782837375998497 -2.6880013942718506
-0.22035320103168488 0.9750819802284241 0.02568291500210762 0.4477255642414093 -0.013081330806016922 0.023373587056994438 -0.9996412396430969 -0.6407220959663391 -0.9753324389457703 -0.22061008214950562 0.007604895159602165 -2.6876609325408936
-0.22038330137729645 0.9750741124153137 0.025723742321133614 0.4477297365665436 -0.013053718954324722 0.023421449586749077 -0.9996404647827148 -0.6407865881919861 -0.9753260016441345 -0.22063982486724854 0.0075666168704628944 -2.6876919269561768
-0.2207307517528534 0.9749998450279236 0.025560645386576653 0.44802093505859375 -0.013213487342000008 0.023215264081954956 -0.9996432065963745 -0.6405585408210754 -0.9752452969551086 -0.22098970413208008 0.007758795283734798 -2.6876060962677
-0.22071775794029236 0.9750030040740967 0.025551384314894676 0.44803106784820557 -0.013215570710599422 0.023205403238534927 -0.9996433854103088 -0.6405456066131592 -0.9752482175827026 -0.22097669541835785 0.007763347122818232 -2.687587261199951
-0.22089728713035583 0.9749622344970703 0.0255556870251894 0.448047399520874 -0.013054084964096546 0.02324497140944004 -0.9996445775032043 -0.6405463814735413 -0.9752097129821777 -0.22115235030651093 0.007592459209263325 -2.6875739097595215
-0.2210097461938858 0.9749423265457153 0.025342460721731186 0.4481167495250702 -0.013215028680860996 0.022988924756646156 -0.99964839220047 -0.6404431462287903 -0.9751821160316467 -0.22126691043376923 0.0078030843287706375 -2.6875369548797607
-0.2213403880596161 0.9748646020889282 0.02544494904577732 0.4481256306171417 -0.013355695642530918 0.023059340193867683 -0.999644935131073 -0.6403836607933044 -0.9751051664352417 -0.22160159051418304 0.007916001603007317 -2.687671661376953
-0.221544086933136 0.974816083908081 0.025531137362122536 0.44808852672576904 -0.013457337394356728 0.02312290668487549 -0.9996420741081238 -0.6404304504394531 -0.9750575423240662 -0.22180834412574768 0.00799565576016903 -2.6877622604370117
-0.22152800858020782 0.9748181104660034 0.02559356391429901 0.4480680823326111 -0.013429314829409122 0.02319343201816082 -0.9996408224105835 -0.6404131650924683 -0.9750615358352661 -0.22179211676120758 0.007953113876283169 -2.68770170211792
-0.22155368328094482 0.9748134613037109 0.025549469515681267 0.44806939363479614 -0.013405992649495602 0.023153305053710938 -0.9996420741081238 -0.6404080986976624 -0.9750560522079468 -0.22181686758995056 0.007938611321151257 -2.687692880630493
-0.22157560288906097 0.9748103022575378 0.02548026479780674 0.4480634033679962 -0.013511337339878082 0.02305818721652031 -0.9996428489685059 -0.6403873562812805 -0.975049614906311 -0.22184070944786072 0.008061829023063183 -2.6877083778381348
-0.2216675728559494 0.9747886061668396 0.02550920844078064 0.44810110330581665 -0.013394927605986595 0.023113586008548737 -0.9996431469917297 -0.6404028534889221 -0.9750303030014038 -0.221930131316185 0.0079336604103446 -2.687718152999878
-0.221746563911438 0.9747797250747681 0.02516058459877968 0.44812706112861633 -0.013374533504247665 0.022760050371289253 -0.9996514916419983 -0.6404596567153931 -0.9750126600265503 -0.22200576961040497 0.007990230806171894 -2.6874802112579346
-0.22167298197746277 0.9748009443283081 0.024985047057271004 0.4479539096355438 -0.01341550424695015 0.02257133089005947 -0.9996552467346191 -0.6404066681861877 -0.9750288128852844 -0.22193171083927155 0.008073961362242699 -2.6876089572906494
-0.22172550857067108 0.974789559841156 0.024962257593870163 0.44798463582992554 -0.01338226068764925 0.02255508117377758 -0.999656081199646 -0.6404418349266052 -0.9750173091888428 -0.22198326885700226 0.008043821901082993 -2.6876773834228516
-0.22174327075481415 0.9747849702835083 0.024983970448374748 0.44797903299331665 -0.013364234007894993 0.022581303492188454 -0.9996557235717773 -0.640444278717041 -0.9750135540962219 -0.22200077772140503 0.00801997259259224 -2.687681198120117
-0.22147133946418762 0.9748563170433044 0.024610934779047966 0.4477258026599884 -0.013166163116693497 0.022246109321713448 -0.9996658563613892 -0.6406497955322266 -0.9750780463218689 -0.2217213362455368 0.007908211089670658 -2.6875810623168945
-0.22157688438892365 0.9748309254646301 0.024666806682944298 0.4477333426475525 -0.013061100617051125 0.022326428443193436 -0.9996654391288757 -0.6407214999198914 -0.975055456161499 -0.22182489931583405 0.0077853137627244 -2.687678098678589
-0.2218453735113144 0.9747699499130249 0.02466166764497757 0.4478480815887451 -0.013163751922547817 0.022295575588941574 -0.9996647834777832 -0.6405929327011108 -0.9749930500984192 -0.22209560871124268 0.007885430008172989 -2.6877477169036865
-0.22195768356323242 0.9747458100318909 0.024604933336377144 0.44794762134552 -0.013335487805306911 0.022197319194674492 -0.9996646642684937 -0.640487790107727 -0.9749651551246643 -0.2222113460302353 0.008071815595030785 -2.6878151893615723
-0.22207927703857422 0.9747189879417419 0.024571014568209648 0.44802552461624146 -0.013227558694779873 0.02218611352145672 -0.9996663928031921 -0.6403219699859619 -0.9749389290809631 -0.22233018279075623 0.00796604622155428 -2.6877686977386475
-0.222089022397995 0.9747171401977539 0.024557555094361305 0.44803228974342346 -0.013211294077336788 0.02217593789100647 -0.9996668100357056 -0.6403079032897949 -0.9749369025230408 -0.2223394364118576 0.007952212356030941 -2.6877737045288086
-0.22209319472312927 0.9747162461280823 0.02455383911728859 0.4480394721031189 -0.01321124192327261 0.022172104567289352 -0.9996668696403503 -0.640293538570404 -0.9749359488487244 -0.2223435789346695 0.007952908985316753 -2.687779664993286
-0.22177211940288544 0.9747931361198425 0.024402718991041183 0.4477357566356659 -0.012731646187603474 0.02212901972234249 -0.9996740818023682 -0.6404969692230225 -0.97501540184021 -0.22201049327850342 0.00750309182330966 -2.687758207321167
-0.22186101973056793 0.9747762084007263 0.02427021600306034 0.4479392170906067 -0.01282895915210247 0.021970264613628387 -0.9996763467788696 -0.6403310894966125 -0.9749939441680908 -0.22210054099559784 0.007630988955497742 -2.6876580715179443
-0.22218576073646545 0.9746984243392944 0.02442360855638981 0.44803884625434875 -0.013114362955093384 0.022059865295886993 -0.999670684337616 -0.6403367519378662 -0.9749161601066589 -0.22243285179138184 0.007881131023168564 -2.687727928161621
-0.22237597405910492 0.9746541380882263 0.02446042187511921 0.4480522871017456 -0.01303589716553688 0.022113963961601257 -0.9996705055236816 -0.6403243541717529 -0.9748738408088684 -0.22262153029441833 0.007787846028804779 -2.68772029876709
-0.22237542271614075 0.9746526479721069 0.024525292217731476 0.44803887605667114 -0.013219930231571198 0.022138480097055435 -0.9996675252914429 -0.6403605937957764 -0.9748715162277222 -0.22262567281723022 0.007961755618453026 -2.6877496242523193
-0.22238659858703613 0.9746503829956055 0.02451380528509617 0.4480489492416382 -0.013201172463595867 0.02213088795542717 -0.9996679425239563 -0.6403557658195496 -0.9748691916465759 -0.22263634204864502 0.007944884710013866 -2.687753438949585
-0.22247149050235748 0.9746301770210266 0.024545880034565926 0.4480535686016083 -0.013327090069651604 0.022134307771921158 -0.9996662139892578 -0.6403859257698059 -0.9748481512069702 -0.2227243185043335 0.008064701221883297 -2.687802791595459
-0.22262340784072876 0.9745922088623047 0.024676088243722916 0.4480251669883728 -0.013401679694652557 0.022249523550271988 -0.9996626377105713 -0.6403436660766602 -0.9748124480247498 -0.22287897765636444 0.008107878267765045 -2.687783718109131
-0.2226402461528778 0.9745886325836182 0.02466564252972603 0.4480297565460205 -0.013416159898042679 0.022235354408621788 -0.9996627569198608 -0.6403368711471558 -0.974808394908905 -0.2228960543870926 0.008124721236526966 -2.6877870559692383
-0.22251687943935394 0.9746201038360596 0.02453446201980114 0.44805043935775757 -0.013281813822686672 0.02213255688548088 -0.9996668696403503 -0.6402822136878967 -0.974838376045227 -0.22276857495307922 0.00801982544362545 -2.6876962184906006
-0.2225015014410019 0.9746233224868774 0.024546027183532715 0.4480705261230469 -0.013256425969302654 0.022150352597236633 -0.9996668100357056 -0.6402628421783447 -0.9748422503471375 -0.22275272011756897 0.007991505786776543 -2.687696695327759
-0.22255951166152954 0.9746028184890747 0.024832259863615036 0.4480540156364441 -0.013261567801237106 0.022442281246185303 -0.9996601939201355 -0.6402612328529358 -0.9748289585113525 -0.22281315922737122 0.007929989136755466 -2.687685489654541
-0.22258135676383972 0.9746007323265076 0.024717966094613075 0.4480421245098114 -0.01334941852837801 0.022304782643914223 -0.9996621012687683 -0.6403166651725769 -0.9748227596282959 -0.22283609211444855 0.008045694790780544 -2.6876273155212402
-0.22258630394935608 0.9745997786521912 0.02471197582781315 0.4480433762073517 -0.01332359854131937 0.02230449952185154 -0.999662458896637 -0.6403127312660217 -0.9748219847679138 -0.22284039855003357 0.008020469918847084 -2.687622547149658
-0.2226206660270691 0.9745941758155823 0.024621786549687386 0.44805702567100525 -0.013369153253734112 0.022201286628842354 -0.9996641278266907 -0.6403911113739014 -0.9748135209083557 -0.22287504374980927 0.008087004534900188 -2.687426805496216
-0.22267985343933105 0.9745798110961914 0.024656448513269424 0.44807153940200806 -0.013333786278963089 0.022244423627853394 -0.9996636509895325 -0.6403855085372925 -0.9748004674911499 -0.22293369472026825 0.008041424676775932 -2.687372922897339
-0.2225220501422882 0.9746225476264954 0.02439122647047043 0.4480920732021332 -0.013263103552162647 0.02198987454175949 -0.9996702671051025 -0.6403605937957764 -0.9748374819755554 -0.22277215123176575 0.00803325790911913 -2.6873321533203125
-0.22233228385448456 0.9746689200401306 0.024267785251140594 0.4477269947528839 -0.013099041767418385 0.021902328357100487 -0.9996743202209473 -0.6406556963920593 -0.974882960319519 -0.22257772088050842 0.007897604256868362 -2.687154769897461
-0.22226043045520782 0.9746901392936707 0.024073099717497826 0.4476343095302582 -0.013013871386647224 0.021722687408328056 -0.9996793270111084 -0.640760064125061 -0.974900484085083 -0.22250241041183472 0.007856368087232113 -2.6872174739837646
-0.2222997546195984 0.9746866822242737 0.023849256336688995 0.4478222727775574 -0.01302078552544117 0.021491197869181633 -0.9996842741966248 -0.6405550837516785 -0.9748914241790771 -0.22254006564617157 0.00791366770863533 -2.6873137950897217
-0.22230368852615356 0.9746830463409424 0.02396101877093315 0.4478423595428467 -0.012993368320167065 0.021612053737044334 -0.9996820092201233 -0.6405773162841797 -0.974890947341919 -0.22254429757595062 0.00785994715988636 -2.6873366832733154
-0.2219627946615219 0.9747658371925354 0.023751065135002136 0.44781360030174255 -0.012692533433437347 0.021468114107847214 -0.999688982963562 -0.6405575275421143 -0.9749725461006165 -0.22219519317150116 0.007607095874845982 -2.6872191429138184
-0.221984401345253 0.9747604727745056 0.023770105093717575 0.44781842827796936 -0.012693056836724281 0.021487347781658173 -0.9996885657310486 -0.6405583024024963 -0.9749675989151001 -0.22221696376800537 0.007602803874760866 -2.687218189239502
-0.22197866439819336 0.9747703075408936 0.023418515920639038 0.4476964473724365 -0.012523838318884373 0.021165380254387856 -0.9996975660324097 -0.6405318975448608 -0.9749711155891418 -0.22220478951931 0.007509572431445122 -2.68731951713562
-0.22163666784763336 0.9748525023460388 0.023235000669956207 0.44759541749954224 -0.01226138137280941 0.021039608865976334 -0.9997034668922424 -0.6406470537185669 -0.9750522375106812 -0.22185581922531128 0.007289859000593424 -2.687242031097412
-0.22166121006011963 0.9748467803001404 0.02324005961418152 0.44759008288383484 -0.012288828380405903 0.021038362756371498 -0.9997031688690186 -0.6406554579734802 -0.9750463366508484 -0.2218809723854065 0.00731630576774478 -2.6872377395629883
-0.22164469957351685 0.9748533964157104 0.023121289908885956 0.44774243235588074 -0.012094858102500439 0.02096082828938961 -0.9997071623802185 -0.6404865980148315 -0.975052535533905 -0.221859410405159 0.007144826930016279 -2.6871583461761475
-0.221708282828331 0.9748392105102539 0.023109108209609985 0.4478549361228943 -0.012205177918076515 0.020922748371958733 -0.9997066259384155 -0.6404204368591309 -0.9750366806983948 -0.2219252586364746 0.0072593092918396 -2.687180995941162
-0.2216939479112625 0.9748426079750061 0.02310257963836193 0.4478718936443329 -0.012168805114924908 0.020924441516399384 -0.999707043170929 -0.6404092311859131 -0.9750403761863708 -0.22191008925437927 0.007223818451166153 -2.687180519104004
-0.22230985760688782 0.9746845364570618 0.023840932175517082 0.4480973780155182 -0.012182836420834064 0.021673858165740967 -0.9996908903121948 -0.6405106782913208 -0.97489994764328 -0.22253155708312988 0.007056080736219883 -2.686821222305298
-0.22232644259929657 0.9746764302253723 0.024019313976168633 0.44798967242240906 -0.012380149215459824 0.021811649203300476 -0.9996854662895203 -0.640410304069519 -0.9748936891555786 -0.22255384922027588 0.007217302918434143 -2.6870651245117188
-0.22215868532657623 0.9747162461280823 0.023953942582011223 0.4477129876613617 -0.012074442580342293 0.02181560918688774 -0.9996891021728516 -0.6404509544372559 -0.97493577003479 -0.22237882018089294 0.0069225989282131195 -2.6870944499969482
-0.2221204936504364 0.9747248888015747 0.023956062272191048 0.44770747423171997 -0.012052514590322971 0.021823063492774963 -0.9996892213821411 -0.6404497623443604 -0.9749447703361511 -0.2223401665687561 0.006900506094098091 -2.6870923042297363
-0.22214768826961517 0.9747186303138733 0.02395956590771675 0.44770151376724243 -0.012060513719916344 0.021824633702635765 -0.9996891021728516 -0.640446126461029 -0.9749384522438049 -0.2223675549030304 0.006907285191118717 -2.6870903968811035
-0.22199305891990662 0.9747620820999146 0.02362230233848095 0.447767049074173 -0.011854114942252636 0.02152690850198269 -0.9996980428695679 -0.6403707265853882 -0.9749762415885925 -0.2222060114145279 0.006776087451726198 -2.6871228218078613
-0.2220061868429184 0.9747587442398071 0.023635709658265114 0.4477787911891937 -0.011823613196611404 0.02154751494526863 -0.9996979236602783 -0.640361487865448 -0.9749736189842224 -0.2222185581922531 0.0067414590157568455 -2.687119722366333
-0.2220572978258133 0.9747514128684998 0.02345876581966877 0.4478777348995209 -0.011852388270199299 0.021359119564294815 -0.9997016191482544 -0.6403235793113708 -0.9749615788459778 -0.22226905822753906 0.0068101538345217705 -2.686981439590454
-0.22205831110477448 0.974750280380249 0.023494703695178032 0.44789549708366394 -0.011846383102238178 0.021397341042757034 -0.9997009038925171 -0.640316903591156 -0.9749614596366882 -0.2222701907157898 0.006795778404921293 -2.68696928024292
-0.22181369364261627 0.9748122692108154 0.023233724758028984 0.4477194547653198 -0.011476653628051281 0.021215638145804405 -0.9997090697288513 -0.6405600309371948 -0.9750215411186218 -0.22201578319072723 0.006481633521616459 -2.686894416809082
-0.22189712524414062 0.9747917652130127 0.023297687992453575 0.44770175218582153 -0.011696888133883476 0.02123049646615982 -0.9997062087059021 -0.6405351161956787 -0.9749999642372131 -0.22210441529750824 0.006691013928502798 -2.6869821548461914
-0.2219517081975937 0.974777102470398 0.023390287533402443 0.4478576183319092 -0.011763878166675568 0.02130981534719467 -0.9997037053108215 -0.6402798295021057 -0.974986732006073 -0.22216106951236725 0.00673737982288003 -2.686946153640747
-0.22165881097316742 0.9748515486717224 0.023062685504555702 0.4475560188293457 -0.01147852186113596 0.021040866151452065 -0.9997127652168274 -0.6404783129692078 -0.9750567674636841 -0.22185982763767242 0.006525931414216757 -2.6868903636932373
-0.22171948850154877 0.9748377799987793 0.023062368854880333 0.44755062460899353 -0.011489729396998882 0.021037574857473373 -0.9997127056121826 -0.6404809355735779 -0.9750428199768066 -0.22192072868347168 0.006536151748150587 -2.6868844032287598
-0.22148068249225616 0.9748983979225159 0.02279171161353588 0.44748470187187195 -0.011209907941520214 0.020825281739234924 -0.9997203350067139 -0.6406548619270325 -0.9751003384590149 -0.22167420387268066 0.006316093262284994 -2.6868278980255127
-0.22147883474826813 0.9748988747596741 0.022788645699620247 0.44747626781463623 -0.011217637918889523 0.020820392295718193 -0.9997203350067139 -0.6406744122505188 -0.9751006960868835 -0.22167250514030457 0.00632475595921278 -2.686821222305298
-0.22174249589443207 0.9748309254646301 0.023131031543016434 0.4478887915611267 -0.01151262130588293 0.021102620288729668 -0.9997110366821289 -0.6402075886726379 -0.9750373363494873 -0.2219446897506714 0.006543481722474098 -2.6869356632232666
-0.22162583470344543 0.9748486280441284 0.023499295115470886 0.44798311591148376 -0.011744578368961811 0.02142830565571785 -0.9997014403343201 -0.6401910781860352 -0.9750610589981079 -0.22183562815189362 0.006700090132653713 -2.687164783477783
-0.2216346114873886 0.9748468399047852 0.023491259664297104 0.4480043053627014 -0.011759580112993717 0.021416589617729187 -0.9997014999389648 -0.6401742696762085 -0.975058913230896 -0.22184467315673828 0.006717102136462927 -2.6871702671051025
-0.22162573039531708 0.9748488664627075 0.023489324375987053 0.44803333282470703 -0.011793323792517185 0.0214069914072752 -0.9997013211250305 -0.6401540637016296 -0.9750605225563049 -0.22183652222156525 0.006752338260412216 -2.6871774196624756
-0.2215392142534256 0.9748748540878296 0.023227447643876076 0.44761624932289124 -0.0115719735622406 0.02118939533829689 -0.9997085332870483 -0.6404113173484802 -0.9750828146934509 -0.2217433899641037 0.006586913950741291 -2.6870408058166504
-0.2215735763311386 0.9748671650886536 0.023220296949148178 0.4476062059402466 -0.011552899144589901 0.021186163648962975 -0.9997088313102722 -0.6404199004173279 -0.9750752449035645 -0.2217772901058197 0.006568219047039747 -2.6870388984680176
-0.2213914692401886 0.9749166369438171 0.02287881448864937 0.44750499725341797 -0.01122533529996872 0.0209116879850626 -0.9997183084487915 -0.6403704881668091 -0.9751204252243042 -0.22158589959144592 0.006314067170023918 -2.6870296001434326
-0.22139891982078552 0.9749149084091187 0.02287941239774227 0.4475024938583374 -0.01120168436318636 0.020917626097798347 -0.9997184872627258 -0.6403722763061523 -0.9751189947128296 -0.22159284353256226 0.006289519369602203 -2.6870312690734863
-0.22139763832092285 0.9749152660369873 0.022878525778651237 0.4474942088127136 -0.011193797923624516 0.02091851830482483 -0.9997185468673706 -0.6403741240501404 -0.975119411945343 -0.22159139811992645 0.006281663663685322 -2.6870341300964355
-0.2215508222579956 0.9748764038085938 0.023048928007483482 0.44766393303871155 -0.011291686445474625 0.02106999047100544 -0.9997142553329468 -0.6403346657752991 -0.9750834703445435 -0.2217477411031723 0.006339895538985729 -2.6869771480560303
-0.22196072340011597 0.9747775793075562 0.02328387461602688 0.4478595554828644 -0.01171150989830494 0.02121254988014698 -0.9997063875198364 -0.6402280330657959 -0.9749853014945984 -0.2221682220697403 0.006707734428346157 -2.6868209838867188
-0.2219509482383728 0.9747796058654785 0.023293310776352882 0.44787299633026123 -0.011709676124155521 0.021222714334726334 -0.9997062087059021 -0.6402209401130676 -0.9749875664710999 -0.22215847671031952 0.006703921593725681 -2.6868093013763428
-0.22193636000156403 0.9747826457023621 0.023305770009756088 0.4478967487812042 -0.011715524829924107 0.021234264597296715 -0.9997059106826782 -0.6402159929275513 -0.9749907851219177 -0.22214409708976746 0.0067074052058160305 -2.6867916584014893
-0.22204087674617767 0.974754810333252 0.02347288653254509 0.44788938760757446 -0.01187705434858799 0.02136809751391411 -0.9997011423110962 -0.6401973366737366 -0.9749650359153748 -0.22225327789783478 0.006832594983279705 -2.6868629455566406
-0.2221388816833496 0.9747292995452881 0.0236055925488472 0.4478209614753723 -0.012018118053674698 0.021471327170729637 -0.9996972680091858 -0.6402004361152649 -0.9749410152435303 -0.22235529124736786 0.006944764871150255 -2.687018394470215
-0.222163125872612 0.9747236967086792 0.023608669638633728 0.4478263556957245 -0.012038030661642551 0.021469764411449432 -0.9996970295906067 -0.64020174741745 -0.9749352335929871 -0.22237999737262726 0.006963933818042278 -2.6870148181915283
-0.22215168178081512 0.9747298359870911 0.02346171624958515 0.4478321671485901 -0.011970281600952148 0.021334581077098846 -0.9997007250785828 -0.640225350856781 -0.974938690662384 -0.22236600518226624 0.00692824786528945 -2.6869924068450928
-0.2220955491065979 0.9747428894042969 0.0234509464353323 0.44786348938941956 -0.01201894786208868 0.02131284959614277 -0.9997006058692932 -0.6402508020401001 -0.9749508500099182 -0.2223108857870102 0.006981865037232637 -2.6869451999664307
-0.22212260961532593 0.9747344851493835 0.0235423780977726 0.4479009211063385 -0.012174240313470364 0.021371008828282356 -0.9996975064277649 -0.6401761174201965 -0.9749427437782288 -0.22234199941158295 0.007119637914001942 -2.6870081424713135
-0.222128763794899 0.974733293056488 0.023534312844276428 0.44791898131370544 -0.012196789495646954 0.021357547491788864 -0.9996975064277649 -0.6401668787002563 -0.974941074848175 -0.22234858572483063 0.007144460920244455 -2.6870100498199463
-0.22190265357494354 0.9747874140739441 0.023424748331308365 0.4476773142814636 -0.011917993426322937 0.02131039649248123 -0.9997019171714783 -0.6404536366462708 -0.974996030330658 -0.2221156507730484 0.006888647098094225 -2.6868093013763428
-0.22189630568027496 0.9747883677482605 0.02344539575278759 0.4476698637008667 -0.01192584726959467 0.02132982760667801 -0.9997013807296753 -0.6404674649238586 -0.974997341632843 -0.2221096307039261 0.006892137695103884 -2.6868057250976562
-0.2219078689813614 0.9747864007949829 0.023418616503477097 0.4476515054702759 -0.011901486665010452 0.02130782976746559 -0.9997021555900574 -0.6404979228973389 -0.9749950170516968 -0.222120463848114 0.006873002275824547 -2.686790704727173
-0.2221173346042633 0.9747382998466492 0.023433897644281387 0.4478543996810913 -0.012091824784874916 0.021278582513332367 -0.9997004866600037 -0.6403446793556213 -0.9749450087547302 -0.2223341464996338 0.007059993222355843 -2.6868598461151123
-0.22201865911483765 0.9747692942619324 0.023077115416526794 0.44776418805122375 -0.01185399480164051 0.020967615768313408 -0.9997099041938782 -0.6403964161872864 -0.9749704003334045 -0.2222277820110321 0.006899678613990545 -2.6866908073425293
-0.2220086306333542 0.9747708439826965 0.02310977689921856 0.447767436504364 -0.011855138465762138 0.021000925451517105 -0.9997091889381409 -0.6403959393501282 -0.974972665309906 -0.22221800684928894 0.006893626414239407 -2.6866822242736816
-0.22201783955097198 0.974768877029419 0.023104779422283173 0.4477729797363281 -0.011851396411657333 0.020996585488319397 -0.9997093081474304 -0.6403965950012207 -0.9749705791473389 -0.2222270965576172 0.006890725810080767 -2.6866698265075684
-0.22212335467338562 0.9747444987297058 0.023119093850255013 0.4478742778301239 -0.01183768268674612 0.02101362869143486 -0.9997091293334961 -0.6402679085731506 -0.9749467372894287 -0.22233238816261292 0.006871068384498358 -2.686789035797119
-0.2223193347454071 0.9746976494789124 0.02320810593664646 0.44780057668685913 -0.011937931180000305 0.021080628037452698 -0.999706506729126 -0.6401217579841614 -0.9749008417129517 -0.22253112494945526 0.006949212867766619 -2.686854362487793
-0.22248682379722595 0.974652886390686 0.0234820656478405 0.4477420151233673 -0.012070707976818085 0.02133006975054741 -0.9996996521949768 -0.6401987075805664 -0.9748610258102417 -0.22270341217517853 0.007019060663878918 -2.686844825744629
