# 3x4 first row second row third row Freq: 250 current Time: 2020-10-02-14:02:01
-0.08284281194210052 0.996016800403595 0.03297971189022064 0.08161940425634384 -0.005954592954367399 0.03259812295436859 -0.9994508028030396 -0.6498322486877441 -0.9965448379516602 -0.08299367129802704 0.0032303279731422663 -2.4555373191833496
-0.0826750323176384 0.9960436820983887 0.03258610516786575 0.08159014582633972 -0.005563332233577967 0.03223622590303421 -0.9994648098945618 -0.6497880816459656 -0.9965610504150391 -0.08281204849481583 0.002876164624467492 -2.455117702484131
-0.08283532410860062 0.9960373044013977 0.03237339109182358 0.08172260224819183 -0.005651353392750025 0.032014988362789154 -0.9994714260101318 -0.6496277451515198 -0.9965472221374512 -0.08297447115182877 0.0029769609682261944 -2.455094814300537
-0.08289168775081635 0.996038019657135 0.032206498086452484 0.08176296204328537 -0.005696566309779882 0.03184358403086662 -0.9994766712188721 -0.6495225429534912 -0.9965423345565796 -0.08303175121545792 0.0030344019178301096 -2.455143451690674
-0.08302920311689377 0.9960271716117859 0.032188281416893005 0.08170615881681442 -0.0056745256297290325 0.031826723366975784 -0.9994773268699646 -0.649554967880249 -0.9965310096740723 -0.08316843211650848 0.0030094082467257977 -2.4549367427825928
-0.08313221484422684 0.9960147738456726 0.03230641409754753 0.08174922317266464 -0.005530932918190956 0.031956952065229416 -0.9994739890098572 -0.6495872735977173 -0.9965232014656067 -0.08326714485883713 0.0028522121720016003 -2.4549694061279297
-0.08321800827980042 0.9960089921951294 0.03226263448596001 0.08171610534191132 -0.005840224213898182 0.03188690170645714 -0.9994744658470154 -0.6495488882064819 -0.9965142607688904 -0.08336266875267029 0.0031633253674954176 -2.455211877822876
-0.08322039991617203 0.9960131049156189 0.03213018923997879 0.0817248746752739 -0.005781958345323801 0.031758863478899 -0.9994788765907288 -0.6495761275291443 -0.9965144395828247 -0.08336278051137924 0.003115894505754113 -2.4549996852874756
-0.08326659351587296 0.9960119128227234 0.03204607591032982 0.08174911886453629 -0.005746154114603996 0.031677309423685074 -0.9994816780090332 -0.6495487689971924 -0.9965107440948486 -0.08340755105018616 0.003085549920797348 -2.45489239692688
-0.08352959901094437 0.9959880113601685 0.03210587054491043 0.08180420100688934 -0.005744811147451401 0.03173660859465599 -0.9994797706604004 -0.6495355367660522 -0.9964887499809265 -0.08367056399583817 0.0030707900878041983 -2.455085277557373
-0.08336693793535233 0.9960156083106995 0.03166816383600235 0.08167552947998047 -0.005648022051900625 0.031305987387895584 -0.9994938969612122 -0.6496354937553406 -0.9965029358863831 -0.08350358158349991 0.0030156078282743692 -2.454918622970581
-0.08332224935293198 0.9960200190544128 0.031647250056266785 0.08167465031147003 -0.005658771842718124 0.031284235417842865 -0.9994945526123047 -0.6496405005455017 -0.9965066313743591 -0.08345919102430344 0.003029551124200225 -2.4549036026000977
-0.08332858234643936 0.9960196018218994 0.03164328634738922 0.08167262375354767 -0.0056589399464428425 0.03128022700548172 -0.9994946718215942 -0.64964359998703 -0.9965060949325562 -0.08346551656723022 0.0030298521742224693 -2.4548897743225098
-0.08344139903783798 0.99600750207901 0.03172812610864639 0.08171070367097855 -0.0055345348082482815 0.031375452876091 -0.999492347240448 -0.6496846079826355 -0.9964973330497742 -0.08357461541891098 0.002894400153309107 -2.454948663711548
-0.08340034633874893 0.9960154891014099 0.03158434107899666 0.08180978894233704 -0.005554988980293274 0.031229570508003235 -0.9994968175888062 -0.649478018283844 -0.9965006709098816 -0.08353380858898163 0.002928271656855941 -2.455008029937744
-0.08340835571289062 0.9960148334503174 0.031584374606609344 0.0818161815404892 -0.005523215513676405 0.03123224526643753 -0.9994969367980957 -0.6494726538658142 -0.9965001940727234 -0.08354081958532333 0.0028961480129510164 -2.4550061225891113
-0.08340484648942947 0.9960138201713562 0.03162563592195511 0.08182473480701447 -0.005574112292379141 0.03126939386129379 -0.9994954466819763 -0.6494689583778381 -0.9965001940727234 -0.08353902399539948 0.0029438473284244537 -2.455003499984741
-0.08339477330446243 0.9960146546363831 0.03162546455860138 0.0818353220820427 -0.005570647306740284 0.03126954287290573 -0.9994955062866211 -0.6494617462158203 -0.9965010285377502 -0.08352884650230408 0.002940703881904483 -2.455003261566162
-0.08365334570407867 0.9959896802902222 0.03172886744141579 0.08172213286161423 -0.0054393187165260315 0.031383585184812546 -0.9994926452636719 -0.6494448184967041 -0.9964801073074341 -0.08378345519304276 0.0027921374421566725 -2.454958915710449
-0.08338510245084763 0.9960193037986755 0.031503498554229736 0.08149684965610504 -0.005350758787244558 0.031165607273578644 -0.9994999170303345 -0.6496379971504211 -0.9965030550956726 -0.08351194113492966 0.0027306857518851757 -2.454627513885498
-0.08351900428533554 0.996005117893219 0.0315978117287159 0.08151832967996597 -0.005190371535718441 0.03127334639430046 -0.9994974136352539 -0.6497737169265747 -0.9964926838874817 -0.08364100754261017 0.0025576918851584196 -2.4547438621520996
-0.0831015333533287 0.9960362911224365 0.03171507641673088 0.08200651407241821 -0.00563550740480423 0.03135491535067558 -0.9994924664497375 -0.6498416662216187 -0.9965251684188843 -0.08323805779218674 0.003007502295076847 -2.4556643962860107
-0.08253765851259232 0.9960816502571106 0.031762830913066864 0.08207546174526215 -0.006059984210878611 0.03136933222413063 -0.9994894862174988 -0.6500190496444702 -0.9965695738792419 -0.08268798142671585 0.0034470618702471256 -2.4561502933502197
-0.08238018304109573 0.9961076378822327 0.03135525435209274 0.08191468566656113 -0.006099814549088478 0.03095761500298977 -0.9995021224021912 -0.6499943733215332 -0.9965823292732239 -0.08253040164709091 0.003525751642882824 -2.4563586711883545
-0.08237013965845108 0.9961073398590088 0.03139059245586395 0.08193282037973404 -0.00608854740858078 0.03099404089152813 -0.9995010495185852 -0.6500205397605896 -0.9965832233428955 -0.08252013474702835 0.0035118372179567814 -2.4564077854156494
-0.08245392143726349 0.9960954785346985 0.03154716640710831 0.08178780972957611 -0.006076605059206486 0.031151844188570976 -0.9994962215423584 -0.6497140526771545 -0.9965763688087463 -0.0826040580868721 0.0034842609893530607 -2.4560437202453613
-0.08260133862495422 0.9960813522338867 0.03160681575536728 0.08175735920667648 -0.006043418310582638 0.03121393360197544 -0.9994944930076599 -0.6495321989059448 -0.9965643882751465 -0.08275057375431061 0.0034413973335176706 -2.4557878971099854
-0.08198881894350052 0.9961208701133728 0.031955502927303314 0.08197630941867828 -0.006781734060496092 0.03150506690144539 -0.9994806051254272 -0.6498358249664307 -0.9966102242469788 -0.08216291666030884 0.004172337241470814 -2.4566843509674072
-0.0820237547159195 0.9961187243461609 0.03193163126707077 0.08199366182088852 -0.00680806627497077 0.031478796154260635 -0.9994812607765198 -0.6498447060585022 -0.9966071248054504 -0.08219857513904572 0.00419960729777813 -2.456728458404541
-0.08189856261014938 0.99611496925354 0.032366614788770676 0.08177748322486877 -0.006708940025418997 0.031923938542604446 -0.9994677901268005 -0.6497849225997925 -0.9966180920600891 -0.08207209408283234 0.004068324808031321 -2.456321954727173
-0.08169549703598022 0.9961272478103638 0.032501839101314545 0.08186454325914383 -0.0074378736317157745 0.03200056031346321 -0.9994602203369141 -0.6498896479606628 -0.9966295957565308 -0.08189311623573303 0.004794740583747625 -2.4567205905914307
-0.08170478045940399 0.996126115322113 0.032513219863176346 0.08187149465084076 -0.0074323369190096855 0.03201238811016083 -0.9994598627090454 -0.6498977541923523 -0.9966288805007935 -0.08190227299928665 0.004787954036146402 -2.456754684448242
-0.08173160254955292 0.9961302876472473 0.032318491488695145 0.08167347311973572 -0.007038809359073639 0.03184922784566879 -0.9994679093360901 -0.6497194170951843 -0.996629536151886 -0.08191557228565216 0.004408456385135651 -2.456024408340454
-0.08180879056453705 0.9961254000663757 0.03227259963750839 0.08169041574001312 -0.006876537576317787 0.031816188246011734 -0.9994701147079468 -0.6494386792182922 -0.9966243505477905 -0.08198734372854233 0.0042470237240195274 -2.4556074142456055
-0.08207196742296219 0.9960995316505432 0.03240274637937546 0.08167526125907898 -0.006810782011598349 0.03195107728242874 -0.9994662404060364 -0.6493805646896362 -0.9966031312942505 -0.08224882185459137 0.004161903169006109 -2.455345630645752
-0.08208879828453064 0.9960960745811462 0.03246638923883438 0.08169952780008316 -0.00682585034519434 0.03201361745595932 -0.9994641542434692 -0.6495223045349121 -0.9966016411781311 -0.08226639777421951 0.004171216860413551 -2.455197811126709
-0.08209129422903061 0.9960964322090149 0.0324501134455204 0.08169622719287872 -0.006841707043349743 0.031995970755815506 -0.9994646310806274 -0.6495168805122375 -0.9966013431549072 -0.0822693258523941 0.004188383463770151 -2.455179452896118
-0.08208409696817398 0.9960978031158447 0.03242473676800728 0.08169186860322952 -0.006848843302577734 0.03196994960308075 -0.9994654059410095 -0.6495054960250854 -0.9966018795967102 -0.08226225525140762 0.004197867587208748 -2.4551541805267334
-0.08250531554222107 0.9960570335388184 0.032609350979328156 0.08168353140354156 -0.006576923653483391 0.03217597305774689 -0.9994605779647827 -0.6493892669677734 -0.9965689778327942 -0.08267524838447571 0.003896275768056512 -2.45503306388855
-0.08248766511678696 0.9960581064224243 0.03261973336338997 0.08168022334575653 -0.0065588620491325855 0.03218796104192734 -0.9994603395462036 -0.6493707895278931 -0.9965705275535583 -0.08265706896781921 0.0038778719026595354 -2.4550015926361084
-0.08268751949071884 0.9960427284240723 0.032584723085165024 0.08175589889287949 -0.0068122209049761295 0.03213098645210266 -0.9994604587554932 -0.6493903398513794 -0.9965522885322571 -0.08286485075950623 0.00412840535864234 -2.4550554752349854
-0.08293234556913376 0.9960201382637024 0.03265249356627464 0.08176296949386597 -0.006829914171248674 0.03219649940729141 -0.9994582533836365 -0.6494545936584473 -0.9965317845344543 -0.08311040699481964 0.004132574889808893 -2.4550466537475586
-0.08292250335216522 0.9960208535194397 0.032655563205480576 0.08176274597644806 -0.00682701263576746 0.032199859619140625 -0.9994581341743469 -0.6494503617286682 -0.9965326189994812 -0.08310048282146454 0.004129727371037006 -2.4550282955169678
-0.08312158286571503 0.9960130453109741 0.032386716455221176 0.08180706948041916 -0.006522700190544128 0.03195469081401825 -0.9994680881500244 -0.6495339870452881 -0.996518075466156 -0.08328859508037567 0.0038405435625463724 -2.4546375274658203
-0.08295278996229172 0.9960507750511169 0.03164992853999138 0.08173947781324387 -0.006382311228662729 0.03122772090137005 -0.9994919300079346 -0.6494351625442505 -0.9965330958366394 -0.08311261981725693 0.003766653360798955 -2.4545700550079346
-0.08306724578142166 0.996038556098938 0.03173521161079407 0.08180367946624756 -0.006330044940114021 0.03131723031401634 -0.9994894862174988 -0.649486243724823 -0.9965238571166992 -0.08322569727897644 0.0037035064306110144 -2.4546008110046387
-0.0830986499786377 0.9960355162620544 0.031747423112392426 0.08192048966884613 -0.006425777915865183 0.03132136911153793 -0.9994887113571167 -0.6493974328041077 -0.9965206384658813 -0.08326014131307602 0.0037975136656314135 -2.4546384811401367
-0.08343856036663055 0.9960048794746399 0.0318179614841938 0.08186837285757065 -0.006465160753577948 0.03138754889369011 -0.9994863867759705 -0.6494617462158203 -0.9964919686317444 -0.08360138535499573 0.0038203734438866377 -2.4548561573028564
-0.08335905522108078 0.9960148334503174 0.03171432018280029 0.08182333409786224 -0.00658603897318244 0.031273722648620605 -0.9994891881942749 -0.6494223475456238 -0.9964978694915771 -0.08352531492710114 0.0039528184570372105 -2.454972267150879
-0.0833582803606987 0.9960150122642517 0.031710658222436905 0.08182752877473831 -0.006582132074981928 0.03127037733793259 -0.9994893074035645 -0.6494211554527283 -0.9964979290962219 -0.08352440595626831 0.003949231002479792 -2.4549736976623535
-0.08351486176252365 0.9959980845451355 0.03182900324463844 0.08182628452777863 -0.006387948989868164 0.03140481933951378 -0.9994863867759705 -0.6494045257568359 -0.9964860677719116 -0.08367526531219482 0.00373958982527256 -2.4549288749694824
-0.0833229348063469 0.9960166215896606 0.03175193816423416 0.08173007518053055 -0.0063758110627532005 0.03132922574877739 -0.9994888305664062 -0.6494414210319519 -0.9965022206306458 -0.0834827572107315 0.0037399446591734886 -2.4549195766448975
-0.08347966521978378 0.9960005283355713 0.031846243888139725 0.08172633498907089 -0.006282664369791746 0.03143109008669853 -0.9994862079620361 -0.6494327187538147 -0.9964897036552429 -0.0836368277668953 0.0036336537450551987 -2.4548838138580322
-0.08285592496395111 0.9960683584213257 0.031350027769804 0.081920325756073 -0.006459282245486975 0.030920740216970444 -0.9995009899139404 -0.6498801708221436 -0.9965406060218811 -0.08301705121994019 0.0038718939758837223 -2.455075740814209
-0.08280058950185776 0.9960705637931824 0.03142573684453964 0.08184301853179932 -0.006560750771313906 0.030988477170467377 -0.9994982481002808 -0.6497737765312195 -0.9965445399284363 -0.0829651951789856 0.003969080280512571 -2.455329179763794
-0.08276263624429703 0.996073305606842 0.03143824636936188 0.08186139911413193 -0.006536934059113264 0.031003164127469063 -0.9994979500770569 -0.6497915983200073 -0.9965478777885437 -0.08292656391859055 0.003945335745811462 -2.4553515911102295
-0.08262358605861664 0.9960777163505554 0.03166424483060837 0.08190291374921799 -0.00679807411506772 0.031208792701363564 -0.9994897842407227 -0.6497359275817871 -0.9965576529502869 -0.08279665559530258 0.00419280119240284 -2.4558422565460205
-0.08184131979942322 0.99614417552948 0.03160342201590538 0.08179514855146408 -0.00717310793697834 0.031120214611291885 -0.999489963054657 -0.6500555872917175 -0.9966195821762085 -0.08202624320983887 0.004598504398018122 -2.456083059310913
-0.08164945244789124 0.9961487650871277 0.031953178346157074 0.08187667280435562 -0.007246330846101046 0.03146601468324661 -0.9994785785675049 -0.64995276927948 -0.9966347813606262 -0.08183839172124863 0.0046492149122059345 -2.4563469886779785
-0.08113713562488556 0.9961779117584229 0.032348185777664185 0.0818910077214241 -0.007692283950746059 0.03182833641767502 -0.9994637966156006 -0.6499658823013306 -0.9966732859611511 -0.0813424363732338 0.005080397240817547 -2.456465244293213
-0.08118508756160736 0.9961718916893005 0.03241226077079773 0.08187496662139893 -0.007721938192844391 0.03188995644450188 -0.9994615912437439 -0.6500110030174255 -0.9966691732406616 -0.08139164000749588 0.00510336272418499 -2.456488847732544
-0.08133357018232346 0.9961540102958679 0.032589320093393326 0.08153832703828812 -0.007174665108323097 0.03211160749197006 -0.9994585514068604 -0.6495646834373474 -0.9966611266136169 -0.08152332156896591 0.00453529367223382 -2.4559364318847656
-0.08188828825950623 0.9961273074150085 0.032011523842811584 0.08169181644916534 -0.0069289300590753555 0.03154957666993141 -0.9994782209396362 -0.6492283940315247 -0.9966174364089966 -0.0820673331618309 0.004318529274314642 -2.455087661743164
-0.08168678730726242 0.9961326122283936 0.03235901519656181 0.08194071054458618 -0.0072239297442138195 0.0318748764693737 -0.9994657635688782 -0.6496121883392334 -0.996631920337677 -0.08187688142061234 0.004592209588736296 -2.4556987285614014
-0.0817045122385025 0.996131956577301 0.03233505040407181 0.08195623010396957 -0.007216618396341801 0.03185134753584862 -0.999466598033905 -0.6496138572692871 -0.9966304898262024 -0.08189424872398376 0.004586278926581144 -2.455702066421509
-0.08182162791490555 0.996118426322937 0.032455965876579285 0.08179717510938644 -0.006998775526881218 0.03199005499482155 -0.999463677406311 -0.6495227813720703 -0.9966224431991577 -0.08200486749410629 0.004354104865342379 -2.455333948135376
-0.0820140466094017 0.9960992932319641 0.032556142657995224 0.08177126199007034 -0.0068114097230136395 0.032105181366205215 -0.99946129322052 -0.6494684219360352 -0.9966078996658325 -0.0821915939450264 0.004151738714426756 -2.45518159866333
-0.08242476731538773 0.996075451374054 0.032248251140117645 0.081678606569767 -0.006538474932312965 0.03181714564561844 -0.9994723200798035 -0.6494677066802979 -0.9965758919715881 -0.08259210735559464 0.003890266874805093 -2.454848527908325
-0.08241864293813705 0.9960785508155823 0.032167453318834305 0.08168137818574905 -0.006672092247754335 0.031725022941827774 -0.9994744062423706 -0.6494597792625427 -0.9965754747390747 -0.08258991688489914 0.0040311687625944614 -2.4546611309051514
-0.08254446089267731 0.9960716962814331 0.03205735236406326 0.08165223896503448 -0.006711809895932674 0.03161074221134186 -0.999477744102478 -0.6494853496551514 -0.9965648055076599 -0.08271648734807968 0.0040761255659163 -2.454676389694214
-0.0821864902973175 0.9960980415344238 0.032158318907022476 0.08179553598165512 -0.006555483210831881 0.03172643855214119 -0.9994751214981079 -0.6501454710960388 -0.9965954422950745 -0.08235414326190948 0.003922393079847097 -2.4546637535095215
-0.0819244310259819 0.996114194393158 0.03232564032077789 0.08192840218544006 -0.006852376740425825 0.031870901584625244 -0.9994685053825378 -0.649975061416626 -0.9966149926185608 -0.08210236579179764 0.004214718006551266 -2.4554402828216553
-0.0818176120519638 0.9961106181144714 0.03270430117845535 0.08198805153369904 -0.0075288861989974976 0.032195623964071274 -0.9994532465934753 -0.6498695611953735 -0.996618926525116 -0.08201908320188522 0.004865407943725586 -2.4560649394989014
-0.08182038366794586 0.9961103796958923 0.03270399197936058 0.08200108259916306 -0.007529238238930702 0.03219526633620262 -0.9994532465934753 -0.6498780250549316 -0.9966186881065369 -0.08202185481786728 0.004865697119385004 -2.456089735031128
-0.08181001245975494 0.9961118102073669 0.03268614411354065 0.08202049881219864 -0.007530162576586008 0.032177336513996124 -0.9994538426399231 -0.6498909592628479 -0.9966195225715637 -0.08201143890619278 0.0048684291541576385 -2.456123113632202
-0.08157860487699509 0.9961368441581726 0.03250166028738022 0.08174049854278564 -0.0073853349313139915 0.03200525417923927 -0.9994604587554932 -0.6500239968299866 -0.9966395497322083 -0.08177459985017776 0.004745834041386843 -2.4561500549316406
-0.08167045563459396 0.9961272478103638 0.032565679401159286 0.08171750605106354 -0.0074975392781198025 0.03205982968211174 -0.999457836151123 -0.6495341658592224 -0.9966312050819397 -0.08187031745910645 0.004850136116147041 -2.4561572074890137
-0.08170028030872345 0.9961245656013489 0.032572079449892044 0.08171553164720535 -0.0074943797662854195 0.03206637129187584 -0.9994576573371887 -0.6495058536529541 -0.9966288208961487 -0.08190005272626877 0.004845478106290102 -2.4561707973480225
-0.08174841105937958 0.996131956577301 0.03222294896841049 0.08165033161640167 -0.007092675659805536 0.03174885734915733 -0.9994707107543945 -0.6493209600448608 -0.9966278076171875 -0.08193366229534149 0.004469796549528837 -2.4556987285614014
-0.08185190707445145 0.9961389899253845 0.031739477068185806 0.08164703100919724 -0.006731708999723196 0.03129300847649574 -0.999487578868866 -0.649377167224884 -0.9966217875480652 -0.08202360570430756 0.00414429884403944 -2.4553582668304443
-0.08198202401399612 0.9961243271827698 0.03186483308672905 0.0816693976521492 -0.0065460847690701485 0.03143354505300522 -0.9994844198226929 -0.649336576461792 -0.9966123104095459 -0.08214831352233887 0.003943702206015587 -2.455040454864502
-0.08208243548870087 0.9961166977882385 0.03184354305267334 0.08170390129089355 -0.006567435804754496 0.03141002357006073 -0.9994850158691406 -0.6493511199951172 -0.9966039061546326 -0.08224926888942719 0.003963694907724857 -2.4549002647399902
-0.08208941668272018 0.9961153864860535 0.03186741843819618 0.0817059800028801 -0.006555703468620777 0.03143491968512535 -0.9994843006134033 -0.6493384838104248 -0.9966034293174744 -0.08225597441196442 0.0039497362449765205 -2.454866886138916
-0.0817391499876976 0.9961522221565247 0.03161495923995972 0.08151453733444214 -0.006066853646188974 0.031223179772496223 -0.9994940757751465 -0.6496118903160095 -0.9966353178024292 -0.0818895697593689 0.0034913276322185993 -2.454345464706421
-0.08181902021169662 0.9961514472961426 0.03143216297030449 0.08164837956428528 -0.0063286032527685165 0.031017960980534554 -0.9994988441467285 -0.6495375633239746 -0.996627151966095 -0.08197690546512604 0.0037663618568331003 -2.4544248580932617
-0.08217955380678177 0.9961150884628296 0.031643304973840714 0.08182348310947418 -0.006410255096852779 0.031221706420183182 -0.9994919300079346 -0.6494374871253967 -0.9965969324111938 -0.08234062045812607 0.003819539677351713 -2.454602003097534
-0.08224045485258102 0.9961090087890625 0.0316770039498806 0.08177755028009415 -0.006469153333455324 0.03125041350722313 -0.9994906783103943 -0.6494379043579102 -0.9965915679931641 -0.08240346610546112 0.003873907495290041 -2.4546380043029785
-0.08224338293075562 0.9961081147193909 0.03169750049710274 0.08178672194480896 -0.006498310249298811 0.03126855939626694 -0.9994899034500122 -0.6494308114051819 -0.9965910911560059 -0.0824073851108551 0.003901361022144556 -2.45461368560791
-0.08234237134456635 0.9961019158363342 0.031634371727705 0.08180572837591171 -0.006518289912492037 0.031203171238303185 -0.999491810798645 -0.6494162082672119 -0.9965828061103821 -0.0825067013502121 0.003923512063920498 -2.4547910690307617
-0.08235196769237518 0.9961009621620178 0.03163984790444374 0.08181051909923553 -0.006551053375005722 0.03120591677725315 -0.9994915127754211 -0.6494142413139343 -0.9965817928314209 -0.0825173482298851 0.003955615218728781 -2.454780101776123
-0.08249307423830032 0.9960880279541016 0.03167930617928505 0.08179366588592529 -0.006629614625126123 0.031238431110978127 -0.9994900226593018 -0.6494395136833191 -0.9965696334838867 -0.08266099542379379 0.004026699345558882 -2.454885482788086
-0.08278056234121323 0.9960572719573975 0.03189548850059509 0.08178869634866714 -0.006314194295555353 0.031480446457862854 -0.9994844198226929 -0.6494494676589966 -0.9965478181838989 -0.0829392522573471 0.003683303715661168 -2.4547178745269775
-0.0825667679309845 0.9960849285125732 0.0315842404961586 0.08170446008443832 -0.0062583498656749725 0.03117356263101101 -0.9994944334030151 -0.6495320796966553 -0.9965659379959106 -0.08272265642881393 0.0036599214654415846 -2.454648971557617
-0.0825171247124672 0.9960880875587463 0.03161456435918808 0.08170592039823532 -0.006223142147064209 0.031207093968987465 -0.9994935989379883 -0.6495389938354492 -0.9965702295303345 -0.08267205208539963 0.0036236520390957594 -2.454634666442871
-0.0830501988530159 0.9960495233535767 0.03143374249339104 0.0816306620836258 -0.006204937119036913 0.031025225296616554 -0.9994993805885315 -0.6495831608772278 -0.9965260624885559 -0.08320364356040955 0.0036037471145391464 -2.4542977809906006
-0.08303679525852203 0.996048629283905 0.03149653226137161 0.08161227405071259 -0.006275092251598835 0.03108242340385914 -0.9994971752166748 -0.6495683193206787 -0.9965267777442932 -0.08319266140460968 0.003669286146759987 -2.454359531402588
-0.08354304730892181 0.9960107207298279 0.03135696426033974 0.08173033595085144 -0.005975339561700821 0.03096567653119564 -0.9995025992393494 -0.64942866563797 -0.9964863061904907 -0.08368883281946182 0.0033645089715719223 -2.4546422958374023
-0.0835796445608139 0.9960078001022339 0.031352508813142776 0.08173533529043198 -0.005996991880238056 0.03095925971865654 -0.9995026588439941 -0.6494342088699341 -0.9964830875396729 -0.08372607082128525 0.0033854604698717594 -2.4546306133270264
-0.08365727216005325 0.9960026144981384 0.031310513615608215 0.08184082806110382 -0.005995608866214752 0.0309169702231884 -0.9995039701461792 -0.6493754982948303 -0.9964765906333923 -0.08380347490310669 0.003385186428204179 -2.454617500305176
-0.083661288022995 0.9960019588470459 0.03131946176290512 0.0818495824933052 -0.005985450930893421 0.030926790088415146 -0.9995037317276001 -0.64937424659729 -0.9964762926101685 -0.08380720764398575 0.0033741197548806667 -2.4546117782592773
-0.0834152102470398 0.9960274696350098 0.03116440400481224 0.08168303966522217 -0.005855404771864414 0.03078293241560459 -0.9995089769363403 -0.6494624614715576 -0.9964976906776428 -0.08355670422315598 0.003264352912083268 -2.454613208770752
-0.08317318558692932 0.9960662722587585 0.0305651668459177 0.08174574375152588 -0.0053322273306548595 0.030226144939661026 -0.9995288848876953 -0.6492527723312378 -0.9965208768844604 -0.08329695463180542 0.0027972208335995674 -2.4541666507720947
-0.0833892896771431 0.9960412979125977 0.03079032525420189 0.0817466750741005 -0.00520958611741662 0.030461762100458145 -0.9995223879814148 -0.6493420004844666 -0.996503472328186 -0.08350984007120132 0.0026487521827220917 -2.4541213512420654
-0.08337882906198502 0.9960420727729797 0.030793575569987297 0.08175665140151978 -0.005225464701652527 0.030463719740509987 -0.9995222091674805 -0.6493464708328247 -0.9965042471885681 -0.08349987864494324 0.0026647269260138273 -2.454113483428955
-0.08362868428230286 0.9960203766822815 0.03081798553466797 0.08178997039794922 -0.005182935856282711 0.030491121113300323 -0.9995216131210327 -0.6492946147918701 -0.9964835047721863 -0.08374838531017303 0.0026123509742319584 -2.454094171524048
-0.08362230658531189 0.9960208535194397 0.030820149928331375 0.0817970484495163 -0.0051919203251600266 0.03049255535006523 -0.9995215535163879 -0.6492980122566223 -0.9964840412139893 -0.08374228328466415 0.0026213766541332006 -2.4540882110595703
-0.08377677202224731 0.9960086345672607 0.030795332044363022 0.08183066546916962 -0.00532704358920455 0.03045586496591568 -0.9995219707489014 -0.6492796540260315 -0.9964703321456909 -0.08390074223279953 0.0027542610187083483 -2.4541099071502686
-0.08392134308815002 0.9959865212440491 0.03111387975513935 0.08173109591007233 -0.005244072526693344 0.03078213706612587 -0.9995123744010925 -0.6492329239845276 -0.9964585900306702 -0.08404355496168137 0.0026397211477160454 -2.4543020725250244
-0.08390738815069199 0.9959873557090759 0.03112507052719593 0.08173166960477829 -0.005218287464231253 0.03079557977616787 -0.9995120763778687 -0.6492361426353455 -0.9964599013328552 -0.08402884751558304 0.0026133451610803604 -2.454301357269287
-0.08416508883237839 0.9959614872932434 0.03125625103712082 0.08170381188392639 -0.0051269386895000935 0.030934276059269905 -0.9995083212852478 -0.6492606401443481 -0.9964386820793152 -0.08428392559289932 0.0025026213843375444 -2.4542171955108643
-0.08398457616567612 0.9959768056869507 0.03125458210706711 0.08163873851299286 -0.00507670734077692 0.030937297269701958 -0.9995084404945374 -0.6493535041809082 -0.9964541792869568 -0.08410193771123886 0.002458001021295786 -2.4541890621185303
-0.08394253998994827 0.9959772229194641 0.031353093683719635 0.08165836334228516 -0.005236850120127201 0.031022753566503525 -0.9995049834251404 -0.6493703126907349 -0.9964568614959717 -0.08406514674425125 0.0026116289664059877 -2.4541921615600586
-0.0838356763124466 0.9959949254989624 0.031076356768608093 0.08167331665754318 -0.005054555833339691 0.03076067566871643 -0.9995140433311462 -0.6493408679962158 -0.9964668154716492 -0.08395198732614517 0.002455443609505892 -2.4541056156158447
-0.0829625129699707 0.996055006980896 0.031491052359342575 0.08171413093805313 -0.005274254363030195 0.031160661950707436 -0.9995005130767822 -0.649695634841919 -0.9965387582778931 -0.08308713883161545 0.0026682543102651834 -2.4544215202331543
-0.08297086507081985 0.9960551261901855 0.03146468475461006 0.0817192792892456 -0.00524210324510932 0.031136861070990562 -0.9995014071464539 -0.6497212052345276 -0.9965382218360901 -0.08309441059827805 0.002637945581227541 -2.4544224739074707
-0.08235698938369751 0.9960821866989136 0.03221353143453598 0.08187155425548553 -0.006265455391258001 0.03180518373847008 -0.9994744658470154 -0.6497043967247009 -0.9965832233428955 -0.08251550793647766 0.0036215027794241905 -2.455622911453247
-0.08236990123987198 0.9960812926292419 0.032207049429416656 0.08189164102077484 -0.006241361144930124 0.03180062770843506 -0.9994747638702393 -0.6497328877449036 -0.9965823292732239 -0.08252763003110886 0.003597462549805641 -2.455698013305664
-0.08144661784172058 0.9961580634117126 0.032180119305849075 0.08165441453456879 -0.006264130584895611 0.0317750982940197 -0.9994754195213318 -0.6498734354972839 -0.9966580271720886 -0.0816054493188858 0.0036520641297101974 -2.4551522731781006
-0.08147063851356506 0.9961560964584351 0.03218115493655205 0.08165283501148224 -0.006251865532249212 0.03177705407142639 -0.9994754791259766 -0.6498878598213196 -0.9966561794281006 -0.08162906765937805 0.0036389108281582594 -2.455162525177002
-0.08181292563676834 0.9961349368095398 0.031967878341674805 0.08170471340417862 -0.0060045174323022366 0.03158215433359146 -0.9994831681251526 -0.6490728855133057 -0.9966296553611755 -0.08196256309747696 0.003397455206140876 -2.454310894012451
-0.08181221783161163 0.9961329102516174 0.03203210607171059 0.08165200799703598 -0.005807594396173954 0.03166279196739197 -0.999481737613678 -0.6490359306335449 -0.996630847454071 -0.08195582777261734 0.00319470651447773 -2.4539954662323
-0.08206644654273987 0.9961071014404297 0.03218361735343933 0.08164025098085403 -0.005732594057917595 0.03182018920779228 -0.999477207660675 -0.6492170691490173 -0.9966104030609131 -0.08220801502466202 0.0030988818034529686 -2.4537434577941895
-0.08226419240236282 0.996094822883606 0.03205825388431549 0.08165978640317917 -0.005769803188741207 0.03169070556759834 -0.9994810819625854 -0.649242103099823 -0.9965938925743103 -0.08240644633769989 0.0031402346212416887 -2.45377779006958
-0.08263880759477615 0.9960609078407288 0.03214859589934349 0.0816233903169632 -0.005616363137960434 0.03179291635751724 -0.9994786977767944 -0.649370551109314 -0.9965637922286987 -0.0827762559056282 0.0029668849892914295 -2.4538209438323975
-0.08262838423252106 0.9960610270500183 0.03217245265841484 0.08161789178848267 -0.005626046564429998 0.03181608393788338 -0.9994779229164124 -0.649384081363678 -0.9965645670890808 -0.08276621997356415 0.002974947914481163 -2.453787088394165
-0.08264405280351639 0.9960651397705078 0.032004259526729584 0.0816577672958374 -0.005486674606800079 0.0316588431596756 -0.9994837045669556 -0.6493809819221497 -0.9965640306472778 -0.08277694880962372 0.0028486442752182484 -2.453601837158203
-0.08265265077352524 0.9960640668869019 0.03201526030898094 0.08166368305683136 -0.005484931170940399 0.03167000040411949 -0.9994833469390869 -0.6493866443634033 -0.9965633749961853 -0.08278552442789078 0.002845707116648555 -2.4535796642303467
-0.08229397237300873 0.9960997104644775 0.03182990103960037 0.08191261440515518 -0.005987418349832296 0.03144347667694092 -0.9994876384735107 -0.6497194766998291 -0.9965901374816895 -0.08244236558675766 0.003376430831849575 -2.4547078609466553
-0.08249424397945404 0.9960851073265076 0.03176822513341904 0.08174369484186172 -0.005969692952930927 0.03138238191604614 -0.9994896650314331 -0.6494573950767517 -0.9965736865997314 -0.08264176547527313 0.0033574304543435574 -2.454434871673584
-0.08247038722038269 0.9960873126983643 0.03175998851656914 0.0817495658993721 -0.00593971973285079 0.031376682221889496 -0.9994900226593018 -0.6494607329368591 -0.9965758323669434 -0.08261694759130478 0.003328806022182107 -2.4544413089752197
-0.08280827105045319 0.9960606098175049 0.03171864151954651 0.08177972584962845 -0.005706945434212685 0.031353436410427094 -0.9994921088218689 -0.6491572260856628 -0.9965491890907288 -0.08294720202684402 0.0030881136190146208 -2.4541819095611572
-0.08279884606599808 0.9960623979568481 0.03168807178735733 0.08178236335515976 -0.005716212559491396 0.031322021037340164 -0.9994930028915405 -0.6491481065750122 -0.9965499043464661 -0.08293797820806503 0.003100251080468297 -2.454176425933838
-0.08290427178144455 0.9960511326789856 0.031765393912792206 0.08172030746936798 -0.005698902066797018 0.03140072524547577 -0.9994906783103943 -0.6491965651512146 -0.9965412616729736 -0.08304303884506226 0.003073117695748806 -2.4541144371032715
-0.08307524770498276 0.9960412383079529 0.031628940254449844 0.08158116042613983 -0.005443757865577936 0.03128457069396973 -0.9994957447052002 -0.6493151187896729 -0.9965284466743469 -0.08320550620555878 0.0028232077602297068 -2.4540040493011475
-0.08306558430194855 0.9960440397262573 0.031566932797431946 0.08156221359968185 -0.005443811882287264 0.031222373247146606 -0.999497652053833 -0.649326741695404 -0.996529221534729 -0.08319567143917084 0.0028287451714277267 -2.453977108001709
-0.08308658003807068 0.9960416555404663 0.03158539533615112 0.0815354436635971 -0.005434336140751839 0.031241631135344505 -0.99949711561203 -0.6493382453918457 -0.9965275526046753 -0.08321641385555267 0.002817038679495454 -2.4539458751678467
-0.08322512358427048 0.9960290193557739 0.03162021189928055 0.08171749860048294 -0.0055896867997944355 0.03126318007707596 -0.9994955658912659 -0.6492774486541748 -0.9965150952339172 -0.08335986733436584 0.002965581603348255 -2.453977108001709
-0.08280184119939804 0.9960529208183289 0.031976159662008286 0.08166605234146118 -0.00590659910812974 0.031595245003700256 -0.9994832873344421 -0.64959317445755 -0.9965485334396362 -0.08294790238142014 0.003267114283517003 -2.4543862342834473
-0.08282051980495453 0.9960517883300781 0.031964078545570374 0.08166035264730453 -0.005879058502614498 0.03158535435795784 -0.9994837641716003 -0.6496086716651917 -0.9965471625328064 -0.0829656645655632 0.0032399047631770372 -2.4543864727020264
-0.08279530704021454 0.9960541725158691 0.0319543331861496 0.08164894580841064 -0.005855063442140818 0.03157765418291092 -0.9994841814041138 -0.6496424674987793 -0.9965494275093079 -0.08293966948986053 0.003217452671378851 -2.454392194747925
-0.08308333158493042 0.9960350394248962 0.03180273622274399 0.0817749872803688 -0.005948673002421856 0.03141678124666214 -0.9994887113571167 -0.6491691470146179 -0.9965248703956604 -0.08323000371456146 0.0033148496877402067 -2.45444917678833
-0.08282482624053955 0.996046245098114 0.03212369605898857 0.08189839869737625 -0.0062409318052232265 0.031715378165245056 -0.9994775056838989 -0.6495199799537659 -0.996544599533081 -0.08298200368881226 0.003589410101994872 -2.455139398574829
-0.08280554413795471 0.9960471987724304 0.03214404731988907 0.08191504329442978 -0.006239237263798714 0.03173600882291794 -0.9994768500328064 -0.6495333313941956 -0.99654620885849 -0.0829627513885498 0.003586631268262863 -2.4551751613616943
-0.08278004080057144 0.9960344433784485 0.03260142356157303 0.08194540441036224 -0.0066346097737550735 0.032162144780159 -0.9994606971740723 -0.6496074795722961 -0.9965457916259766 -0.08295166492462158 0.003945890348404646 -2.455733299255371
-0.08275340497493744 0.9960387349128723 0.03253915533423424 0.0818125307559967 -0.006517311092466116 0.03210952505469322 -0.9994631409645081 -0.6493687629699707 -0.9965487718582153 -0.08292101323604584 0.003834295552223921 -2.455275535583496
-0.08275946229696274 0.9960418939590454 0.03242648020386696 0.08180220425128937 -0.006560244131833315 0.03199286758899689 -0.999466598033905 -0.6493659615516663 -0.9965479969978333 -0.08292801678180695 0.003886539489030838 -2.4552817344665527
-0.08309699594974518 0.9960207343101501 0.03221187740564346 0.08165492117404938 -0.006478197406977415 0.03178305923938751 -0.9994738101959229 -0.6492169499397278 -0.996520459651947 -0.08326192200183868 0.0038113160990178585 -2.4546172618865967
-0.08312510699033737 0.9960207939147949 0.032138194888830185 0.08173514157533646 -0.006324698217213154 0.03172184154391289 -0.9994767308235168 -0.6492664217948914 -0.9965190887451172 -0.08328485488891602 0.0036626229993999004 -2.454439401626587
-0.08278218656778336 0.9960416555404663 0.03237532451748848 0.08190179616212845 -0.006754239089787006 0.031925301998853683 -0.9994674324989319 -0.6494642496109009 -0.9965447783470154 -0.08295674622058868 0.004084631334990263 -2.4550631046295166
-0.08281563222408295 0.9960384368896484 0.03238917887210846 0.08191074430942535 -0.006750515662133694 0.031939372420310974 -0.9994670152664185 -0.6494709253311157 -0.9965420365333557 -0.08299010992050171 0.004078667610883713 -2.455068588256836
-0.08282674103975296 0.9960370063781738 0.0324038602411747 0.08192342519760132 -0.0067499903962016106 0.03195410221815109 -0.9994665384292603 -0.64947909116745 -0.9965411424636841 -0.0830012634396553 0.004076560027897358 -2.455078363418579
-0.08263999968767166 0.9960387945175171 0.0328235886991024 0.08194472640752792 -0.007036502473056316 0.03235222399234772 -0.999451756477356 -0.6495819091796875 -0.9965546727180481 -0.08282563090324402 0.004335015546530485 -2.45550274848938
-0.08263435959815979 0.9960285425186157 0.03314795717597008 0.08195874840021133 -0.007375509478151798 0.032649554312229156 -0.9994396567344666 -0.6496508121490479 -0.9965526461601257 -0.08283251523971558 0.004648216534405947 -2.455958604812622
-0.08281389623880386 0.9960293769836426 0.032671257853507996 0.08163458853960037 -0.007140118628740311 0.0321899838745594 -0.9994562864303589 -0.6494664549827576 -0.9965394735336304 -0.08300212025642395 0.004445964004844427 -2.455360174179077
-0.08279842138290405 0.9960311651229858 0.032655224204063416 0.08161704242229462 -0.007167029660195112 0.03217172250151634 -0.9994567036628723 -0.6494650840759277 -0.9965405464172363 -0.08298745006322861 0.0044747912324965 -2.45536208152771
-0.08259473741054535 0.9960440397262573 0.032777685672044754 0.0818091407418251 -0.007105621043592691 0.03230062127113342 -0.9994529485702515 -0.649631142616272 -0.996557891368866 -0.08278243988752365 0.004409623797982931 -2.4556000232696533
-0.08262236416339874 0.9960426688194275 0.032750923186540604 0.08165162056684494 -0.007016826421022415 0.032281022518873215 -0.9994542002677917 -0.6494773030281067 -0.9965562224388123 -0.08280704915523529 0.004321897868067026 -2.455173969268799
-0.08278773725032806 0.9960402846336365 0.03240365535020828 0.08159394562244415 -0.006803401745855808 0.031949613243341446 -0.9994663596153259 -0.6495264172554016 -0.9965440034866333 -0.0829639807343483 0.0041313995607197285 -2.4549484252929688
-0.08315233886241913 0.9960238337516785 0.031973324716091156 0.08170652389526367 -0.00660334900021553 0.031532999128103256 -0.9994809031486511 -0.649389922618866 -0.9965149760246277 -0.08332028239965439 0.0039550238288939 -2.4547064304351807
-0.08318902552127838 0.9960203766822815 0.03198521211743355 0.08170730620622635 -0.00661298306658864 0.031543977558612823 -0.9994804859161377 -0.649384081363678 -0.9965118765830994 -0.0833572968840599 0.0039625270292162895 -2.454684257507324
-0.0833035334944725 0.9960131645202637 0.03191225230693817 0.08176761865615845 -0.00657541211694479 0.03147345408797264 -0.9994829893112183 -0.6493014097213745 -0.9965025782585144 -0.08347027748823166 0.003927320707589388 -2.4546496868133545
-0.08359556645154953 0.9959862232208252 0.03198898956179619 0.08184010535478592 -0.006366448011249304 0.03156687319278717 -0.9994813799858093 -0.6493943929672241 -0.9964794516563416 -0.08375584334135056 0.0037020177114754915 -2.454491138458252
-0.0833321288228035 0.9960070252418518 0.03202801197767258 0.0816568061709404 -0.006624591536819935 0.03158538043498993 -0.9994791150093079 -0.6496807336807251 -0.9964998364448547 -0.08350086957216263 0.003966036718338728 -2.4551756381988525
