# 3x4 first row second row third row Freq: 250 current Time: 2020-10-02-14:11:48
0.016277819871902466 0.9992278218269348 0.035761263221502304 0.8175861835479736 -0.007138294167816639 0.035881202667951584 -0.9993305802345276 -0.6372696161270142 -0.9998420476913452 0.016011672094464302 0.007716825697571039 -2.159311532974243
0.016286510974168777 0.9992274641990662 0.035767409950494766 0.8175925016403198 -0.007142968941479921 0.035887494683265686 -0.9993303418159485 -0.637238621711731 -0.9998418688774109 0.016020143404603004 0.0077219088561832905 -2.1593055725097656
0.015936989337205887 0.9992385506629944 0.035615094006061554 0.8174134492874146 -0.006910745520144701 0.0357288233935833 -0.9993376731872559 -0.6370974183082581 -0.9998491406440735 0.015680331736803055 0.0074748694896698 -2.1589927673339844
0.015461440198123455 0.9992215633392334 0.03629375994205475 0.8176302909851074 -0.0068542612716555595 0.03640313819050789 -0.9993137121200562 -0.637332558631897 -0.9998570084571838 0.015202086418867111 0.007411746773868799 -2.1585609912872314
0.015246647410094738 0.9992247819900513 0.036296457052230835 0.8175882697105408 -0.006601273547858 0.036400455981492996 -0.9993155002593994 -0.6372660398483276 -0.999862015247345 0.014996632933616638 0.0071511175483465195 -2.158433675765991
0.015224631875753403 0.9992160797119141 0.0365447923541069 0.8174147605895996 -0.007097010500729084 0.03665607422590256 -0.9993027448654175 -0.6370266675949097 -0.9998589158058167 0.014954682439565659 0.00764949806034565 -2.1586101055145264
0.014953497797250748 0.9992350339889526 0.03613564744591713 0.8173964023590088 -0.0071139270439744 0.03624506667256355 -0.9993176460266113 -0.6370940804481506 -0.9998629093170166 0.014686251990497112 0.007650451734662056 -2.158686399459839
0.015093231573700905 0.999187707901001 0.03736478462815285 0.8177061676979065 -0.007403803523629904 0.03747967258095741 -0.999269962310791 -0.6375800371170044 -0.9998586773872375 0.014805596321821213 0.007963455282151699 -2.1586968898773193
0.014790779910981655 0.9991779327392578 0.037745654582977295 0.817619264125824 -0.007467016577720642 0.03785908222198486 -0.9992552399635315 -0.6374770402908325 -0.9998627305030823 0.014497941359877586 0.00802082009613514 -2.158879041671753
0.014307227917015553 0.9991481304168701 0.038708124309778214 0.8176901340484619 -0.00765362661331892 0.038820359855890274 -0.9992169141769409 -0.6376494765281677 -0.9998683929443359 0.013999790884554386 0.00820249505341053 -2.1589467525482178
0.014922905713319778 0.9990918040275574 0.03991071507334709 0.8178061842918396 -0.008676137775182724 0.04004301875829697 -0.9991602897644043 -0.6377426385879517 -0.9998510479927063 0.01456412859261036 0.009265792556107044 -2.159702777862549
0.014786791056394577 0.9990999102592468 0.03975827246904373 0.8174457550048828 -0.008769293315708637 0.03989064693450928 -0.9991655945777893 -0.6371901631355286 -0.9998522400856018 0.014425825327634811 0.009351231157779694 -2.159942150115967
0.014940282329916954 0.9990937113761902 0.03985641896724701 0.8176017999649048 -0.008438625372946262 0.03998541459441185 -0.9991646409034729 -0.6374101042747498 -0.9998527765274048 0.014591492712497711 0.009028347209095955 -2.159912347793579
0.015074947848916054 0.9991743564605713 0.037728723138570786 0.8169952034950256 -0.006621212232857943 0.03783191367983818 -0.9992622137069702 -0.6371676325798035 -0.9998644590377808 0.014814040623605251 0.007186035625636578 -2.159533977508545
0.015084273181855679 0.9991728067398071 0.037765227258205414 0.8169522881507874 -0.006579799577593803 0.03786787390708923 -0.9992611408233643 -0.6371191143989563 -0.9998645782470703 0.014824665151536465 0.007145542651414871 -2.159592866897583
0.01370509248226881 0.999275267124176 0.035512689501047134 0.816809356212616 -0.0030598645098507404 0.03555774688720703 -0.9993629455566406 -0.637993574142456 -0.9999014139175415 0.01358772162348032 0.0035449452698230743 -2.157766819000244
0.014392687007784843 0.9992916584014893 0.03477117791771889 0.8165938258171082 -0.003087061457335949 0.034818995743989944 -0.9993888735771179 -0.637740433216095 -0.9998916983604431 0.014276575297117233 0.0035859900526702404 -2.157809019088745
0.012498178519308567 0.9993124008178711 0.03490830212831497 0.8170768618583679 -0.005181278567761183 0.03497525677084923 -0.9993747472763062 -0.6373574733734131 -0.9999085068702698 0.01230951864272356 0.0056148190051317215 -2.158444881439209
0.012400719337165356 0.9992679357528687 0.036192864179611206 0.8169620633125305 -0.005304235033690929 0.036260850727558136 -0.9993283152580261 -0.6380168199539185 -0.9999090433120728 0.012200438417494297 0.0057499888353049755 -2.1583774089813232
0.012622669339179993 0.9992458820343018 0.03671996295452118 0.8170819282531738 -0.005405745469033718 0.036790523678064346 -0.9993084073066711 -0.6381069421768188 -0.9999057650566101 0.012415465898811817 0.005866040010005236 -2.158616542816162
0.013176745735108852 0.9992744326591492 0.03573497757315636 0.8165392279624939 -0.005525244399905205 0.03581027314066887 -0.9993433356285095 -0.6374119520187378 -0.9998979568481445 0.01297067292034626 0.0059930747374892235 -2.1586177349090576
0.01318916492164135 0.9993309378623962 0.03411434218287468 0.8170925974845886 -0.004589097574353218 0.034177422523498535 -0.9994052648544312 -0.6372413635253906 -0.9999024868011475 0.013024791143834591 0.0050367750227451324 -2.1572265625
0.012975454330444336 0.9993416666984558 0.0338815376162529 0.8171048164367676 -0.004533254075795412 0.0339428074657917 -0.9994134902954102 -0.6372748017311096 -0.9999055862426758 0.012814275920391083 0.0049706692807376385 -2.1571922302246094
0.012925942428410053 0.9993404150009155 0.03393629938364029 0.8171268701553345 -0.004545551259070635 0.03399748355150223 -0.9994115829467773 -0.6372628211975098 -0.9999061226844788 0.012764101848006248 0.004981979262083769 -2.157154083251953
0.013274312019348145 0.999302864074707 0.034894831478595734 0.8171612024307251 -0.005384998861700296 0.034968819469213486 -0.9993739128112793 -0.6371282935142517 -0.9998974204063416 0.013078116811811924 0.005845407955348492 -2.1580069065093994
0.013521717861294746 0.9992914795875549 0.03512512892484665 0.8171303868293762 -0.005769890267401934 0.03520571067929268 -0.9993634819984436 -0.6368973851203918 -0.9998919367790222 0.013310466893017292 0.006241819821298122 -2.158236026763916
0.01349802315235138 0.999291718006134 0.03512638062238693 0.8171365857124329 -0.005790711380541325 0.03520708903670311 -0.9993633031845093 -0.636874258518219 -0.9998921751976013 0.0132860466837883 0.006261812523007393 -2.15824556350708
0.013363146223127842 0.9992953538894653 0.03507525101304054 0.8170578479766846 -0.00579303503036499 0.03515514358878136 -0.9993650913238525 -0.6368630528450012 -0.9998939633369446 0.013151494786143303 0.006258712615817785 -2.158163070678711
0.012784193269908428 0.999282956123352 0.035639405250549316 0.8170517086982727 -0.005747294053435326 0.03571513667702675 -0.9993454813957214 -0.6370891332626343 -0.9999017715454102 0.012571020983159542 0.006199738476425409 -2.1578433513641357
0.012750762514770031 0.9992839097976685 0.03562464565038681 0.817050576210022 -0.0057410746812820435 0.03570009395480156 -0.9993460774421692 -0.6370853185653687 -0.9999022483825684 0.012537925504148006 0.006192143075168133 -2.157824754714966
0.012523691169917583 0.9992520809173584 0.03658517077565193 0.8171986937522888 -0.006033676210790873 0.03666286915540695 -0.9993094801902771 -0.6371424198150635 -0.9999033808708191 0.012294325046241283 0.006488294340670109 -2.1577107906341553
0.01225750707089901 0.9992612600326538 0.03642399236559868 0.8170555233955383 -0.005850219167768955 0.03649774566292763 -0.9993166327476501 -0.6371460556983948 -0.9999077916145325 0.012036066502332687 0.006293245125561953 -2.157863140106201
0.012152131646871567 0.999269425868988 0.036235347390174866 0.817044198513031 -0.005868530832231045 0.0363086499273777 -0.9993234276771545 -0.6371895670890808 -0.999908983707428 0.011931286193430424 0.006305446848273277 -2.1578757762908936
0.012146923691034317 0.9992687106132507 0.03625648468732834 0.8170363903045654 -0.005875032860785723 0.03632982820272446 -0.9993225932121277 -0.6371911764144897 -0.999908983707428 0.01192571222782135 0.006312008481472731 -2.1578612327575684
0.012360893189907074 0.9992891550064087 0.035615842789411545 0.8169375658035278 -0.006077240686863661 0.035692960023880005 -0.9993443489074707 -0.6370931267738342 -0.9999051690101624 0.01213636714965105 0.0065140933729708195 -2.1580841541290283
0.012162250466644764 0.9992579817771912 0.03654623404145241 0.8171413540840149 -0.006306588649749756 0.03662484511733055 -0.9993091821670532 -0.6371315717697144 -0.9999061822891235 0.011923391371965408 0.006747325882315636 -2.1579699516296387
0.012170037254691124 0.9992578625679016 0.036546651273965836 0.8171416521072388 -0.006318103987723589 0.0366254523396492 -0.9993091225624084 -0.6371290683746338 -0.9999060034751892 0.011930747888982296 0.006759124342352152 -2.1579606533050537
0.011699758470058441 0.9992567300796509 0.03673083335161209 0.8171831369400024 -0.006366741843521595 0.036807022988796234 -0.9993021488189697 -0.6373342871665955 -0.9999113082885742 0.011457761749625206 0.0067926193587481976 -2.1579058170318604
0.011961985379457474 0.9992585778236389 0.03659587725996971 0.8171093463897705 -0.006681656930595636 0.036677535623311996 -0.9993048310279846 -0.6371213793754578 -0.9999061822891235 0.011709173209965229 0.007115415297448635 -2.158057928085327
0.012827576138079166 0.9992876648902893 0.03549215570092201 0.8170267343521118 -0.0064110844396054745 0.03557651862502098 -0.9993464350700378 -0.6380582451820374 -0.9998971819877625 0.01259167306125164 0.006862854119390249 -2.1587014198303223
0.012737599201500416 0.9992945790290833 0.03532839193940163 0.8171259760856628 -0.006360816303640604 0.035411495715379715 -0.9993525743484497 -0.638036847114563 -0.9998986721038818 0.01250466052442789 0.006807363126426935 -2.1588640213012695
0.012990389950573444 0.9992813467979431 0.035609401762485504 0.8170199990272522 -0.005691784434020519 0.0356857031583786 -0.9993468523025513 -0.6379812359809875 -0.9998994469642639 0.012779248878359795 0.0061512417159974575 -2.1585941314697266
0.012370319105684757 0.9992770552635193 0.0359497144818306 0.817082941532135 -0.006097753066569567 0.03602715954184532 -0.9993322491645813 -0.6371986865997314 -0.9999049305915833 0.01214287057518959 0.006538988556712866 -2.158003330230713
0.012299374677240849 0.9992236495018005 0.03742767125368118 0.8170738816261292 -0.006463745608925819 0.03750914707779884 -0.9992753863334656 -0.636929452419281 -0.9999035000801086 0.012048563919961452 0.006920042913407087 -2.158231496810913
0.012219239957630634 0.9992396831512451 0.03702365979552269 0.8171533346176147 -0.0063379909843206406 0.03710305318236351 -0.9992913603782654 -0.6369941830635071 -0.9999052882194519 0.011975949630141258 0.0067865196615457535 -2.157963991165161
0.012226729653775692 0.999240517616272 0.03700000047683716 0.8171403408050537 -0.006343943998217583 0.03707951307296753 -0.9992921948432922 -0.6369746327400208 -0.9999051690101624 0.011983374133706093 0.006792462896555662 -2.157947540283203
0.012782072648406029 0.9992257952690125 0.037209298461675644 0.8174828290939331 -0.006875216960906982 0.0372992567718029 -0.9992805123329163 -0.6374930739402771 -0.9998946785926819 0.012517078779637814 0.007346631959080696 -2.1586344242095947
0.013960722833871841 0.9992119669914246 0.03715609386563301 0.8169500827789307 -0.0070477742701768875 0.03725710138678551 -0.9992808699607849 -0.6367412209510803 -0.9998777508735657 0.013688839972019196 0.007562332786619663 -2.1587185859680176
0.013088450767099857 0.9992290139198303 0.037015557289123535 0.817251443862915 -0.007018703501671553 0.03710959851741791 -0.9992865920066833 -0.6372689604759216 -0.9998897314071655 0.012819336727261543 0.0074989753775298595 -2.1582765579223633
0.013212522491812706 0.9992333054542542 0.03685485199093819 0.8171209096908569 -0.007076015695929527 0.03695055842399597 -0.9992920756340027 -0.6370114088058472 -0.9998877048492432 0.01294240728020668 0.007558776997029781 -2.1583914756774902
0.013229839503765106 0.9992332458496094 0.03684980422258377 0.8170976638793945 -0.007089192047715187 0.03694580867886543 -0.9992921352386475 -0.6369999647140503 -0.9998873472213745 0.01295926421880722 0.007572519592940807 -2.1583828926086426
0.015208275988698006 0.999201238155365 0.03695427626371384 0.8172711133956909 -0.00764139648526907 0.03707359358668327 -0.9992833733558655 -0.6374348998069763 -0.9998551607131958 0.01491501834243536 0.008199094794690609 -2.1593313217163086
0.01590769551694393 0.9991277456283569 0.03861076012253761 0.8172743916511536 -0.008243449032306671 0.03874536231160164 -0.9992151260375977 -0.6372289657592773 -0.9998394846916199 0.015576948411762714 0.008852584287524223 -2.158982753753662
0.01471303403377533 0.9991722702980042 0.037925537675619125 0.817171037197113 -0.008293479681015015 0.03805026039481163 -0.9992414116859436 -0.6370756030082703 -0.9998573660850525 0.014387363567948341 0.008846426382660866 -2.157881259918213
0.014716832898557186 0.9991722106933594 0.037925757467746735 0.8171638250350952 -0.00829613208770752 0.03805055096745491 -0.9992414116859436 -0.6370704174041748 -0.9998573064804077 0.014391055330634117 0.00884922407567501 -2.157867908477783
0.01430908776819706 0.9991927742958069 0.037537816911935806 0.8171809315681458 -0.008275298401713371 0.03765869140625 -0.999256432056427 -0.6370692849159241 -0.9998633861541748 0.013987835496664047 0.008807456120848656 -2.1578948497772217
0.01441124640405178 0.9992144107818604 0.03691843897104263 0.8171001672744751 -0.008474389091134071 0.03704297915101051 -0.9992777705192566 -0.6370060443878174 -0.9998602867126465 0.014088001102209091 0.009001542814075947 -2.15805983543396
0.014069956727325916 0.999189019203186 0.03772846981883049 0.8171637654304504 -0.008484132587909698 0.037850119173526764 -0.9992474317550659 -0.6372027397155762 -0.9998650550842285 0.013739299029111862 0.009009777568280697 -2.157949686050415
0.014053098857402802 0.9991894364356995 0.03772236406803131 0.8171547055244446 -0.008466944098472595 0.037843625992536545 -0.9992478489875793 -0.6372053027153015 -0.9998654127120972 0.013723159208893776 0.008991878479719162 -2.1579370498657227
0.013512751087546349 0.9992124438285828 0.037308793514966965 0.8170650005340576 -0.008601845242083073 0.03742695972323418 -0.9992623925209045 -0.6372207999229431 -0.9998717308044434 0.013181883841753006 0.00910078827291727 -2.1580636501312256
0.01318204402923584 0.9992261528968811 0.037059884518384933 0.8172088265419006 -0.008595652878284454 0.037174951285123825 -0.999271810054779 -0.6371889710426331 -0.9998762011528015 0.012853915803134441 0.009079018607735634 -2.158217430114746
0.013183219358325005 0.9992262721061707 0.03705499321222305 0.8172075152397156 -0.008600854314863682 0.03717013821005821 -0.9992719888687134 -0.6371848583221436 -0.9998761415481567 0.012854941189289093 0.00908419769257307 -2.158221483230591
0.01317937858402729 0.9992249011993408 0.037093691527843475 0.8172025084495544 -0.008587143383920193 0.03720862790942192 -0.9992706179618835 -0.6371847987174988 -0.9998763203620911 0.012851261533796787 0.009070849977433681 -2.1582300662994385
0.013660663738846779 0.9992398619651794 0.036512408405542374 0.8172925710678101 -0.00895474199205637 0.0366365872323513 -0.9992885589599609 -0.6371008157730103 -0.9998666048049927 0.01332401018589735 0.009448391385376453 -2.1591243743896484
0.013636617921292782 0.9992400407791138 0.03651674836874008 0.8172920942306519 -0.008972256444394588 0.03664092719554901 -0.9992882609367371 -0.6370949745178223 -0.999866783618927 0.013299298472702503 0.009465072304010391 -2.159163236618042
0.013653161935508251 0.9992396831512451 0.03651994839310646 0.8172918558120728 -0.008926891721785069 0.03664368391036987 -0.9992885589599609 -0.6370868682861328 -0.9998669624328613 0.013317462988197803 0.009420382790267467 -2.159217119216919
0.01351116131991148 0.9992483854293823 0.03633368760347366 0.8173675537109375 -0.009002265520393848 0.03645706549286842 -0.9992946982383728 -0.6372215151786804 -0.9998682141304016 0.013174571096897125 0.009488052688539028 -2.15948224067688
0.01351948268711567 0.9992671608924866 0.03581057861447334 0.8171821236610413 -0.008829813450574875 0.03593173995614052 -0.9993152618408203 -0.6369567513465881 -0.9998696446418762 0.013194048777222633 0.009309097193181515 -2.1594276428222656
0.013821237720549107 0.999253511428833 0.036076150834560394 0.8173612356185913 -0.008400692604482174 0.036194343119859695 -0.9993094801902771 -0.6380078792572021 -0.9998692274093628 0.01350865326821804 0.008894648402929306 -2.159055471420288
0.013820256106555462 0.9992535710334778 0.03607476130127907 0.817362904548645 -0.008398417383432388 0.036192912608385086 -0.9993095397949219 -0.6380176544189453 -0.9998692274093628 0.013507767580449581 0.008892320096492767 -2.1590588092803955
0.013515127822756767 0.9992629289627075 0.03593046963214874 0.8171849846839905 -0.008216789923608303 0.036043502390384674 -0.9993164539337158 -0.6375405192375183 -0.9998749494552612 0.013210681267082691 0.008697842247784138 -2.158416509628296
0.013519573956727982 0.9992623925209045 0.03594285994768143 0.8171870708465576 -0.008224151097238064 0.0360560268163681 -0.9993159770965576 -0.6375545263290405 -0.9998748302459717 0.01321475114673376 0.008705523796379566 -2.1584055423736572
0.01306605152785778 0.9992386102676392 0.03676288574934006 0.8173842430114746 -0.00834145862609148 0.03687364608049393 -0.9992851614952087 -0.6373324394226074 -0.9998798370361328 0.012750078924000263 0.008816876448690891 -2.1582632064819336
0.01357159111648798 0.999263346195221 0.03589727357029915 0.8173502683639526 -0.007504912093281746 0.03600134328007698 -0.9993236064910889 -0.6377437114715576 -0.999879777431488 0.013293029740452766 0.007987955585122108 -2.157912015914917
0.013351510278880596 0.9992727637290955 0.03571781516075134 0.8173681497573853 -0.007559280376881361 0.03582082688808441 -0.999329686164856 -0.6375971436500549 -0.9998823404312134 0.013072583824396133 0.00803202111274004 -2.1577889919281006
0.013342244550585747 0.999272882938385 0.035717155784368515 0.8173874020576477 -0.00755926501005888 0.035820093005895615 -0.999329686164856 -0.6376060247421265 -0.9998824596405029 0.01306332927197218 0.008031665347516537 -2.1577584743499756
0.013030742295086384 0.9992694854736328 0.03592619299888611 0.8173955678939819 -0.007552300579845905 0.036026548594236374 -0.9993222951889038 -0.637292206287384 -0.9998865723609924 0.012750610709190369 0.008016212843358517 -2.1581368446350098
0.013516062870621681 0.9992888569831848 0.035201821476221085 0.8170889019966125 -0.008260193280875683 0.03531539812684059 -0.9993420839309692 -0.6369110941886902 -0.9998745322227478 0.013216421008110046 0.008731620386242867 -2.158512830734253
0.01426546461880207 0.999302327632904 0.03451661765575409 0.816963791847229 -0.007992415688931942 0.03463296219706535 -0.9993681907653809 -0.6374812722206116 -0.9998663067817688 0.013980604708194733 0.008480871096253395 -2.1591763496398926
0.014250284060835838 0.9993069171905518 0.0343899205327034 0.8173020482063293 -0.008096011355519295 0.03450757637619972 -0.9993716478347778 -0.6376358270645142 -0.999865710735321 0.013962932862341404 0.008582118898630142 -2.159512758255005
0.014186559244990349 0.9993138909339905 0.03421339392662048 0.8171378970146179 -0.007980167865753174 0.0343288779258728 -0.9993787407875061 -0.6374745965003967 -0.9998675584793091 0.01390474196523428 0.008461677469313145 -2.159250497817993
0.014055472798645496 0.9993188977241516 0.03412133455276489 0.8172309398651123 -0.00806276686489582 0.0342368446290493 -0.9993812441825867 -0.6374017000198364 -0.9998687505722046 0.013771687634289265 0.008538465946912766 -2.159266948699951
0.013610909692943096 0.9992963671684265 0.03495039790868759 0.8173462152481079 -0.008036743849515915 0.03506181389093399 -0.9993528723716736 -0.6372676491737366 -0.9998750686645508 0.01332123763859272 0.0085082883015275 -2.1586153507232666
0.013600497506558895 0.9992967844009399 0.03494337201118469 0.8173552751541138 -0.008031472563743591 0.03505462780594826 -0.9993531703948975 -0.6372576355934143 -0.9998753070831299 0.01331107784062624 0.008502560667693615 -2.158613443374634
0.013667494058609009 0.999295175075531 0.03496325761079788 0.817196786403656 -0.008315671235322952 0.03507888689637184 -0.9993499517440796 -0.6368781328201294 -0.9998720288276672 0.013367891311645508 0.008789227344095707 -2.158622980117798
0.013842263258993626 0.9992740154266357 0.035494912415742874 0.8173038363456726 -0.008424070663750172 0.03561357408761978 -0.9993301630020142 -0.6371524333953857 -0.9998687505722046 0.013534003868699074 0.008910903707146645 -2.1588988304138184
0.013566190376877785 0.9992524981498718 0.03620095178484917 0.8175229430198669 -0.008496441878378391 0.03631814941763878 -0.9993041753768921 -0.6373657584190369 -0.9998719096183777 0.013249196112155914 0.00898276548832655 -2.158482074737549
0.013557319529354572 0.9992520809173584 0.03621529042720795 0.8175384402275085 -0.008495951071381569 0.036332402378320694 -0.9993036985397339 -0.6373705267906189 -0.9998720288276672 0.01324022002518177 0.008982143364846706 -2.158482074737549
0.012440765276551247 0.9992043375968933 0.03789456561207771 0.8173645734786987 -0.008812661282718182 0.03800556808710098 -0.9992386698722839 -0.6373188495635986 -0.999883770942688 0.012097366154193878 0.009278443641960621 -2.1582162380218506
0.012925734743475914 0.9992067813873291 0.03766663745045662 0.8173395395278931 -0.009450717829167843 0.03779016062617302 -0.999241054058075 -0.6374585628509521 -0.9998718500137329 0.012559972703456879 0.009931663982570171 -2.1590633392333984
0.012908129021525383 0.9992069602012634 0.03766747936606407 0.8173253536224365 -0.009473437443375587 0.03779111057519913 -0.9992407560348511 -0.6374644041061401 -0.9998718500137329 0.012541512958705425 0.009953713975846767 -2.159099578857422
0.012822225689888 0.999210774898529 0.03759539872407913 0.8172337412834167 -0.009270932525396347 0.03771565109491348 -0.9992455244064331 -0.6372331976890564 -0.9998748302459717 0.012464032508432865 0.009747190400958061 -2.158944845199585
0.013034120202064514 0.9992154836654663 0.037396833300590515 0.8172539472579956 -0.00943170115351677 0.037521179765462875 -0.9992513656616211 -0.6370976567268372 -0.9998705983161926 0.012671670876443386 0.00991333369165659 -2.159006357192993
0.012838632799685001 0.9992433786392212 0.036713846027851105 0.8172016739845276 -0.009305719286203384 0.036834657192230225 -0.9992780685424805 -0.6369469165802002 -0.9998742938041687 0.012487740255892277 0.009771561250090599 -2.158916711807251
0.013089627958834171 0.9992481470108032 0.03649476543068886 0.8172811269760132 -0.009422633796930313 0.03661951795220375 -0.9992848634719849 -0.6369292736053467 -0.9998699426651001 0.012736414559185505 0.009894860908389091 -2.1588056087493896
0.01312329526990652 0.9992573857307434 0.03622861206531525 0.8172075748443604 -0.009469833225011826 0.03635428845882416 -0.999294102191925 -0.6369410753250122 -0.9998690485954285 0.012770977802574635 0.00993986427783966 -2.1589107513427734
0.013236528262495995 0.9992583990097046 0.03615950793027878 0.8174825310707092 -0.009490026161074638 0.03628656640648842 -0.9992963671684265 -0.6372983455657959 -0.9998673796653748 0.01288408413529396 0.009963272139430046 -2.1593515872955322
0.013230840675532818 0.9992590546607971 0.03614358231425285 0.8174934387207031 -0.009471436962485313 0.036270346492528915 -0.9992971420288086 -0.6373069882392883 -0.9998676180839539 0.012879234738647938 0.009944282472133636 -2.159398317337036
0.013027334585785866 0.9992658495903015 0.036029912531375885 0.8173316717147827 -0.009204977191984653 0.03615126758813858 -0.999303936958313 -0.637141227722168 -0.9998728036880493 0.012686636298894882 0.009669149294495583 -2.1591668128967285
0.01371944323182106 0.9993010759353638 0.034773796796798706 0.8170130848884583 -0.008153446018695831 0.03488769382238388 -0.9993579983711243 -0.6376124620437622 -0.9998726844787598 0.013427133671939373 0.0086263632401824 -2.159214735031128
0.014312735758721828 0.9992817044258118 0.035089291632175446 0.8174071311950684 -0.00847570225596428 0.03521284833550453 -0.9993439316749573 -0.6375311017036438 -0.9998616576194763 0.014005963690578938 0.008973582647740841 -2.1595118045806885
0.013718840666115284 0.9992502927780151 0.03620275855064392 0.8176441192626953 -0.00862251129001379 0.03632302209734917 -0.9993029236793518 -0.6376205682754517 -0.9998687505722046 0.013397143222391605 0.009114332497119904 -2.159303903579712
0.014308926649391651 0.9992666244506836 0.03551763296127319 0.8170890808105469 -0.007897641509771347 0.03563308343291283 -0.9993337392807007 -0.6376846432685852 -0.9998664855957031 0.014018912799656391 0.00840169657021761 -2.1590516567230225
0.014614787884056568 0.9993042945861816 0.0343138761818409 0.8167822957038879 -0.007515706587582827 0.034426335245370865 -0.9993789792060852 -0.6374245882034302 -0.9998649954795837 0.014347843825817108 0.008013587445020676 -2.1589877605438232
0.015012438409030437 0.9992871284484863 0.03464027866721153 0.8168812990188599 -0.006763334386050701 0.03474485129117966 -0.9993733763694763 -0.6378259658813477 -0.9998644590377808 0.014768771827220917 0.0072800940833985806 -2.158560037612915
0.014986438676714897 0.9992873668670654 0.03464455157518387 0.8168785572052002 -0.006772285792976618 0.034749068319797516 -0.9993731379508972 -0.6378486752510071 -0.9998647570610046 0.014742446132004261 0.007288200315088034 -2.1585452556610107
0.014992800541222095 0.999288022518158 0.03462294489145279 0.8168724179267883 -0.006792494095861912 0.0347278006374836 -0.999373733997345 -0.6378764510154724 -0.9998645782470703 0.01474825944751501 0.007308301515877247 -2.1585323810577393
0.01410935539752245 0.9992796182632446 0.035231586545705795 0.8174403309822083 -0.006992480717599392 0.0353328138589859 -0.9993511438369751 -0.6379458904266357 -0.9998760223388672 0.013853869400918484 0.007485942915081978 -2.1586079597473145
0.014090215787291527 0.9992794394493103 0.035243451595306396 0.8174749612808228 -0.006989786401391029 0.035344500094652176 -0.9993507862091064 -0.6379627585411072 -0.9998763203620911 0.013834748417139053 0.007482737768441439 -2.1586053371429443
0.014167282730340958 0.9992841482162476 0.0350784957408905 0.817489504814148 -0.007750022225081921 0.035190679132938385 -0.9993506073951721 -0.6382830142974854 -0.9998696446418762 0.013886247761547565 0.008243006654083729 -2.1588079929351807
0.013541740365326405 0.9992477297782898 0.03634106367826462 0.8175101280212402 -0.008887365460395813 0.03646321967244148 -0.9992954730987549 -0.6375580430030823 -0.9998688101768494 0.013209247961640358 0.00937443133443594 -2.159193277359009
0.013423864729702473 0.9992647767066956 0.035913463681936264 0.8173604607582092 -0.009035656228661537 0.03603643551468849 -0.9993096590042114 -0.637309193611145 -0.9998691082000732 0.013090120628476143 0.009512737393379211 -2.1589455604553223
0.013186533004045486 0.9992614984512329 0.03609122708439827 0.8176688551902771 -0.009504119865596294 0.03621796518564224 -0.9992987513542175 -0.6378415822982788 -0.9998679161071777 0.012834295630455017 0.009974666871130466 -2.159111499786377
0.01321367360651493 0.9992605447769165 0.03610800579190254 0.817679762840271 -0.00948876328766346 0.036234818398952484 -0.9992982745170593 -0.6378540396690369 -0.9998676776885986 0.012861805036664009 0.009960518218576908 -2.159119129180908
0.013219068758189678 0.9992603659629822 0.0361119881272316 0.8176904320716858 -0.009488561190664768 0.03623885288834572 -0.9992981553077698 -0.6378659009933472 -0.9998676180839539 0.012867163866758347 0.00996056292206049 -2.1591262817382812
0.01308587659150362 0.9992644786834717 0.036046456545591354 0.8176909685134888 -0.009467787109315395 0.03617172688245773 -0.9993007779121399 -0.6377856731414795 -0.9998695850372314 0.01273547112941742 0.009934138506650925 -2.1590988636016846
0.012791188433766365 0.9992628693580627 0.0361960269510746 0.8176159858703613 -0.009251139126718044 0.0363156795501709 -0.999297559261322 -0.6373900771141052 -0.9998754262924194 0.012447373941540718 0.00970881711691618 -2.159062623977661
0.013380834832787514 0.9992721676826477 0.03572351485490799 0.8174819350242615 -0.009713704697787762 0.03585490956902504 -0.9993098378181458 -0.6371034383773804 -0.99986332654953 0.013024616986513138 0.01018637977540493 -2.1592023372650146
0.013368365354835987 0.9992911219596863 0.035193778574466705 0.8174005150794983 -0.010067574679851532 0.035329632461071014 -0.9993250370025635 -0.637425422668457 -0.9998599886894226 0.013005049899220467 0.010532713495194912 -2.159519910812378
0.013219415210187435 0.999261736869812 0.03607402369379997 0.8178450465202332 -0.010287553071975708 0.03621116280555725 -0.9992912411689758 -0.6376692652702332 -0.9998597502708435 0.012838956899940968 0.010758624412119389 -2.1595683097839355
0.013235721737146378 0.9992607831954956 0.036094412207603455 0.8178620934486389 -0.0102913249284029 0.03623177483677864 -0.9992904663085938 -0.6376796364784241 -0.9998594522476196 0.012854895554482937 0.010763246566057205 -2.1595911979675293
0.01320621743798256 0.999261736869812 0.03607749938964844 0.817878782749176 -0.010268600657582283 0.036214251071214676 -0.9992913007736206 -0.6376908421516418 -0.9998601078987122 0.01282641664147377 0.010739249177277088 -2.1596126556396484
0.013478117063641548 0.9992560744285583 0.0361349917948246 0.8176892399787903 -0.010376134887337685 0.03627607598900795 -0.9992879629135132 -0.6375514268875122 -0.9998553395271301 0.013093603774905205 0.010857325047254562 -2.1598942279815674
0.013632595539093018 0.9992572069168091 0.036045439541339874 0.8174333572387695 -0.010116658173501492 0.03618476167321205 -0.9992939233779907 -0.637073814868927 -0.9998559355735779 0.013258335180580616 0.010602411814033985 -2.1594080924987793
0.01358447503298521 0.9992246031761169 0.03695507347583771 0.8177341818809509 -0.009765886701643467 0.037089284509420395 -0.9992642402648926 -0.6374503374099731 -0.9998600482940674 0.013213605619966984 0.01026212889701128 -2.159085512161255
0.013602714985609055 0.9992182850837708 0.03711848333477974 0.8175462484359741 -0.009529580362141132 0.03724975883960724 -0.9992605447769165 -0.6373116970062256 -0.9998620748519897 0.013238958083093166 0.010028805583715439 -2.159304141998291
0.013619158416986465 0.9992173910140991 0.03713655099272728 0.8175393342971802 -0.00953416246920824 0.03726805001497269 -0.9992598295211792 -0.6373093128204346 -0.9998618364334106 0.013255036436021328 0.010034237056970596 -2.1593122482299805
0.01419095229357481 0.9992468357086182 0.03611687570810318 0.8169639110565186 -0.008818785659968853 0.03624416142702103 -0.9993040561676025 -0.6374999284744263 -0.9998604655265808 0.013862594030797482 0.009326458908617496 -2.1596479415893555
0.014279856346547604 0.9992539286613464 0.035885605961084366 0.8172429800033569 -0.00925425998866558 0.03601978346705437 -0.9993082284927368 -0.6372648477554321 -0.9998552203178406 0.013937908224761486 0.0097616882994771 -2.1595821380615234
0.014289074577391148 0.9992533922195435 0.03589591756463051 0.8172314763069153 -0.009281044825911522 0.03603055700659752 -0.9993076324462891 -0.6372588276863098 -0.9998548626899719 0.013946053571999073 0.00978893507272005 -2.1596109867095947
0.014756850898265839 0.9992803931236267 0.034942131489515305 0.816970944404602 -0.008555007167160511 0.035070814192295074 -0.9993482232093811 -0.6375257968902588 -0.999854564666748 0.014448327012360096 0.00906636193394661 -2.1596384048461914
0.014775318093597889 0.9992887377738953 0.03469465300440788 0.817080020904541 -0.008635571226477623 0.03482465445995331 -0.9993561506271362 -0.6373647451400757 -0.9998535513877869 0.014466220512986183 0.009143950417637825 -2.1597023010253906
0.01484148483723402 0.9992669224739075 0.03529082238674164 0.8171126842498779 -0.008070568554103374 0.03541325405240059 -0.9993401765823364 -0.6380971074104309 -0.9998573064804077 0.014546900056302547 0.008590213023126125 -2.159254789352417
0.014833787456154823 0.9992689490318298 0.03523555397987366 0.8174524307250977 -0.008219067938625813 0.03536007180809975 -0.9993408918380737 -0.6382998824119568 -0.9998562335968018 0.01453443057835102 0.00873755943030119 -2.159712076187134
0.01581817865371704 0.9992818832397461 0.03443220630288124 0.8170861601829529 -0.007029314525425434 0.03454677760601044 -0.9993783831596375 -0.6380769610404968 -0.9998502135276794 0.015566335059702396 0.0075707100331783295 -2.1591384410858154
0.015807611867785454 0.9992825388908386 0.034418243914842606 0.8170861601829529 -0.00699743302538991 0.03453223779797554 -0.9993790984153748 -0.638085663318634 -0.9998505711555481 0.015556981787085533 0.007538260892033577 -2.1591405868530273
0.015031956136226654 0.9993051290512085 0.034107305109500885 0.817243218421936 -0.006847732234746218 0.034213222563266754 -0.9993911385536194 -0.6374763250350952 -0.9998635649681091 0.014789270237088203 0.007357242051512003 -2.158658027648926
0.015023174695670605 0.9993049502372742 0.03411718085408211 0.8172562718391418 -0.006859201472252607 0.034223202615976334 -0.999390721321106 -0.6374651193618774 -0.9998636245727539 0.014780028723180294 0.007368551567196846 -2.1586415767669678
0.01501916628330946 0.9993048310279846 0.03412151336669922 0.8172726035118103 -0.006858318578451872 0.03422749415040016 -0.9993905425071716 -0.6374516487121582 -0.9998636841773987 0.014776021242141724 0.007367595564574003 -2.158620595932007
0.014969701878726482 0.9992777109146118 0.03492824733257294 0.8175418972969055 -0.0071381498128175735 0.0350380502641201 -0.9993605017662048 -0.6375803351402283 -0.9998624920845032 0.01471083052456379 0.007657479494810104 -2.158950090408325
0.016073498874902725 0.9992910623550415 0.03404432535171509 0.8171704411506653 -0.006865695584565401 0.03415820375084877 -0.9993928670883179 -0.637744128704071 -0.9998472929000854 0.0158300269395113 0.007409846410155296 -2.159238338470459
0.016076240688562393 0.9992896318435669 0.03408575430512428 0.8171768188476562 -0.006870917975902557 0.03419974073767662 -0.9993914365768433 -0.6377607583999634 -0.9998471736907959 0.01583228074014187 0.0074158161878585815 -2.1592624187469482
0.016172509640455246 0.9992707967758179 0.034588444977998734 0.8171811699867249 -0.006872826721519232 0.034703224897384644 -0.9993740320205688 -0.6377646923065186 -0.9998456239700317 0.015924690291285515 0.007429029326885939 -2.1592631340026855
0.016618864610791206 0.9992508888244629 0.03495011851191521 0.8173654079437256 -0.007453562691807747 0.035077761858701706 -0.9993568062782288 -0.6380625367164612 -0.9998341202735901 0.016347697004675865 0.008030908182263374 -2.15956711769104
0.0172893013805151 0.99925297498703 0.03456282988190651 0.8172134757041931 -0.006794932298362255 0.03468460217118263 -0.9993752241134644 -0.6379660964012146 -0.9998274445533752 0.017043672502040863 0.00738950539380312 -2.159735679626465
0.01723019964993 0.9992372393608093 0.035043876618146896 0.8172152042388916 -0.006348687224090099 0.035157687962055206 -0.9993616342544556 -0.638325035572052 -0.9998314380645752 0.01699674129486084 0.006949595175683498 -2.1594293117523193
0.01721174083650112 0.9992381930351257 0.03502698615193367 0.8172249794006348 -0.0063575212843716145 0.03514081612229347 -0.9993621706962585 -0.6383584141731262 -0.9998316764831543 0.016978101804852486 0.006957489065825939 -2.1594529151916504
0.016834771260619164 0.9992414116859436 0.03511824831366539 0.8170126080513 -0.006067416165024042 0.03522465005517006 -0.9993610382080078 -0.6379539966583252 -0.9998399019241333 0.01661096327006817 0.006655788514763117 -2.1588993072509766
0.0170926321297884 0.9992835521697998 0.0337676964700222 0.8169165253639221 -0.004140672739595175 0.033843062818050385 -0.9994186162948608 -0.6379294991493225 -0.9998453855514526 0.01694289967417717 0.004716149531304836 -2.1577353477478027
0.017056528478860855 0.9992845058441162 0.03375723585486412 0.8169286847114563 -0.004140855744481087 0.033832430839538574 -0.9994189739227295 -0.6379417777061462 -0.9998459815979004 0.01690685749053955 0.0047149332240223885 -2.157686233520508
0.017332561314105988 0.999259352684021 0.034356486052274704 0.8170758485794067 -0.004119311459362507 0.03443269804120064 -0.9993985295295715 -0.6380598545074463 -0.9998413324356079 0.017180636525154114 0.004713043570518494 -2.157827138900757
0.017458604648709297 0.9992598295211792 0.034279536455869675 0.8170151710510254 -0.003793013282120228 0.0343506820499897 -0.999402642250061 -0.638107419013977 -0.9998404383659363 0.017318176105618477 0.004389896988868713 -2.157663583755493
0.017091182991862297 0.9992735981941223 0.0340617336332798 0.8169509768486023 -0.003667398588731885 0.03412910923361778 -0.9994107484817505 -0.6378228068351746 -0.9998472332954407 0.01695621758699417 0.0042480179108679295 -2.157362699508667
0.017534738406538963 0.999267041683197 0.03402838483452797 0.8166102766990662 -0.003888200968503952 0.03410148248076439 -0.9994108080863953 -0.6373234987258911 -0.9998387098312378 0.017392123118042946 0.004483288154006004 -2.157902240753174
0.017802201211452484 0.999261736869812 0.034045491367578506 0.8170865178108215 -0.00431806081905961 0.034127384424209595 -0.9994081854820251 -0.6372045874595642 -0.9998322129249573 0.01764467917382717 0.004922391846776009 -2.158263921737671
0.016096843406558037 0.99923175573349 0.035732369869947433 0.8170738816261292 -0.004593845456838608 0.03581050783395767 -0.9993480443954468 -0.6371139287948608 -0.9998599290847778 0.015922224149107933 0.0051667289808392525 -2.157454013824463
0.016120873391628265 0.9992319345474243 0.03571716323494911 0.817091703414917 -0.00463311281055212 0.03579604998230934 -0.9993484020233154 -0.6370789408683777 -0.9998593330383301 0.015944913029670715 0.005206594243645668 -2.157384157180786
0.016052959486842155 0.9991967678070068 0.036716729402542114 0.8174623250961304 -0.0049352156929671764 0.03680017217993736 -0.9993104934692383 -0.6374714970588684 -0.9998589754104614 0.01586071029305458 0.0055219801142811775 -2.157672643661499
0.016309812664985657 0.9991767406463623 0.037146057933568954 0.8172959089279175 -0.005283931735903025 0.037236589938402176 -0.9992925524711609 -0.637372612953186 -0.9998530745506287 0.0161020215600729 0.005886880215257406 -2.158017873764038
0.01627601683139801 0.9991767406463623 0.037162210792303085 0.8173035979270935 -0.0052484795451164246 0.037251975387334824 -0.9992921352386475 -0.6373717784881592 -0.999853789806366 0.016069473698735237 0.005850448738783598 -2.1580164432525635
0.015711138024926186 0.9991568922996521 0.03793106973171234 0.8171247839927673 -0.005394203122705221 0.038019873201847076 -0.9992624521255493 -0.6372427940368652 -0.9998620748519897 0.015494966879487038 0.005986967124044895 -2.1577303409576416
0.015698853880167007 0.9991564154624939 0.037948738783597946 0.8171149492263794 -0.005374871660023928 0.038037173449993134 -0.9992619156837463 -0.6372356414794922 -0.9998623728752136 0.015483321622014046 0.005967454053461552 -2.157716989517212
0.01583627425134182 0.9991402626037598 0.038315147161483765 0.8172716498374939 -0.00562823424115777 0.03840839862823486 -0.9992462992668152 -0.6375397443771362 -0.9998587965965271 0.015608716756105423 0.006231617648154497 -2.15809965133667
0.0157602708786726 0.9991526007652283 0.038022931665182114 0.8173491954803467 -0.005645045544952154 0.038115937262773514 -0.9992573857307434 -0.6374751925468445 -0.9998598694801331 0.015533950179815292 0.0062409560196101665 -2.158087968826294
0.015774952247738838 0.9991466999053955 0.03817177191376686 0.8170565962791443 -0.005641967058181763 0.038264837116003036 -0.9992517232894897 -0.6371086239814758 -0.9998596906661987 0.015547809191048145 0.006240755319595337 -2.158003330230713
