# 3x4 first row second row third row Freq: 250 current Time: 2020-10-01-15:05:16
0.05933773145079613 0.9977966547012329 -0.029678111895918846 0.03178352117538452 -0.038661517202854156 -0.027411017566919327 -0.9988762736320496 -0.6951630711555481 -0.9974889755249023 0.060418400913476944 0.03694988042116165 -0.8965476155281067
0.05924403294920921 0.9977987408638 -0.02979481779038906 0.03180459141731262 -0.038689423352479935 -0.027529636397957802 -0.998871922492981 -0.6951257586479187 -0.9974934458732605 0.060329895466566086 0.03697334602475166 -0.8966338038444519
0.059232573956251144 0.9977988004684448 -0.029815679416060448 0.03180050849914551 -0.03864888474345207 -0.027553396299481392 -0.9988728165626526 -0.6951214671134949 -0.997495710849762 0.06031809747219086 0.03693180903792381 -0.896639883518219
0.05928446352481842 0.9977964162826538 -0.0297913309186697 0.031869858503341675 -0.03854607790708542 -0.02753332071006298 -0.9988773465156555 -0.6950114965438843 -0.9974966049194336 0.0603661946952343 0.0368288978934288 -0.8965272903442383
0.05926591902971268 0.9977966547012329 -0.0298210047185421 0.03186701983213425 -0.038587361574172974 -0.027561213821172714 -0.9988750219345093 -0.6950144171714783 -0.9974960684776306 0.060349904000759125 0.03686895594000816 -0.896539032459259
0.05926314368844032 0.9977962970733643 -0.02983851172029972 0.03186926990747452 -0.03857792168855667 -0.02757941372692585 -0.998874843120575 -0.6950024366378784 -0.9974966049194336 0.06034751981496811 0.03685852140188217 -0.896541953086853
0.0591045506298542 0.9978036880493164 -0.029905278235673904 0.031799063086509705 -0.03857840970158577 -0.027652088552713394 -0.9988728165626526 -0.6950393915176392 -0.9975060224533081 0.060191575437784195 0.03685937076807022 -0.8965247273445129
0.059066224843263626 0.9978052377700806 -0.029929935932159424 0.031749751418828964 -0.038631804287433624 -0.027674971148371696 -0.9988701343536377 -0.6950770020484924 -0.9975062012672424 0.060155682265758514 0.03691241517663002 -0.8965206742286682
0.05905349180102348 0.997806966304779 -0.029897917062044144 0.03174637258052826 -0.03861719369888306 -0.027644271031022072 -0.9988715648651123 -0.6951526999473572 -0.9975075125694275 0.06014137342572212 0.03690006956458092 -0.8965741991996765
0.058887772262096405 0.9978106021881104 -0.030102204531431198 0.03178754076361656 -0.038616351783275604 -0.027854960411787033 -0.9988657236099243 -0.6951244473457336 -0.9975173473358154 0.05998336523771286 0.036891546100378036 -0.8965867161750793
0.05888748914003372 0.9978109002113342 -0.030092816799879074 0.03178853541612625 -0.03860355168581009 -0.02784634381532669 -0.9988664984703064 -0.695124089717865 -0.9975178837776184 0.05998237803578377 0.03687930107116699 -0.8965857625007629
0.05893709510564804 0.9978089332580566 -0.03006012924015522 0.0318012498319149 -0.038619592785835266 -0.027810819447040558 -0.998866856098175 -0.6951953172683716 -0.9975143074989319 0.06003116816282272 0.03689594566822052 -0.896584153175354
0.058944717049598694 0.9978092908859253 -0.030034640803933144 0.03180178627371788 -0.03859715908765793 -0.0277863722294569 -0.9988684058189392 -0.6952008605003357 -0.9975147247314453 0.06003721430897713 0.03687480092048645 -0.8965798616409302
0.0589325949549675 0.9978094696998596 -0.030051948502659798 0.03180903568863869 -0.03864002227783203 -0.027801567688584328 -0.9988663196563721 -0.6952167749404907 -0.9975138306617737 0.06002693995833397 0.03691701963543892 -0.8965687155723572
0.05878987908363342 0.9978209733963013 -0.02994893305003643 0.03188452124595642 -0.03851723298430443 -0.027711104601621628 -0.9988735914230347 -0.6951650977134705 -0.997527003288269 0.05987715348601341 0.03680422529578209 -0.8964778184890747
0.05878328159451485 0.997821569442749 -0.029941566288471222 0.031891826540231705 -0.0385030172765255 -0.02770482562482357 -0.998874306678772 -0.6951680183410645 -0.9975278973579407 0.05986989662051201 0.03679061681032181 -0.8964701890945435
0.058805301785469055 0.9978227615356445 -0.02985980361700058 0.03183801472187042 -0.03852148354053497 -0.027621053159236908 -0.9988759160041809 -0.6950825452804565 -0.9975259304046631 0.05988938733935356 0.0368134044110775 -0.8965104818344116
0.05890059471130371 0.9978195428848267 -0.029778143391013145 0.03185516968369484 -0.038362059742212296 -0.027545373886823654 -0.9988841414451599 -0.6949914693832397 -0.9975264072418213 0.05997716635465622 0.036656033247709274 -0.8963590860366821
0.05897202715277672 0.9978193640708923 -0.0296421367675066 0.03180129826068878 -0.03816157579421997 -0.02741866186261177 -0.9988952875137329 -0.6949173808097839 -0.9975298643112183 0.060038018971681595 0.0364614799618721 -0.8963620662689209
0.05905451625585556 0.9978112578392029 -0.02975177764892578 0.03184641897678375 -0.038257379084825516 -0.027519628405570984 -0.9988888502120972 -0.6951047778129578 -0.9975213408470154 0.06012706831097603 0.036548539996147156 -0.8965147733688354
0.059037938714027405 0.9978129267692566 -0.0297279991209507 0.03184893727302551 -0.03826814144849777 -0.02749578282237053 -0.9988890886306763 -0.6951068639755249 -0.9975219368934631 0.0601099357008934 0.036561209708452225 -0.8965126276016235
0.059032004326581955 0.9978114366531372 -0.029789475724101067 0.03182782605290413 -0.038268882781267166 -0.0275574978441 -0.9988873600959778 -0.695151150226593 -0.997522234916687 0.06010628119111061 0.03655841201543808 -0.8966261744499207
0.05902918428182602 0.9978123307228088 -0.029765628278255463 0.031815219670534134 -0.03827403113245964 -0.02753341756761074 -0.998887836933136 -0.6951440572738647 -0.9975221753120422 0.06010273098945618 0.036565084010362625 -0.896630048751831
0.059185415506362915 0.9977933764457703 -0.03008999489247799 0.03186488151550293 -0.03801025450229645 -0.02786834165453911 -0.9988886117935181 -0.6950919032096863 -0.9975230097770691 0.060263313353061676 0.03627703711390495 -0.89654541015625
0.059335190802812576 0.9977818131446838 -0.030176768079400063 0.03179793432354927 -0.03822310268878937 -0.027936866506934166 -0.9988785982131958 -0.6951100826263428 -0.9975060224533081 0.06042204797267914 0.03648073598742485 -0.8966154456138611
0.05937837436795235 0.9977821111679077 -0.0300819780677557 0.03182016685605049 -0.03825493901968002 -0.027838461101055145 -0.9988800883293152 -0.6951698064804077 -0.9975022077560425 0.06046260893344879 0.036517150700092316 -0.8968148827552795
0.05936964601278305 0.9977852702140808 -0.029993990436196327 0.031811486929655075 -0.038281895220279694 -0.027749063447117805 -0.9988815784454346 -0.6951318979263306 -0.9975016713142395 0.06045141816139221 0.03654971346259117 -0.8967950940132141
0.05918354541063309 0.9977986216545105 -0.029918164014816284 0.03179159760475159 -0.03839580714702606 -0.02767309918999672 -0.9988793134689331 -0.6952602863311768 -0.9975084066390991 0.06026589870452881 0.03667354956269264 -0.8966808319091797
0.05908893048763275 0.997801661491394 -0.030003590509295464 0.031784240156412125 -0.03832316771149635 -0.027766482904553413 -0.9988794922828674 -0.6951852440834045 -0.9975167512893677 0.06017249822616577 0.036598287522792816 -0.8966084122657776
0.05903398245573044 0.9978037476539612 -0.0300421342253685 0.03182288259267807 -0.038292281329631805 -0.02780894562602043 -0.9988794922828674 -0.6951674222946167 -0.9975212216377258 0.060118164867162704 0.03656656667590141 -0.8966788053512573
0.05901690945029259 0.9978051781654358 -0.030029671266674995 0.03182493522763252 -0.03826814144849777 -0.027798552066087723 -0.9988806843757629 -0.695161759853363 -0.9975231289863586 0.06009997799992561 0.036543622612953186 -0.8966898918151855
0.059007398784160614 0.9978143572807312 -0.029740195721387863 0.03183886036276817 -0.03818722441792488 -0.027513986453413963 -0.9988917112350464 -0.6952341794967651 -0.9975268244743347 0.060077644884586334 0.036480288952589035 -0.8967781662940979
0.059149615466594696 0.9978071451187134 -0.029700037091970444 0.03190029785037041 -0.03819436579942703 -0.02746814489364624 -0.9988926649093628 -0.6952039003372192 -0.9975181221961975 0.060218438506126404 0.0364859402179718 -0.8967212438583374
0.059473250061273575 0.997786283493042 -0.029755234718322754 0.031856078654527664 -0.03819812834262848 -0.02751132845878601 -0.9988913536071777 -0.6952129006385803 -0.9974987506866455 0.06054385378956795 0.03647743538022041 -0.8967004418373108
0.059443313628435135 0.99778813123703 -0.02975267730653286 0.031856779009103775 -0.038197945803403854 -0.02750987559556961 -0.9988914132118225 -0.6952214241027832 -0.9975005388259888 0.060513850301504135 0.03647823631763458 -0.8967058062553406
0.05968012660741806 0.9977648854255676 -0.03005686029791832 0.03176802769303322 -0.03826459124684334 -0.027801668271422386 -0.9988807439804077 -0.6952186226844788 -0.9974838495254517 0.060763392597436905 0.036519914865493774 -0.8965908288955688
0.059700969606637955 0.9977645874023438 -0.030024565756320953 0.0317557267844677 -0.03832816705107689 -0.0277647003531456 -0.9988793730735779 -0.6951738595962524 -0.9974801540374756 0.06078479811549187 0.036584965884685516 -0.8965410590171814
0.059440601617097855 0.9977795481681824 -0.030043981969356537 0.03180083632469177 -0.0384451225399971 -0.027786603197455406 -0.9988742470741272 -0.6951742768287659 -0.997491180896759 0.060528676956892014 0.03670816123485565 -0.8965709209442139
0.05953027680516243 0.9977712035179138 -0.03014320880174637 0.03180320933461189 -0.038446180522441864 -0.027882570400834084 -0.9988715052604675 -0.6951494216918945 -0.9974858164787292 0.06062193959951401 0.036700692027807236 -0.8965364694595337
0.05965598300099373 0.9977597594261169 -0.030274640768766403 0.03183799609541893 -0.038406871259212494 -0.02801191434264183 -0.9988694190979004 -0.695144772529602 -0.9974797964096069 0.060751236975193024 0.036649808287620544 -0.8965962529182434
0.05957973748445511 0.9977708458900452 -0.030058639124035835 0.031801488250494 -0.0384102463722229 -0.02779827080667019 -0.9988752603530884 -0.6951762437820435 -0.9974842071533203 0.060667235404253006 0.03666846454143524 -0.8965710997581482
0.059442710131406784 0.9977817535400391 -0.029967885464429855 0.03181421384215355 -0.03824926167726517 -0.027722228318452835 -0.9988835453987122 -0.6952123045921326 -0.9974985718727112 0.06052254140377045 0.03651658818125725 -0.8966227173805237
0.059398870915174484 0.9977816939353943 -0.030055474489927292 0.03181328997015953 -0.03823640197515488 -0.027812300249934196 -0.9988815188407898 -0.6951906681060791 -0.9975017309188843 0.06048159673810005 0.03649962320923805 -0.8965919017791748
0.05928797647356987 0.9977983832359314 -0.02971993200480938 0.031820133328437805 -0.03818586841225624 -0.027483511716127396 -0.998892605304718 -0.6952347755432129 -0.9975102543830872 0.060357145965099335 0.03647241368889809 -0.8966315388679504
0.05925982445478439 0.997799813747406 -0.029727132990956306 0.03194060176610947 -0.038191504776477814 -0.027491409331560135 -0.9988921284675598 -0.6951902508735657 -0.9975116848945618 0.06032944470643997 0.036478396505117416 -0.8966501951217651
0.059406377375125885 0.9977924227714539 -0.029682597145438194 0.03186656907200813 -0.0383564755320549 -0.027431458234786987 -0.9988874793052673 -0.6951773762702942 -0.9974966645240784 0.06047875061631203 0.036642253398895264 -0.8967139720916748
0.059358179569244385 0.997796356678009 -0.02964765951037407 0.03186950460076332 -0.038369547575712204 -0.027397463098168373 -0.9988878965377808 -0.695157527923584 -0.9974989891052246 0.060429684817790985 0.03665878623723984 -0.896733283996582
0.059290286153554916 0.9977977871894836 -0.02973434329032898 0.03186207264661789 -0.03835614025592804 -0.02748754993081093 -0.9988859295845032 -0.6950826048851013 -0.9975035786628723 0.060364674776792526 0.036641981452703476 -0.8965840935707092
0.059314560145139694 0.9978047013282776 -0.02945198118686676 0.031839702278375626 -0.03831397369503975 -0.02720654010772705 -0.9988952279090881 -0.6951567530632019 -0.9975037574768066 0.06037740036845207 0.03661617636680603 -0.8965363502502441
0.05931868404150009 0.9978047013282776 -0.029444769024848938 0.03184159845113754 -0.038322750478982925 -0.027198636904358864 -0.9988951086997986 -0.6951754093170166 -0.9975031614303589 0.06038149446249008 0.03662529215216637 -0.8965325355529785
0.059422336518764496 0.9977884888648987 -0.029782995581626892 0.031856294721364975 -0.03841449320316315 -0.027527861297130585 -0.9988825917243958 -0.695132851600647 -0.9974934458732605 0.06049998477101326 0.03669382631778717 -0.8965321779251099
0.05940732732415199 0.9977885484695435 -0.029811041429638863 0.031866405159235 -0.038393620401620865 -0.02755775675177574 -0.9988825917243958 -0.6950691938400269 -0.997495174407959 0.06048544496297836 0.03667163848876953 -0.8964588642120361
0.05958694592118263 0.9977709054946899 -0.03004210628569126 0.03180146962404251 -0.03836647421121597 -0.027784116566181183 -0.9988773465156555 -0.6951355338096619 -0.9974855184555054 0.06067260727286339 0.03662543743848801 -0.896370530128479
0.059456005692481995 0.9977834820747375 -0.029882701113820076 0.03185468539595604 -0.038486726582050323 -0.027622053399682045 -0.998877227306366 -0.6950473189353943 -0.9974886775016785 0.060539282858371735 0.036759182810783386 -0.8964782953262329
0.05925614759325981 0.9977951645851135 -0.029890090227127075 0.03180887922644615 -0.038567036390304565 -0.027631964534521103 -0.9988738298416138 -0.6951234936714172 -0.9974974393844604 0.06034213677048683 0.03684469684958458 -0.8965169191360474
0.05908797308802605 0.997811496257782 -0.029677513986825943 0.03180265799164772 -0.038633931428194046 -0.027421345934271812 -0.9988770484924316 -0.6951274275779724 -0.9975048303604126 0.06016812473535538 0.036929164081811905 -0.896584153175354
0.05913320556282997 0.9978095889091492 -0.029650764539837837 0.03180823102593422 -0.03865107148885727 -0.02739185467362404 -0.998877227306366 -0.6951108574867249 -0.9975014925003052 0.060212790966033936 0.036946699023246765 -0.8965812921524048
0.05916162580251694 0.9978139400482178 -0.029447048902511597 0.031792521476745605 -0.03858032450079918 -0.02719113975763321 -0.9988853931427002 -0.6951920390129089 -0.9975025653839111 0.060231711715459824 0.03688737004995346 -0.8966289758682251
0.05926145985722542 0.9977962374687195 -0.029843823984265327 0.031846750527620316 -0.038609579205513 -0.02758287824690342 -0.9988735318183899 -0.6951902508735657 -0.9974954724311829 0.06034690886735916 0.036889947950839996 -0.896677553653717
0.05922049656510353 0.9977984428405762 -0.02985040284693241 0.031749121844768524 -0.038615357130765915 -0.02759063057601452 -0.9988731145858765 -0.6951128840446472 -0.9974977374076843 0.06030639261007309 0.0368964709341526 -0.8965672254562378
0.059227220714092255 0.9977983236312866 -0.029841063544154167 0.031742822378873825 -0.03863328695297241 -0.02757995016872883 -0.998872697353363 -0.6951109766960144 -0.9974966049194336 0.06031326204538345 0.036914803087711334 -0.8965685963630676
0.0593898631632328 0.9977824687957764 -0.030048983171582222 0.0318448431789875 -0.03840408846735954 -0.02779596671462059 -0.9988755583763123 -0.6950066089630127 -0.9974957704544067 0.060477033257484436 0.03666818141937256 -0.8963772654533386
0.05941307172179222 0.9977796077728271 -0.03009679727256298 0.031872108578681946 -0.0383891835808754 -0.027843881398439407 -0.9988747835159302 -0.6950600743293762 -0.9974949955940247 0.06050155684351921 0.036649711430072784 -0.8964593410491943
0.05938233807682991 0.9977843761444092 -0.029998740181326866 0.03185189142823219 -0.03837670758366585 -0.027747604995965958 -0.9988779425621033 -0.6949992179870605 -0.9974973201751709 0.060466911643743515 0.036644019186496735 -0.8964052200317383
0.059267256408929825 0.9977924823760986 -0.02995796501636505 0.03185449540615082 -0.03851527348160744 -0.027702635154128075 -0.9988738894462585 -0.6949849128723145 -0.9974988102912903 0.06035429984331131 0.0367884486913681 -0.8964527249336243
0.059285350143909454 0.9977859258651733 -0.03013935126364231 0.031850140541791916 -0.03844489902257919 -0.02788780815899372 -0.9988714456558228 -0.6949707269668579 -0.9975004196166992 0.0603770948946476 0.03670649975538254 -0.8964444994926453
0.05929294601082802 0.9977853894233704 -0.03014167584478855 0.03185586631298065 -0.038466859608888626 -0.027888527140021324 -0.9988705515861511 -0.6949610710144043 -0.9974991679191589 0.06038537994027138 0.036728136241436005 -0.896445631980896
0.05933406576514244 0.9977800846099854 -0.030236059799790382 0.031836818903684616 -0.03843212127685547 -0.02798360213637352 -0.9988692402839661 -0.6949350237846375 -0.9974980354309082 0.060428958386182785 0.0366864837706089 -0.8964782953262329
0.0594266913831234 0.9977693557739258 -0.03040817566215992 0.03179525211453438 -0.038503874093294144 -0.028148142620921135 -0.9988618493080139 -0.6950554251670837 -0.9974897503852844 0.060529835522174835 0.03674529492855072 -0.8963801264762878
0.05944838747382164 0.9977681636810303 -0.030404498800635338 0.031795717775821686 -0.0385202057659626 -0.028142670169472694 -0.9988613724708557 -0.6950624585151672 -0.9974878430366516 0.06055183336138725 0.03676125407218933 -0.8963751792907715
0.0596122145652771 0.9977566003799438 -0.030464058741927147 0.031830646097660065 -0.03857828676700592 -0.02819271758198738 -0.9988577365875244 -0.6951435208320618 -0.997475802898407 0.0607193186879158 0.036811165511608124 -0.8963629007339478
0.05943136662244797 0.9977701902389526 -0.030372781679034233 0.03188924491405487 -0.03868306428194046 -0.028101664036512375 -0.998856246471405 -0.6950346827507019 -0.9974825382232666 0.06053825095295906 0.036926742643117905 -0.8963509202003479
0.059445179998874664 0.9977691173553467 -0.030380435287952423 0.03189951553940773 -0.03866949677467346 -0.028109636157751083 -0.9988565444946289 -0.6950384378433228 -0.9974822402000427 0.060551952570676804 0.036912303417921066 -0.8963486552238464
0.059527624398469925 0.9977607727050781 -0.030491963028907776 0.031838323920965195 -0.038651831448078156 -0.028219306841492653 -0.9988541603088379 -0.6950527429580688 -0.9974780082702637 0.060637932270765305 0.03688550740480423 -0.8963735103607178
0.05968451872467995 0.9977446794509888 -0.030711306259036064 0.03180820494890213 -0.038573455065488815 -0.028437862172722816 -0.99885094165802 -0.6950074434280396 -0.9974716901779175 0.06080053001642227 0.036789216101169586 -0.8964081406593323
0.0596974678337574 0.9977454543113708 -0.03066157177090645 0.03180865943431854 -0.038575876504182816 -0.028387445956468582 -0.9988523125648499 -0.6950743794441223 -0.9974707961082458 0.06081169843673706 0.036794304847717285 -0.8964866399765015
0.059842538088560104 0.997737467288971 -0.03063763678073883 0.03176916390657425 -0.03853713721036911 -0.02836049534380436 -0.9988545775413513 -0.695095419883728 -0.997463583946228 0.06095462664961815 0.036752842366695404 -0.8964321613311768
0.05980328097939491 0.9977390170097351 -0.030664939433336258 0.03177091106772423 -0.03855811432003975 -0.028387995436787605 -0.9988529682159424 -0.6950845122337341 -0.9974651336669922 0.06091701611876488 0.03677329793572426 -0.8964319825172424
0.059703029692173004 0.9977453947067261 -0.030652429908514023 0.03183949366211891 -0.0384724922478199 -0.028384391218423843 -0.9988563656806946 -0.6950180530548096 -0.9974744915962219 0.06081397458910942 0.036691173911094666 -0.896479070186615
0.05965053662657738 0.9977494478225708 -0.030623480677604675 0.0318206250667572 -0.03847893700003624 -0.028356950730085373 -0.9988569021224976 -0.694972038269043 -0.9974773526191711 0.060760658234357834 0.036700889468193054 -0.8964464664459229
0.05964992195367813 0.9977501630783081 -0.03060138411819935 0.03182772919535637 -0.03840871900320053 -0.02833913080394268 -0.9988601207733154 -0.6948823928833008 -0.9974800944328308 0.06075723469257355 0.036631934344768524 -0.8963907361030579
0.059558093547821045 0.9977560043334961 -0.030588209629058838 0.031711701303720474 -0.038417600095272064 -0.028328778222203255 -0.9988600611686707 -0.6949633955955505 -0.9974852204322815 0.060665275901556015 0.036644238978624344 -0.8963319063186646
0.05955749750137329 0.9977554678916931 -0.030607007443904877 0.03170684725046158 -0.03844201937317848 -0.02834613248705864 -0.998858630657196 -0.6949642896652222 -0.9974843263626099 0.06066606193780899 0.03666757047176361 -0.8963333368301392
0.05958589166402817 0.9977545142173767 -0.03058365173637867 0.031708791851997375 -0.03841777890920639 -0.028323180973529816 -0.998860239982605 -0.6949689984321594 -0.9974835515022278 0.06069288030266762 0.03664390370249748 -0.8963431119918823
0.059526361525058746 0.9977656602859497 -0.030334316194057465 0.031884342432022095 -0.038643669337034225 -0.02806202881038189 -0.9988588690757751 -0.6950636506080627 -0.9974784255027771 0.06063061207532883 0.03688695281744003 -0.8965513110160828
0.059507422149181366 0.9977667927742004 -0.03033493645489216 0.03188898786902428 -0.038631945848464966 -0.02806406281888485 -0.9988592863082886 -0.6950644850730896 -0.9974799752235413 0.060611385852098465 0.036875709891319275 -0.8965559601783752
0.05947869271039963 0.997768759727478 -0.030326301231980324 0.03189725801348686 -0.03865491971373558 -0.028055086731910706 -0.998858630657196 -0.6950656771659851 -0.9974808096885681 0.06058301404118538 0.036900050938129425 -0.8965625762939453
0.05931932479143143 0.9977776408195496 -0.030346697196364403 0.03181559965014458 -0.038607966154813766 -0.028084252029657364 -0.9988596439361572 -0.6950268745422363 -0.9974921345710754 0.06042325124144554 0.036856286227703094 -0.8964409828186035
0.05912495777010918 0.9977990388870239 -0.030019572004675865 0.03180204704403877 -0.03856920823454857 -0.027766305953264236 -0.9988700151443481 -0.6950657367706299 -0.9975051879882812 0.06021592393517494 0.036842696368694305 -0.8963935375213623
0.05912568420171738 0.9977990984916687 -0.03001585602760315 0.03180176764726639 -0.03856911510229111 -0.02776256576180458 -0.9988701343536377 -0.695066511631012 -0.9975051283836365 0.0602165125310421 0.03684280440211296 -0.8963936567306519
0.059159375727176666 0.9977949857711792 -0.030086137354373932 0.03183542191982269 -0.03864496201276779 -0.027827095240354538 -0.9988654255867004 -0.6950414180755615 -0.9975001811981201 0.06025487929582596 0.03691357374191284 -0.8964303731918335
0.05917226895689964 0.9977946877479553 -0.030071645975112915 0.0318487249314785 -0.03865000605583191 -0.0278118047863245 -0.9988656640052795 -0.6950522661209106 -0.9974992275238037 0.060267362743616104 0.036919139325618744 -0.8964453339576721
0.05901182070374489 0.9978071451187134 -0.02997376210987568 0.03180955722928047 -0.03851502761244774 -0.027727894484996796 -0.9988731741905212 -0.6950005888938904 -0.9975139498710632 0.06009971350431442 0.036794353276491165 -0.8964552879333496
0.05881889536976814 0.9978203773498535 -0.02991250529885292 0.03185040131211281 -0.03853718936443329 -0.02767236717045307 -0.9988738894462585 -0.6950100064277649 -0.9975244998931885 0.05990534648299217 0.03682559356093407 -0.8964829444885254
0.05875750631093979 0.9978255033493042 -0.029862066730856895 0.03187085688114166 -0.03860395401716232 -0.027620138600468636 -0.9988727569580078 -0.6950122714042664 -0.9975255131721497 0.059844013303518295 0.03689717873930931 -0.896545946598053
0.05885109677910805 0.9978172779083252 -0.029951628297567368 0.03188568353652954 -0.03868507221341133 -0.027701454237103462 -0.9988673329353333 -0.6950272917747498 -0.9975168704986572 0.0599430687725544 0.036970432847738266 -0.8965384364128113
0.05885061249136925 0.9978171586990356 -0.029956482350826263 0.03189041092991829 -0.03868889436125755 -0.027706101536750793 -0.9988670945167542 -0.6950255632400513 -0.9975167512893677 0.05994286760687828 0.0369739793241024 -0.896546483039856
0.05918163061141968 0.9977937340736389 -0.03008517250418663 0.03181377425789833 -0.038678888231515884 -0.027823254466056824 -0.9988641738891602 -0.6951424479484558 -0.99749755859375 0.060278020799160004 0.03694698214530945 -0.8965553641319275
0.059659622609615326 0.9977503418922424 -0.030575402081012726 0.03176293149590492 -0.03856436908245087 -0.028303280472755432 -0.9988551139831543 -0.6951285600662231 -0.9974735379219055 0.060770388692617416 0.03678910434246063 -0.896377682685852
0.05964893102645874 0.9977508187294006 -0.030581893399357796 0.031759608536958694 -0.038572583347558975 -0.028309673070907593 -0.9988546371459961 -0.6951353549957275 -0.9974738359451294 0.06076018139719963 0.03679724037647247 -0.8963727951049805
0.0596790686249733 0.9977505207061768 -0.030531059950590134 0.031756043434143066 -0.03854609280824661 -0.028259282931685448 -0.9988570809364319 -0.6950981020927429 -0.9974730610847473 0.060787659138441086 0.0367729552090168 -0.8963125944137573
0.05946321412920952 0.9977672100067139 -0.030407961457967758 0.03188906982541084 -0.038720689713954926 -0.028133416548371315 -0.9988539218902588 -0.695104718208313 -0.9974792003631592 0.06057243049144745 0.0369613878428936 -0.8964393138885498
0.05930963531136513 0.9977791905403137 -0.030314551666378975 0.03189316391944885 -0.03861077129840851 -0.028052261099219322 -0.9988604187965393 -0.6951045393943787 -0.9974926114082336 0.060412462800741196 0.03686131164431572 -0.8964057564735413
0.059376977384090424 0.9977796077728271 -0.03016863577067852 0.03186684101819992 -0.03865958750247955 -0.027900734916329384 -0.9988628029823303 -0.6950849294662476 -0.9974867105484009 0.060475707054138184 0.03691714257001877 -0.8965002298355103
0.0592847540974617 0.9977867603302002 -0.030113061890006065 0.031766377389431 -0.03866187855601311 -0.02784837782382965 -0.9988641738891602 -0.6950396299362183 -0.9974920749664307 0.06038159132003784 0.036925386637449265 -0.8964516520500183
0.059034522622823715 0.9978026747703552 -0.030077874660491943 0.03169624134898186 -0.038636215031147 -0.027823975309729576 -0.9988658428192139 -0.6950401663780212 -0.9975079298019409 0.06012961268424988 0.036908797919750214 -0.8963478803634644
0.05899221450090408 0.9978072047233582 -0.030009111389517784 0.03176619112491608 -0.03850240260362625 -0.027764765545725822 -0.9988726377487183 -0.69499671459198 -0.9975156188011169 0.060081079602241516 0.03678012639284134 -0.8964489102363586
0.059002093970775604 0.9978071451187134 -0.02999221347272396 0.03175533562898636 -0.03847021609544754 -0.027749424800276756 -0.998874306678772 -0.6949583888053894 -0.9975162744522095 0.06008942797780037 0.03674863651394844 -0.8964236974716187
0.05899520218372345 0.9978073239326477 -0.029999766498804092 0.03174646571278572 -0.03845983371138573 -0.027757864445447922 -0.9988744854927063 -0.6949489116668701 -0.9975170493125916 0.060082536190748215 0.03673797845840454 -0.8964309692382812
0.05909056216478348 0.997791588306427 -0.030334046110510826 0.03176833316683769 -0.03855183348059654 -0.028083436191082 -0.9988618493080139 -0.6949113607406616 -0.9975078701972961 0.060192689299583435 0.036807283759117126 -0.8963521718978882
0.05883880704641342 0.9978083968162537 -0.030271053314208984 0.0318940132856369 -0.03841383382678032 -0.028037970885634422 -0.9988684058189392 -0.6949892640113831 -0.997528076171875 0.05993499979376793 0.03667997941374779 -0.8963785171508789
0.058864761143922806 0.9978067278862 -0.030274515971541405 0.03190392255783081 -0.03841182962059975 -0.028040602803230286 -0.9988684058189392 -0.6949969530105591 -0.9975266456604004 0.059960998594760895 0.036677036434412 -0.8963807821273804
0.05877681076526642 0.9978147149085999 -0.03018242120742798 0.03184352442622185 -0.038374993950128555 -0.02795385755598545 -0.9988722801208496 -0.6950132250785828 -0.9975332021713257 0.05986872315406799 0.03664815053343773 -0.8964344263076782
0.058946434408426285 0.997802734375 -0.03024737536907196 0.031861063092947006 -0.03847672417759895 -0.02800651825964451 -0.9988669157028198 -0.6949707865715027 -0.997519314289093 0.06004340946674347 0.03674135357141495 -0.8964934349060059
0.05918756127357483 0.9977862238883972 -0.030320674180984497 0.03182774782180786 -0.03856108337640762 -0.028065908700227737 -0.9988619685173035 -0.6950785517692566 -0.997501790523529 0.060289349406957626 0.036814622581005096 -0.8963757157325745
0.059322163462638855 0.9977777600288391 -0.030336247757077217 0.03186802938580513 -0.03859299421310425 -0.0280745942145586 -0.9988604784011841 -0.6950858235359192 -0.9974925518035889 0.060425277799367905 0.03684184327721596 -0.8963044881820679
0.05979040265083313 0.9977414011955261 -0.03061250038444996 0.03184276446700096 -0.03858950361609459 -0.028334056958556175 -0.998853325843811 -0.6950744390487671 -0.9974647164344788 0.06090310961008072 0.03680829703807831 -0.8963363170623779
0.05982718616724014 0.9977372884750366 -0.03067435510456562 0.03174808248877525 -0.03855165094137192 -0.028396932408213615 -0.9988529682159424 -0.6950775384902954 -0.9974639415740967 0.06094105541706085 0.03676556795835495 -0.8964230418205261
0.059845928102731705 0.9977350831031799 -0.030708812177181244 0.03173862025141716 -0.03856939449906349 -0.028429653495550156 -0.9988513588905334 -0.6950834393501282 -0.9974621534347534 0.06096155196428299 0.036780696362257004 -0.8964319825172424
0.0594850555062294 0.9977643489837646 -0.030459526926279068 0.03182803466916084 -0.03850797936320305 -0.0281971488147974 -0.9988602995872498 -0.6950198411941528 -0.9974861145019531 0.060590144246816635 0.03674463555216789 -0.8964037299156189
0.059388164430856705 0.9977706074714661 -0.03044271469116211 0.031749024987220764 -0.03841578960418701 -0.028189482167363167 -0.9988641142845154 -0.6950668096542358 -0.9974954724311829 0.06049013510346413 0.036656081676483154 -0.8963232040405273
0.05916418507695198 0.9977895617485046 -0.03025759942829609 0.03185497596859932 -0.03852235525846481 -0.028005968779325485 -0.9988651275634766 -0.6948832869529724 -0.9975046515464783 0.06026258319616318 0.03678031265735626 -0.8962746858596802
0.059154804795980453 0.9977895617485046 -0.03027549386024475 0.031858231872320175 -0.03848620876669884 -0.028026411309838295 -0.9988659620285034 -0.6948831081390381 -0.9975066184997559 0.06025285646319389 0.036743298172950745 -0.8962733745574951
0.059146948158741 0.9977902173995972 -0.03026815690100193 0.03186262771487236 -0.03850260004401207 -0.028018366545438766 -0.99886554479599 -0.6948803067207336 -0.9975064396858215 0.060245200991630554 0.036760374903678894 -0.8962719440460205
0.0591614693403244 0.9977923035621643 -0.030171537771821022 0.031822796911001205 -0.0385170616209507 -0.027920234948396683 -0.9988677501678467 -0.6948720812797546 -0.9975050091743469 0.06025655195116997 0.036780282855033875 -0.8962401747703552
0.05896170809864998 0.9978007674217224 -0.030283570289611816 0.0317782461643219 -0.03862610086798668 -0.028033196926116943 -0.9988603591918945 -0.694923996925354 -0.9975126385688782 0.06006419658660889 0.03688832372426987 -0.896241307258606
0.058927230536937714 0.9978047609329224 -0.030217913910746574 0.03175751492381096 -0.038628581911325455 -0.027968596667051315 -0.998862087726593 -0.6949549913406372 -0.997514545917511 0.06002739816904068 0.03689572587609291 -0.896228015422821
0.05893448740243912 0.9978041648864746 -0.030223220586776733 0.03175395354628563 -0.03864673897624016 -0.027972547337412834 -0.9988612532615662 -0.6949569582939148 -0.9975134134292603 0.060035355389118195 0.03691338747739792 -0.896222710609436
0.05896774306893349 0.9977982640266418 -0.030353384092450142 0.031809352338314056 -0.0385323241353035 -0.02810850739479065 -0.9988619089126587 -0.694949209690094 -0.9975159168243408 0.06007016450166702 0.03679004684090614 -0.8961678743362427
0.058886948972940445 0.997805118560791 -0.030284589156508446 0.03187037259340286 -0.03863345831632614 -0.028036542236804962 -0.9988600015640259 -0.6948509216308594 -0.9975167512893677 0.05998976156115532 0.03689773380756378 -0.8961703181266785
0.05891884118318558 0.9978072047233582 -0.030153948813676834 0.03189864754676819 -0.03866379335522652 -0.0279027558863163 -0.9988625645637512 -0.6949230432510376 -0.9975137114524841 0.06001763790845871 0.036935072392225266 -0.8962526321411133
0.05891343578696251 0.9978070855140686 -0.0301680788397789 0.031906068325042725 -0.03865662217140198 -0.02791753225028515 -0.9988624453544617 -0.6949152946472168 -0.9975143074989319 0.060012560337781906 0.03692718967795372 -0.8962507247924805
0.059106696397066116 0.9977927207946777 -0.030265742912888527 0.031837016344070435 -0.03870955482125282 -0.028004946187138557 -0.9988579154014587 -0.6949281692504883 -0.9975008368492126 0.060210712254047394 0.0369688905775547 -0.8961918950080872
0.059119708836078644 0.9977977275848389 -0.030074341222643852 0.031839627772569656 -0.03855612128973007 -0.027822116389870644 -0.998869001865387 -0.6949180364608765 -0.9975059628486633 0.06021234020590782 0.03682643175125122 -0.8961804509162903
0.05909949913620949 0.9978007674217224 -0.03001212887465954 0.031821031123399734 -0.0385124646127224 -0.02776321955025196 -0.9988722801208496 -0.6949165463447571 -0.9975088834762573 0.06018863990902901 0.03678703308105469 -0.8962292075157166
0.059255342930555344 0.9977827072143555 -0.030304130166769028 0.03185587376356125 -0.03843587264418602 -0.02805441804230213 -0.9988670945167542 -0.6948237419128418 -0.9975025653839111 0.06035292521119118 0.03668833151459694 -0.8961614370346069
0.059236180037260056 0.9977829456329346 -0.03033372573554516 0.03183981776237488 -0.038435205817222595 -0.02808479219675064 -0.9988662600517273 -0.6948764324188232 -0.9975037574768066 0.06033485382795334 0.03668641299009323 -0.8962156772613525
0.05924508348107338 0.9977826476097107 -0.030326945707201958 0.03184918314218521 -0.03836873173713684 -0.028081698343157768 -0.9988689422607422 -0.6948596835136414 -0.997505784034729 0.06034162640571594 0.03662000969052315 -0.8963029384613037
0.0593646802008152 0.9977755546569824 -0.030325118452310562 0.03179335966706276 -0.038414329290390015 -0.02807270921766758 -0.9988674521446228 -0.6948862671852112 -0.9974969029426575 0.060462310910224915 0.03666240721940994 -0.89628005027771
0.05922693759202957 0.9977885484695435 -0.030168237164616585 0.03182128816843033 -0.03846669942140579 -0.027917560189962387 -0.998869776725769 -0.6949825882911682 -0.9975030422210693 0.0603204146027565 0.03672821819782257 -0.896404504776001
0.05923904478549957 0.9977888464927673 -0.03013434447348118 0.03182084858417511 -0.03847195580601692 -0.02788286656141281 -0.9988705515861511 -0.6949859857559204 -0.9975021481513977 0.06033140793442726 0.03673518821597099 -0.8964104056358337
0.059302978217601776 0.9977864027023315 -0.03008970245718956 0.03185313940048218 -0.038491375744342804 -0.027834642678499222 -0.9988711476325989 -0.6949979066848755 -0.9974976181983948 0.060394175350666046 0.036755550652742386 -0.8964424133300781
0.05933196842670441 0.9977879524230957 -0.029980145394802094 0.03179825842380524 -0.038462549448013306 -0.027725642547011375 -0.9988752603530884 -0.6950360536575317 -0.9974969625473022 0.06041829288005829 0.0367325097322464 -0.8964691162109375
0.059262700378894806 0.9977924227714539 -0.02996748313307762 0.031870897859334946 -0.03852299600839615 -0.027711862698197365 -0.9988732933998108 -0.6950437426567078 -0.9974987506866455 0.060350313782691956 0.036795731633901596 -0.896539032459259
0.059228986501693726 0.9977933764457703 -0.030003027990460396 0.03187169134616852 -0.03853946551680565 -0.02774769626557827 -0.9988716840744019 -0.6950433850288391 -0.9975001215934753 0.06031840294599533 0.03681101277470589 -0.8965380787849426
0.0592292957007885 0.9977932572364807 -0.03000652603805065 0.03187524899840355 -0.038533952087163925 -0.02775152027606964 -0.9988718032836914 -0.6950448155403137 -0.9975003600120544 0.06031868979334831 0.03680527210235596 -0.8965435028076172
0.05920800194144249 0.9977965354919434 -0.029939034953713417 0.03183070197701454 -0.03853972628712654 -0.027684394270181656 -0.9988734126091003 -0.6950291395187378 -0.9975013732910156 0.060295090079307556 0.03681572526693344 -0.8964341878890991
0.05915331467986107 0.9978049397468567 -0.029767494648694992 0.03180468827486038 -0.0381922647356987 -0.02753566950559616 -0.9988908767700195 -0.6949754357337952 -0.997518002986908 0.060224540531635284 0.036479659378528595 -0.8963991403579712
0.05915837734937668 0.9978015422821045 -0.029870444908738136 0.03184014558792114 -0.03828318044543266 -0.027633054181933403 -0.9988847374916077 -0.6949403285980225 -0.9975141882896423 0.0602358803153038 0.03656434640288353 -0.896426796913147
0.05917677283287048 0.9978000521659851 -0.02988446317613125 0.03184741362929344 -0.03825479745864868 -0.02764812856912613 -0.9988853931427002 -0.6948955655097961 -0.9975141882896423 0.06025398522615433 0.036534570157527924 -0.8963959813117981
0.05919237807393074 0.997798502445221 -0.029903924092650414 0.03184555098414421 -0.03821921721100807 -0.027669189497828484 -0.9988861680030823 -0.6948873996734619 -0.9975146055221558 0.060269299894571304 0.0364973284304142 -0.8964028358459473
0.059116996824741364 0.9978073835372925 -0.0297564584761858 0.03180363029241562 -0.038356732577085495 -0.02751602604985237 -0.9988851547241211 -0.6949670910835266 -0.9975138306617737 0.06019239500164986 0.03664602339267731 -0.896477460861206
0.05910852923989296 0.9978081583976746 -0.02974868007004261 0.03180113434791565 -0.03832503408193588 -0.027510464191436768 -0.9988865256309509 -0.6949688196182251 -0.9975155591964722 0.060182780027389526 0.03661498427391052 -0.8964827060699463
0.05916295945644379 0.9978060722351074 -0.02971027046442032 0.031798139214515686 -0.03846157714724541 -0.027461765334010124 -0.9988825917243958 -0.6950334906578064 -0.9975070357322693 0.06023950129747391 0.03675253316760063 -0.8964736461639404
0.05890731140971184 0.9978193640708923 -0.029771624132990837 0.0318022184073925 -0.038518618792295456 -0.027529185637831688 -0.998878538608551 -0.6950427293777466 -0.9975199699401855 0.059987958520650864 0.03681300953030586 -0.896354079246521
0.0589904747903347 0.9978141188621521 -0.029781686142086983 0.03179704397916794 -0.03840489313006401 -0.02754303440451622 -0.998882532119751 -0.6950135231018066 -0.9975194931030273 0.06006826460361481 0.03669622540473938 -0.896359920501709
0.058975350111722946 0.9978148937225342 -0.02978627011179924 0.03179540857672691 -0.03840286284685135 -0.027548301964998245 -0.9988824725151062 -0.6950154304504395 -0.9975204467773438 0.0600532703101635 0.03669433668255806 -0.8963592648506165
0.05896711349487305 0.9978148341178894 -0.029804479330778122 0.03178801015019417 -0.03841359540820122 -0.02756618708372116 -0.9988815784454346 -0.6949411630630493 -0.9975205063819885 0.060046009719371796 0.03670421242713928 -0.8962753415107727
0.058983590453863144 0.9978162050247192 -0.029726902022957802 0.03184398263692856 -0.03855196759104729 -0.027479590848088264 -0.9988785982131958 -0.6949974298477173 -0.9975141882896423 0.06006342172622681 0.03684699162840843 -0.8964195251464844
0.05908139422535896 0.997812032699585 -0.0296730175614357 0.031855616718530655 -0.03859981521964073 -0.02741914428770542 -0.9988784193992615 -0.6949930191040039 -0.9975065588951111 0.060160450637340546 0.03689545392990112 -0.8964138627052307
0.05908443033695221 0.9978120923042297 -0.029663605615496635 0.03185667842626572 -0.03859939053654671 -0.027409635484218597 -0.9988787174224854 -0.694993793964386 -0.9975063800811768 0.06016312167048454 0.0368955135345459 -0.8964153528213501
0.05894267186522484 0.9978190064430237 -0.029713932424783707 0.031875692307949066 -0.038719769567251205 -0.02745802327990532 -0.998872697353363 -0.6950274705886841 -0.9975101351737976 0.06002669036388397 0.03701692819595337 -0.8964276313781738
0.05905624106526375 0.997813880443573 -0.029659897089004517 0.03182484582066536 -0.038619618862867355 -0.027405748143792152 -0.9988780617713928 -0.6950514316558838 -0.9975072741508484 0.060135383158922195 0.03691677004098892 -0.8964106440544128
