# 3x4 first row second row third row Freq: 250 current Time: 2020-10-01-15:53:26
-0.07269459217786789 0.997349202632904 -0.0031503804493695498 -1.342408299446106 -0.028086818754673004 -0.005204611457884312 -0.9995918869972229 -0.223537415266037 -0.9969586730003357 -0.07257648557424545 0.028390759602189064 -2.4486796855926514
-0.07269567996263504 0.9973491430282593 -0.0031458097510039806 -1.3424072265625 -0.028112445026636124 -0.00520192738622427 -0.9995911717414856 -0.22352920472621918 -0.9969578385353088 -0.0725775733590126 0.02841612696647644 -2.448683500289917
-0.07278180867433548 0.997343122959137 -0.0030630803667008877 -1.3424607515335083 -0.02810378186404705 -0.005120840389281511 -0.9995918273925781 -0.22357472777366638 -0.9969518184661865 -0.07266606390476227 0.02840186282992363 -2.4487171173095703
-0.07277698814868927 0.9973435997962952 -0.003034976776689291 -1.3424631357192993 -0.028085149824619293 -0.005091177765280008 -0.9995925426483154 -0.2235817164182663 -0.9969526529312134 -0.07266213744878769 0.0283811092376709 -2.448725700378418
-0.07274582237005234 0.9973454475402832 -0.003162830602377653 -1.342430591583252 -0.027930181473493576 -0.005207140929996967 -0.9995962977409363 -0.22364839911460876 -0.9969593286514282 -0.07262816280126572 0.028234882280230522 -2.448744297027588
-0.0727829784154892 0.9973426461219788 -0.0031847134232521057 -1.3424303531646729 -0.027935905382037163 -0.005230545066297054 -0.9995959997177124 -0.22365686297416687 -0.9969564080238342 -0.07266464829444885 0.028242409229278564 -2.448747396469116
-0.07268884778022766 0.9973494410514832 -0.0032076139468699694 -1.342445731163025 -0.02783338539302349 -0.0052433619275689125 -0.9995988011360168 -0.22366076707839966 -0.9969661831855774 -0.07257045060396194 0.02814079076051712 -2.4485723972320557
-0.07259716093540192 0.9973563551902771 -0.0031492917332798243 -1.3423950672149658 -0.027934126555919647 -0.005189639050513506 -0.9995962381362915 -0.22368375957012177 -0.9969700574874878 -0.07247992604970932 0.028237076476216316 -2.4485843181610107
-0.07260444760322571 0.9973557591438293 -0.0031556265894323587 -1.3423960208892822 -0.027926376089453697 -0.005195631645619869 -0.9995964169502258 -0.22368885576725006 -0.9969696998596191 -0.07248706370592117 0.02822980284690857 -2.4485795497894287
-0.0726635679602623 0.9973511099815369 -0.003272778820246458 -1.342416763305664 -0.02800736576318741 -0.005320618394762278 -0.9995934963226318 -0.22369547188282013 -0.9969631433486938 -0.07254241406917572 0.028319837525486946 -2.4485361576080322
-0.0726427286863327 0.9973525404930115 -0.003290454624220729 -1.3424031734466553 -0.028033597394824028 -0.005339648574590683 -0.999592661857605 -0.22373367846012115 -0.9969639182090759 -0.07252094149589539 0.028347311541438103 -2.4485487937927246
-0.07263907790184021 0.9973528385162354 -0.003292276756837964 -1.3424030542373657 -0.028027541935443878 -0.005340930074453354 -0.9995928406715393 -0.22373895347118378 -0.9969643354415894 -0.0725172683596611 0.028341352939605713 -2.44854474067688
-0.07264592498540878 0.997352659702301 -0.0031832719687372446 -1.3423880338668823 -0.02804155834019184 -0.0052328952588140965 -0.9995930194854736 -0.22368374466896057 -0.9969634413719177 -0.07252713292837143 0.028347516432404518 -2.448577404022217
-0.07267919927835464 0.9973505735397339 -0.0030697027686983347 -1.3423988819122314 -0.02820332534611225 -0.005131792742758989 -0.9995889663696289 -0.22364427149295807 -0.996956467628479 -0.0725627914071083 0.02850162237882614 -2.4486453533172607
-0.07261490076780319 0.9973553419113159 -0.003046222496777773 -1.3424274921417236 -0.028243662789463997 -0.0051093511283397675 -0.9995879530906677 -0.2235926240682602 -0.9969600439071655 -0.07249898463487625 0.028540028259158134 -2.4487051963806152
-0.07264094054698944 0.9973536729812622 -0.0029848008416593075 -1.342393398284912 -0.028323808684945107 -0.005054369568824768 -0.9995859861373901 -0.22362571954727173 -0.9969558715820312 -0.07252636551856995 0.028616052120923996 -2.448667049407959
-0.07267126441001892 0.9973512291908264 -0.0030621502082794905 -1.34239661693573 -0.0283046942204237 -0.005131373647600412 -0.9995861053466797 -0.2236163467168808 -0.9969542026519775 -0.0725545585155487 0.02860266901552677 -2.4486243724823
-0.0726226419210434 0.9973545670509338 -0.003116535721346736 -1.3424206972122192 -0.028120296075940132 -0.005171072203665972 -0.9995911121368408 -0.22362379729747772 -0.9969629645347595 -0.07250535488128662 0.028421487659215927 -2.448561191558838
-0.07260660827159882 0.9973556399345398 -0.0031514805741608143 -1.3424129486083984 -0.028027653694152832 -0.005198901053518057 -0.9995936155319214 -0.2236022651195526 -0.9969667196273804 -0.07248881459236145 0.028331058099865913 -2.448578119277954
-0.07258877903223038 0.9973568916320801 -0.0031675274949520826 -1.342408299446106 -0.028065823018550873 -0.005217250902205706 -0.9995924234390259 -0.22360877692699432 -0.9969669580459595 -0.07247033715248108 0.02837040089070797 -2.4485719203948975
-0.07248960435390472 0.997363805770874 -0.003257759613916278 -1.342374324798584 -0.028132066130638123 -0.00530966417863965 -0.9995900988578796 -0.22368624806404114 -0.9969723224639893 -0.07236827909946442 0.02844284474849701 -2.448634147644043
-0.07245223224163055 0.9973665475845337 -0.003247201442718506 -1.342368483543396 -0.02815966121852398 -0.005300016142427921 -0.9995893239974976 -0.22368943691253662 -0.9969742298126221 -0.07233107835054398 0.028469547629356384 -2.4486372470855713
-0.07244342565536499 0.9973671436309814 -0.003271178575232625 -1.3423607349395752 -0.028165407478809357 -0.005324211437255144 -0.9995890855789185 -0.2236921489238739 -0.9969747066497803 -0.0723215639591217 0.028477000072598457 -2.4486379623413086
-0.07238811254501343 0.9973710179328918 -0.003306484082713723 -1.342353105545044 -0.028120582923293114 -0.005354763008654118 -0.9995901584625244 -0.2236299067735672 -0.9969800114631653 -0.07226550579071045 0.02843431942164898 -2.4486019611358643
-0.0723937377333641 0.9973705410957336 -0.003317683469504118 -1.3423291444778442 -0.028095513582229614 -0.00536433095112443 -0.9995908141136169 -0.2236500233411789 -0.9969803094863892 -0.0722709447145462 0.02841002680361271 -2.44860577583313
-0.07244047522544861 0.997367799282074 -0.0031202719546854496 -1.342362642288208 -0.02814253233373165 -0.005171224940568209 -0.9995905160903931 -0.22366566956043243 -0.9969755411148071 -0.0723230391740799 0.0284431055188179 -2.4486989974975586
-0.07246407866477966 0.9973660111427307 -0.0031389242503792048 -1.3424077033996582 -0.028127890080213547 -0.005189531482756138 -0.9995908141136169 -0.2237430065870285 -0.9969742894172668 -0.07234618067741394 0.028429901227355003 -2.448667287826538
-0.07251854985952377 0.9973621368408203 -0.0031151012517511845 -1.3424650430679321 -0.028102049604058266 -0.00516533525660634 -0.9995916485786438 -0.22381505370140076 -0.9969710111618042 -0.07240144163370132 0.028402548283338547 -2.44868803024292
-0.07251284271478653 0.9973626136779785 -0.0031025344505906105 -1.3424696922302246 -0.0281079038977623 -0.005153002683073282 -0.999591588973999 -0.2238321453332901 -0.9969713091850281 -0.07239606231451035 0.028407476842403412 -2.4486937522888184
-0.07253564894199371 0.9973610043525696 -0.0030776672065258026 -1.3423875570297241 -0.0279929768294096 -0.005120382644236088 -0.9995949864387512 -0.2236734926700592 -0.9969728589057922 -0.0724201649427414 0.028290558606386185 -2.4485292434692383
-0.07248368859291077 0.9973649978637695 -0.003016133327037096 -1.342441201210022 -0.0279826782643795 -0.005056485999375582 -0.999595582485199 -0.22368118166923523 -0.996976912021637 -0.0723700225353241 0.0282755009829998 -2.448521614074707
-0.07247035950422287 0.9973656535148621 -0.0031128383707255125 -1.3424543142318726 -0.02789156883955002 -0.005146415904164314 -0.9995976686477661 -0.2236916720867157 -0.9969804286956787 -0.07235442847013474 0.02819110080599785 -2.4485087394714355
-0.07243248075246811 0.9973682761192322 -0.00316593493334949 -1.3424403667449951 -0.0278873723000288 -0.005198253318667412 -0.9995974898338318 -0.22368526458740234 -0.9969833493232727 -0.07231508195400238 0.028190547600388527 -2.448546886444092
-0.07243049889802933 0.9973683953285217 -0.0031716700177639723 -1.3424403667449951 -0.02787630446255207 -0.005203142296522856 -0.9995977878570557 -0.223689466714859 -0.9969837665557861 -0.07231299579143524 0.028179854154586792 -2.4485440254211426
-0.072466641664505 0.9973655939102173 -0.0032225928734987974 -1.3423864841461182 -0.02786204032599926 -0.005254168063402176 -0.9995979070663452 -0.22367024421691895 -0.9969815611839294 -0.07234776020050049 0.028169436380267143 -2.448660373687744
-0.07245379686355591 0.9973663091659546 -0.003295774571597576 -1.342379093170166 -0.027882521972060204 -0.005328635685145855 -0.9995969533920288 -0.22363674640655518 -0.9969819188117981 -0.07233273983001709 0.0281952116638422 -2.4486570358276367
-0.07245621830224991 0.9973661303520203 -0.0032957352232187986 -1.3423782587051392 -0.02788597345352173 -0.005328915547579527 -0.999596893787384 -0.22363898158073425 -0.9969816207885742 -0.0723351463675499 0.028198683634400368 -2.448657751083374
-0.07239831238985062 0.9973705410957336 -0.003225294640287757 -1.342371940612793 -0.02799208089709282 -0.005264368373900652 -0.9995942711830139 -0.2236563116312027 -0.9969828724861145 -0.0722787007689476 0.02829965390264988 -2.4486606121063232
-0.07235324382781982 0.997373640537262 -0.0032850850839167833 -1.3423376083374023 -0.02802848629653454 -0.005325647536665201 -0.9995929002761841 -0.22364984452724457 -0.996985137462616 -0.07223175466060638 0.02834024652838707 -2.4485864639282227
-0.07234801352024078 0.9973737001419067 -0.003376186825335026 -1.3423709869384766 -0.027960173785686493 -0.005411854479461908 -0.9995943307876587 -0.2236587256193161 -0.9969874024391174 -0.07222431153059006 0.028278324753046036 -2.4486029148101807
-0.07237096130847931 0.997372031211853 -0.0033693304285407066 -1.3423610925674438 -0.027952764183282852 -0.00540509819984436 -0.9995945692062378 -0.22368250787258148 -0.9969859719276428 -0.07224748283624649 0.028270522132515907 -2.448601007461548
-0.07227739691734314 0.9973790049552917 -0.00331875029951334 -1.3423652648925781 -0.0279377568513155 -0.005350660532712936 -0.9995952844619751 -0.22365541756153107 -0.9969931840896606 -0.07215546816587448 0.02825130894780159 -2.448622941970825
-0.07231337577104568 0.9973764419555664 -0.0033104990143328905 -1.3423731327056885 -0.027915185317397118 -0.005341778043657541 -0.9995959997177124 -0.22373037040233612 -0.9969912171363831 -0.07219178974628448 0.0282282754778862 -2.4485883712768555
-0.07251261174678802 0.997361421585083 -0.003464470850303769 -1.3424016237258911 -0.027935422956943512 -0.005503218155354261 -0.9995945692062378 -0.2235947549343109 -0.9969761371612549 -0.0723864734172821 0.028260810300707817 -2.448659896850586
-0.07253878563642502 0.9973598122596741 -0.0033849324099719524 -1.3424221277236938 -0.02797779254615307 -0.0054273223504424095 -0.9995937943458557 -0.22356724739074707 -0.9969730377197266 -0.07241465896368027 0.028297660872340202 -2.448683261871338
-0.07250277698040009 0.9973620772361755 -0.003490014700219035 -1.3424485921859741 -0.027870403602719307 -0.005523819476366043 -0.9995962381362915 -0.22370626032352448 -0.9969787001609802 -0.07237628102302551 0.02819742076098919 -2.448573350906372
-0.0725579708814621 0.9973582625389099 -0.0034198416396975517 -1.3424277305603027 -0.02781575173139572 -0.005451082717627287 -0.9995981454849243 -0.22374816238880157 -0.9969761967658997 -0.07243373245000839 0.02813783474266529 -2.448580741882324
-0.07254116982221603 0.9973590970039368 -0.0035340613685548306 -1.3424471616744995 -0.02783232554793358 -0.005566287320107222 -0.9995970726013184 -0.2237214893102646 -0.9969769716262817 -0.0724136233329773 0.028162652626633644 -2.4485907554626465
-0.07254265993833542 0.9973589777946472 -0.003540721954777837 -1.3424474000930786 -0.02782915160059929 -0.005572774913161993 -0.9995971322059631 -0.22373110055923462 -0.996976912021637 -0.07241494208574295 0.028159962967038155 -2.4485886096954346
-0.07247854769229889 0.9973639249801636 -0.0034608629066497087 -1.3424557447433472 -0.027937060222029686 -0.0054987529292702675 -0.999594509601593 -0.22373296320438385 -0.9969785809516907 -0.07235252112150192 0.028262002393603325 -2.448606252670288
-0.0725327730178833 0.9973597526550293 -0.0035182537976652384 -1.342398762702942 -0.027925841510295868 -0.005556998308748007 -0.999594509601593 -0.22365877032279968 -0.9969749450683594 -0.07240515202283859 0.028255220502614975 -2.448679208755493
-0.07259716838598251 0.9973555207252502 -0.0034000936429947615 -1.3423755168914795 -0.027931319549679756 -0.005440799985080957 -0.9995949864387512 -0.2237030267715454 -0.9969701170921326 -0.07247284054756165 0.028252486139535904 -2.448699474334717
-0.07260497659444809 0.9973549842834473 -0.0033884078729897738 -1.342370867729187 -0.027964018285274506 -0.005431686993688345 -0.9995941519737244 -0.22370581328868866 -0.9969686269760132 -0.07248079776763916 0.0282844640314579 -2.448704481124878
-0.07256798446178436 0.9973580837249756 -0.0032596122473478317 -1.3424324989318848 -0.028055313974618912 -0.005308184772729874 -0.9995922446250916 -0.22366556525230408 -0.9969687461853027 -0.07244698703289032 0.028366444632411003 -2.4486939907073975
-0.07266166806221008 0.997351348400116 -0.003237310331314802 -1.3423981666564941 -0.027999522164463997 -0.005284444894641638 -0.9995939135551453 -0.22365397214889526 -0.9969635009765625 -0.07254156470298767 0.028309382498264313 -2.448716640472412
-0.07258844375610352 0.9973564743995667 -0.0033006733283400536 -1.3424386978149414 -0.027907224372029305 -0.005339157301932573 -0.9995962381362915 -0.2236102968454361 -0.9969714283943176 -0.07246706634759903 0.02822105586528778 -2.448657989501953
-0.0725616067647934 0.9973584413528442 -0.0032897936180233955 -1.3424410820007324 -0.02790488675236702 -0.00532732205465436 -0.999596357345581 -0.2236047238111496 -0.99697345495224 -0.07244056463241577 0.028217779472470284 -2.448650360107422
-0.0725993663072586 0.9973560571670532 -0.0031857951544225216 -1.342431664466858 -0.027962176129221916 -0.005228326190263033 -0.9995952844619751 -0.22362740337848663 -0.9969691038131714 -0.0724809467792511 0.028267864137887955 -2.448673725128174
-0.07259822636842728 0.9973561763763428 -0.00318233878351748 -1.3424315452575684 -0.027960067614912987 -0.005224676337093115 -0.9995953440666199 -0.22362878918647766 -0.9969692230224609 -0.07247991114854813 0.028265492990612984 -2.4486727714538574
-0.07260837405920029 0.9973554611206055 -0.003171044634655118 -1.3424519300460815 -0.028000513091683388 -0.00521658593788743 -0.9995942711830139 -0.2236032485961914 -0.9969673752784729 -0.0724901631474495 0.028305277228355408 -2.448690176010132
-0.07250549644231796 0.9973628520965576 -0.0031899914611130953 -1.3424838781356812 -0.0279101375490427 -0.005226085893809795 -0.9995967149734497 -0.22361542284488678 -0.9969773888587952 -0.07238726317882538 0.028215499594807625 -2.4486143589019775
-0.07257232815027237 0.9973582625389099 -0.00310597219504416 -1.3425043821334839 -0.02789376489818096 -0.005142583977431059 -0.9995976090431213 -0.2236088663339615 -0.9969729781150818 -0.07245653867721558 0.028193332254886627 -2.4485952854156494
-0.07256368547677994 0.9973592162132263 -0.0030118508730083704 -1.3425654172897339 -0.02797933854162693 -0.005054225213825703 -0.9995957016944885 -0.22379568219184875 -0.9969711899757385 -0.07245012372732162 0.028272248804569244 -2.448524236679077
-0.07261727750301361 0.9973549842834473 -0.0031026925425976515 -1.3424856662750244 -0.028080597519874573 -0.0051541575230658054 -0.9995923042297363 -0.22371196746826172 -0.9969644546508789 -0.07250058650970459 0.028380651026964188 -2.4486026763916016
-0.07253645360469818 0.9973605871200562 -0.003207353176549077 -1.3424642086029053 -0.027984049171209335 -0.005249733570963144 -0.9995945692062378 -0.22370028495788574 -0.9969730377197266 -0.07241733372211456 0.02829102985560894 -2.448585271835327
-0.07254496216773987 0.9973599910736084 -0.0031902464106678963 -1.3424184322357178 -0.028112396597862244 -0.0052421544678509235 -0.9995909929275513 -0.22363781929016113 -0.9969688057899475 -0.07242564857006073 0.028418516740202904 -2.4485859870910645
-0.07257499545812607 0.9973580837249756 -0.0031015565618872643 -1.3423852920532227 -0.028275446966290474 -0.005165974143892527 -0.9995867609977722 -0.22353559732437134 -0.9969620108604431 -0.07245735079050064 0.028575710952281952 -2.4486923217773438
-0.07272078841924667 0.9973474144935608 -0.0031295293010771275 -1.3423585891723633 -0.028304826468229294 -0.005200337618589401 -0.999585747718811 -0.22352606058120728 -0.9969505667686462 -0.07260212302207947 0.028607962653040886 -2.4486844539642334
-0.07256988435983658 0.9973585605621338 -0.0030742378439754248 -1.3424803018569946 -0.028252316638827324 -0.005136766470968723 -0.9995875954627991 -0.22365553677082062 -0.9969630837440491 -0.07245314121246338 0.028550509363412857 -2.4487829208374023
-0.07258513569831848 0.9973573088645935 -0.0031095300801098347 -1.3425400257110596 -0.02825513482093811 -0.0051727802492678165 -0.9995872974395752 -0.2237256020307541 -0.9969618916511536 -0.0724673643708229 0.028555978089571 -2.448706865310669
-0.07269254326820374 0.9973495006561279 -0.0031077731400728226 -1.3424447774887085 -0.028226450085639954 -0.005172014702111483 -0.999588131904602 -0.223642036318779 -0.9969548583030701 -0.0725749284029007 0.028527647256851196 -2.4487099647521973
-0.07281368970870972 0.9973408579826355 -0.0030489605851471424 -1.34237802028656 -0.02840353548526764 -0.005129456985741854 -0.99958336353302 -0.22370049357414246 -0.9969409704208374 -0.07269679009914398 0.028701545670628548 -2.448718547821045
-0.07278520613908768 0.9973430633544922 -0.0030049423221498728 -1.342410683631897 -0.028408193960785866 -0.005084857810288668 -0.9995834231376648 -0.22364771366119385 -0.996942937374115 -0.07266956567764282 0.028702862560749054 -2.4486968517303467
-0.07291197031736374 0.9973338842391968 -0.0029788906686007977 -1.3423926830291748 -0.02851683460175991 -0.005070338025689125 -0.9995803833007812 -0.22366109490394592 -0.9969305396080017 -0.07279647141695023 0.028810538351535797 -2.4487409591674805
-0.072987399995327 0.9973281621932983 -0.003043591510504484 -1.3424025774002075 -0.028396861627697945 -0.005128600634634495 -0.9995835423469543 -0.22368425130844116 -0.9969284534454346 -0.07287061959505081 0.02869535982608795 -2.448613405227661
-0.07300136983394623 0.9973270297050476 -0.003086827229708433 -1.3424022197723389 -0.028448646888136864 -0.005176123231649399 -0.9995818138122559 -0.2236919403076172 -0.996925950050354 -0.07288306951522827 0.02875051274895668 -2.448613405227661
-0.07305942475795746 0.9973227381706238 -0.0030916722025722265 -1.3424851894378662 -0.028531262651085854 -0.0051887016743421555 -0.9995793700218201 -0.22366395592689514 -0.9969193339347839 -0.07294052839279175 0.028834005817770958 -2.448632001876831
-0.07292941957712173 0.997331976890564 -0.003185716923326254 -1.3424429893493652 -0.02854827232658863 -0.00528043182566762 -0.9995784163475037 -0.22366145253181458 -0.9969283938407898 -0.07280776649713516 0.02885724976658821 -2.4486165046691895
-0.07291461527347565 0.9973331093788147 -0.003165713744238019 -1.3424159288406372 -0.028402306139469147 -0.005249295849353075 -0.9995827674865723 -0.22369767725467682 -0.99693363904953 -0.07279431819915771 0.028709355741739273 -2.448651075363159
-0.07289701700210571 0.997334361076355 -0.003175450721755624 -1.3424131870269775 -0.028385652229189873 -0.005257331300526857 -0.9995831847190857 -0.22371484339237213 -0.9969354271888733 -0.07277653366327286 0.028693275526165962 -2.4486682415008545
-0.07277046144008636 0.9973437190055847 -0.0031443287152796984 -1.3424768447875977 -0.02838982827961445 -0.005222793202847242 -0.9995832443237305 -0.2237057089805603 -0.9969445466995239 -0.07265090942382812 0.028694525361061096 -2.448652744293213
-0.07285938411951065 0.9973371624946594 -0.003166480455547571 -1.3424792289733887 -0.028391633182764053 -0.0052476916462183 -0.9995830655097961 -0.22361552715301514 -0.9969379901885986 -0.07273915410041809 0.028698420152068138 -2.4486725330352783
-0.07278772443532944 0.9973423480987549 -0.0031757347751408815 -1.3424452543258667 -0.02837466448545456 -0.00525366235524416 -0.9995834827423096 -0.22363273799419403 -0.9969437122344971 -0.07266734540462494 0.02868170104920864 -2.4487268924713135
-0.07277731597423553 0.9973430633544922 -0.003200760344043374 -1.34244704246521 -0.02837812714278698 -0.005278696306049824 -0.9995833039283752 -0.2236320823431015 -0.9969443678855896 -0.07265619933605194 0.028686940670013428 -2.4487361907958984
-0.07283797115087509 0.9973387122154236 -0.0031648706644773483 -1.3424464464187622 -0.028363604098558426 -0.00524341594427824 -0.999583899974823 -0.22363992035388947 -0.9969403147697449 -0.07271794229745865 0.028670085594058037 -2.4487524032592773
-0.07276644557714462 0.9973436594009399 -0.0032521917019039392 -1.3424726724624634 -0.028362149372696877 -0.005328765604645014 -0.9995834827423096 -0.2236473560333252 -0.9969456195831299 -0.0726439356803894 0.02867460995912552 -2.448711633682251
-0.07273685932159424 0.9973458051681519 -0.0032650602515786886 -1.3424739837646484 -0.02830636315047741 -0.0053367470391094685 -0.9995850324630737 -0.22365278005599976 -0.9969493746757507 -0.07261429727077484 0.02861945517361164 -2.4487197399139404
-0.07272699475288391 0.997346043586731 -0.00340066640637815 -1.3424711227416992 -0.02830418199300766 -0.005472214892506599 -0.9995843172073364 -0.22362159192562103 -0.9969501495361328 -0.07260055840015411 0.02862708643078804 -2.448690176010132
-0.07273486256599426 0.9973459243774414 -0.0032617333345115185 -1.3424983024597168 -0.028349563479423523 -0.005336501635611057 -0.9995837807655334 -0.22372958064079285 -0.9969482421875 -0.07261216640472412 0.028662515804171562 -2.4486327171325684
-0.07268869131803513 0.9973491430282593 -0.003305093152448535 -1.342431664466858 -0.02831512689590454 -0.005376121494919062 -0.9995845556259155 -0.22368402779102325 -0.9969525933265686 -0.07256495207548141 0.028630897402763367 -2.4486870765686035
-0.07269103825092316 0.997348964214325 -0.003316759131848812 -1.342451572418213 -0.02830437757074833 -0.005387098994106054 -0.9995847940444946 -0.22367069125175476 -0.9969527721405029 -0.07256702333688736 0.028620978817343712 -2.4487228393554688
-0.07273261249065399 0.9973459839820862 -0.0033008502796292305 -1.342444896697998 -0.0282562505453825 -0.005368845071643591 -0.9995862245559692 -0.22367164492607117 -0.9969511032104492 -0.07260929048061371 0.02857179194688797 -2.4486923217773438
-0.0727277621626854 0.9973462820053101 -0.0033046093303710222 -1.3424386978149414 -0.028256969526410103 -0.005372526124119759 -0.9995862245559692 -0.22367507219314575 -0.9969514012336731 -0.07260433584451675 0.02857276052236557 -2.448700189590454
-0.07283458113670349 0.9973387718200684 -0.0032307496294379234 -1.3424499034881592 -0.028257155790925026 -0.00530158169567585 -0.9995865821838379 -0.22361232340335846 -0.9969435930252075 -0.0727132186293602 0.028568141162395477 -2.448723793029785
-0.07277146726846695 0.9973432421684265 -0.003276597009971738 -1.342461109161377 -0.028123978525400162 -0.005336015019565821 -0.9995901584625244 -0.22357429563999176 -0.9969519972801208 -0.07264953851699829 0.02843761444091797 -2.448711395263672
-0.07277866452932358 0.9973427653312683 -0.003250539069995284 -1.3424248695373535 -0.027998294681310654 -0.005300944205373526 -0.9995938539505005 -0.2237096130847931 -0.9969549775123596 -0.07265814393758774 0.028309736400842667 -2.448617458343506
-0.07275144010782242 0.9973448514938354 -0.0032228222116827965 -1.342421531677246 -0.02801312319934368 -0.005273470189422369 -0.9995936155319214 -0.22371907532215118 -0.9969565868377686 -0.07263164222240448 0.02832244150340557 -2.448615550994873
-0.07266843318939209 0.997350811958313 -0.003260213416069746 -1.3424561023712158 -0.028091710060834885 -0.005314300302416086 -0.9995911717414856 -0.22371362149715424 -0.9969604015350342 -0.07254718244075775 0.028403516858816147 -2.448594093322754
-0.07260540872812271 0.9973553419113159 -0.003268919652327895 -1.3425008058547974 -0.028199756518006325 -0.005329082254320383 -0.9995880722999573 -0.22371551394462585 -0.9969619512557983 -0.0724833607673645 0.028512142598628998 -2.448604106903076
-0.07258301228284836 0.9973570108413696 -0.0032552231568843126 -1.3425086736679077 -0.028180478140711784 -0.005313312169164419 -0.999588668346405 -0.2237481027841568 -0.996964156627655 -0.07246147096157074 0.02849169820547104 -2.4485960006713867
-0.07261107861995697 0.997355043888092 -0.003239138750359416 -1.3424872159957886 -0.02810240164399147 -0.005292318295687437 -0.9995909929275513 -0.2237432599067688 -0.9969642758369446 -0.072490394115448 0.02841239795088768 -2.4485669136047363
-0.07254742830991745 0.9973594546318054 -0.003308764426037669 -1.342490315437317 -0.028125571087002754 -0.005361964926123619 -0.9995899796485901 -0.2236984372138977 -0.9969682693481445 -0.07242466509342194 0.02844034507870674 -2.4485723972320557
-0.07254727929830551 0.9973598718643188 -0.0031757925171405077 -1.3425066471099854 -0.02827993407845497 -0.0052399057894945145 -0.999586284160614 -0.22363512217998505 -0.9969639182090759 -0.07242749631404877 0.02858545631170273 -2.4486327171325684
-0.07257808744907379 0.9973579049110413 -0.0030931683722883463 -1.3424439430236816 -0.028371568769216537 -0.0051646423526108265 -0.9995840787887573 -0.22364142537117004 -0.9969590902328491 -0.07246018201112747 0.028671491891145706 -2.4486374855041504
-0.07257043570280075 0.9973582625389099 -0.0031503932550549507 -1.3424415588378906 -0.028216660022735596 -0.005210516974329948 -0.9995881915092468 -0.22366918623447418 -0.9969640374183655 -0.07245170325040817 0.028520293533802032 -2.4485723972320557
-0.07257074117660522 0.9973582029342651 -0.0031639214139431715 -1.3424403667449951 -0.02822706289589405 -0.00522483978420496 -0.9995878338813782 -0.22367353737354279 -0.9969636797904968 -0.07245156913995743 0.02853170782327652 -2.4485678672790527
-0.07250626385211945 0.9973630905151367 -0.0031035705469548702 -1.3424394130706787 -0.028089655563235283 -0.005152528174221516 -0.9995920658111572 -0.2237163782119751 -0.9969722628593445 -0.07238955050706863 0.0283892210572958 -2.448573350906372
-0.07250655442476273 0.9973630905151367 -0.0030950019136071205 -1.3424386978149414 -0.028087247163057327 -0.00514377374202013 -0.9995921850204468 -0.22372406721115112 -0.9969723224639893 -0.0723901018500328 0.028386186808347702 -2.4485692977905273
-0.07258634269237518 0.9973571300506592 -0.0031459336169064045 -1.3424174785614014 -0.02800273336470127 -0.005190953146666288 -0.9995943307876587 -0.22377732396125793 -0.9969689249992371 -0.0724688395857811 0.02830556221306324 -2.4485220909118652
-0.07260988652706146 0.9973555207252502 -0.0031174214091151953 -1.3424072265625 -0.028073515743017197 -0.005168193951249123 -0.9995924830436707 -0.22372566163539886 -0.9969651699066162 -0.0724928230047226 0.028374582529067993 -2.4485604763031006
-0.07265593111515045 0.9973522424697876 -0.003081287257373333 -1.3423775434494019 -0.02818979322910309 -0.005141752306371927 -0.9995893239974976 -0.22372546792030334 -0.9969585537910461 -0.07253927737474442 0.028488777577877045 -2.4486095905303955
-0.07263404130935669 0.9973541498184204 -0.00298296962864697 -1.3424205780029297 -0.028347503393888474 -0.005054059438407421 -0.9995853304862976 -0.22369971871376038 -0.9969556927680969 -0.07251940667629242 0.028639640659093857 -2.4487648010253906
-0.07257381826639175 0.997358500957489 -0.002986317966133356 -1.342437505722046 -0.028220485895872116 -0.005046449601650238 -0.9995889663696289 -0.2236383855342865 -0.9969636797904968 -0.07245975732803345 0.028512228280305862 -2.448714256286621
-0.07257461547851562 0.9973584413528442 -0.00300115579739213 -1.342441439628601 -0.028199145570397377 -0.005059792194515467 -0.9995895028114319 -0.2236374467611313 -0.9969642162322998 -0.07246023416519165 0.0284919124096632 -2.4486331939697266
-0.07250125706195831 0.9973637461662292 -0.0030090867076069117 -1.3424656391143799 -0.028287043794989586 -0.00507202185690403 -0.9995869398117065 -0.22360900044441223 -0.996967077255249 -0.0723862275481224 0.02858024463057518 -2.4486472606658936
-0.0724782943725586 0.9973650574684143 -0.003125221701338887 -1.342475414276123 -0.028265295550227165 -0.00518617732450366 -0.9995869398117065 -0.22355256974697113 -0.9969693422317505 -0.07236006110906601 0.028566747903823853 -2.448758125305176
-0.07250341773033142 0.9973632097244263 -0.0031272792257368565 -1.3424794673919678 -0.02824430540204048 -0.005187436938285828 -0.9995875358581543 -0.2235543131828308 -0.9969680905342102 -0.07238522917032242 0.028545983135700226 -2.4487645626068115
-0.07254783064126968 0.9973600506782532 -0.003106110030785203 -1.3425214290618896 -0.028428785502910614 -0.005180897191166878 -0.9995823502540588 -0.2236694097518921 -0.9969596266746521 -0.07242926955223083 0.028729641810059547 -2.4487719535827637
-0.07252819836139679 0.9973617196083069 -0.0030354815535247326 -1.3425134420394897 -0.028431471437215805 -0.005109739955514669 -0.9995826482772827 -0.22367064654827118 -0.9969609975814819 -0.0724116712808609 0.028727104887366295 -2.448765277862549
-0.07252487540245056 0.9973618388175964 -0.003066611709073186 -1.3425219058990479 -0.028451474383473396 -0.005142296198755503 -0.9995819330215454 -0.22367976605892181 -0.9969606399536133 -0.07240734994411469 0.02874940261244774 -2.4487719535827637
-0.07242819666862488 0.9973687529563904 -0.0031085675582289696 -1.342504620552063 -0.028309887275099754 -0.00517128175124526 -0.9995858073234558 -0.22368207573890686 -0.9969717264175415 -0.07231023907661438 0.02860998921096325 -2.4487290382385254
-0.0724184662103653 0.9973694682121277 -0.003106973133981228 -1.342505931854248 -0.028295038267970085 -0.005168327130377293 -0.9995862245559692 -0.22369186580181122 -0.9969728589057922 -0.07230063527822495 0.028594933450222015 -2.4487314224243164
-0.07258599996566772 0.997357189655304 -0.0031348997727036476 -1.3424673080444336 -0.028246013447642326 -0.005197568330913782 -0.9995874762535095 -0.22363388538360596 -0.9969620704650879 -0.07246754318475723 0.028548678383231163 -2.4487457275390625
-0.07254815846681595 0.9973597526550293 -0.003196617355570197 -1.3424768447875977 -0.0282624252140522 -0.0052595301531255245 -0.9995866417884827 -0.22367511689662933 -0.9969643354415894 -0.07242786884307861 0.02856941893696785 -2.448713541030884
-0.07254458218812943 0.9973599910736084 -0.0031980399508029222 -1.3424763679504395 -0.028259532526135445 -0.00526064308360219 -0.9995867609977722 -0.22368298470973969 -0.996964693069458 -0.0724242702126503 0.028566602617502213 -2.4487147331237793
-0.07252073287963867 0.9973611235618591 -0.0033827205188572407 -1.3424341678619385 -0.028257371857762337 -0.005444894079118967 -0.9995858073234558 -0.22361280024051666 -0.9969664812088013 -0.07239515334367752 0.028577717021107674 -2.4487106800079346
-0.07260570675134659 0.9973549842834473 -0.0033753563184291124 -1.3424537181854248 -0.028342697769403458 -0.005446157418191433 -0.99958336353302 -0.22367160022258759 -0.9969578981399536 -0.07247983664274216 0.02866319566965103 -2.448674440383911
-0.07259157299995422 0.9973558783531189 -0.0034027653746306896 -1.342475175857544 -0.02834584377706051 -0.0054734498262405396 -0.9995831251144409 -0.2236679047346115 -0.9969587922096252 -0.07246490567922592 0.028668265789747238 -2.4487037658691406
-0.07248672097921371 0.9973635673522949 -0.0033832802437245846 -1.3424850702285767 -0.028279000893235207 -0.005446047522127628 -0.9995852112770081 -0.2236708700656891 -0.9969683289527893 -0.07236102223396301 0.02859925664961338 -2.4486937522888184
-0.07250642776489258 0.9973623752593994 -0.003321533789858222 -1.3425016403198242 -0.028283946216106415 -0.005385089199990034 -0.9995853900909424 -0.22369733452796936 -0.9969667792320251 -0.07238246500492096 0.02859984152019024 -2.448683738708496
-0.07256744801998138 0.9973577260971069 -0.003377001965418458 -1.3425110578536987 -0.02833980694413185 -0.005446494556963444 -0.9995834827423096 -0.22362644970417023 -0.9969607591629028 -0.07244155555963516 0.028660209849476814 -2.44876766204834
-0.0726047083735466 0.9973551034927368 -0.003356196451932192 -1.3424601554870605 -0.02814868651330471 -0.0054128216579556465 -0.9995890259742737 -0.22355875372886658 -0.9969634413719177 -0.07248044013977051 0.028467277064919472 -2.44877552986145
-0.07260237634181976 0.9973552823066711 -0.0033574500121176243 -1.3424606323242188 -0.0281430222094059 -0.0054135993123054504 -0.999589204788208 -0.22355560958385468 -0.9969637989997864 -0.07247810810804367 0.028461676090955734 -2.448776960372925
-0.07261642068624496 0.9973543286323547 -0.003341600764542818 -1.3424603939056396 -0.028160585090517998 -0.005399393383413553 -0.9995887875556946 -0.22354766726493835 -0.9969622492790222 -0.07249250262975693 0.028478210791945457 -2.4487857818603516
-0.07256457954645157 0.997357964515686 -0.003379236441105604 -1.3425110578536987 -0.028145257383584976 -0.005434515420347452 -0.9995890259742737 -0.22356945276260376 -0.9969664812088013 -0.07243969291448593 0.02846529521048069 -2.4487788677215576
-0.07263505458831787 0.9973527789115906 -0.003395950421690941 -1.3424843549728394 -0.028235280886292458 -0.005459831096231937 -0.9995863437652588 -0.22353431582450867 -0.9969587922096252 -0.07250916212797165 0.028557155281305313 -2.4488272666931152
-0.07258335500955582 0.9973564743995667 -0.003411013400182128 -1.3424831628799438 -0.028123674914240837 -0.005465332418680191 -0.9995894432067871 -0.22352786362171173 -0.9969657063484192 -0.07245767116546631 0.02844606712460518 -2.4488584995269775
-0.07262559235095978 0.9973533153533936 -0.003432540688663721 -1.3425236940383911 -0.028184978291392326 -0.005492573603987694 -0.9995875954627991 -0.2235678881406784 -0.9969608783721924 -0.07249893993139267 0.02850932814180851 -2.4487974643707275
-0.0725896880030632 0.9973559975624084 -0.003411287209019065 -1.3425043821334839 -0.02820758894085884 -0.005471887066960335 -0.9995870590209961 -0.22360169887542725 -0.9969629049301147 -0.07246353477239609 0.02853025496006012 -2.4487814903259277
-0.07255981862545013 0.997357964515686 -0.003476398065686226 -1.3425073623657227 -0.02813078463077545 -0.005530707072466612 -0.9995889067649841 -0.22361715137958527 -0.9969671964645386 -0.07243224233388901 0.02845781482756138 -2.4487922191619873
-0.07256627082824707 0.9973574876785278 -0.0034709270112216473 -1.3425084352493286 -0.02812938205897808 -0.005525305867195129 -0.9995889663696289 -0.2236286997795105 -0.9969667792320251 -0.07243885099887848 0.02845604531466961 -2.448794364929199
-0.07248115539550781 0.9973641037940979 -0.0033500217832624912 -1.3425155878067017 -0.028196772560477257 -0.005406586918979883 -0.9995877146720886 -0.22374050319194794 -0.996971070766449 -0.07235685735940933 0.02851436845958233 -2.4487979412078857
-0.07261291146278381 0.9973549842834473 -0.0032106805592775345 -1.3424460887908936 -0.028298864141106606 -0.005278134252876043 -0.9995855093002319 -0.2237982600927353 -0.9969586133956909 -0.07249199599027634 0.0286073200404644 -2.44883131980896
-0.07260873913764954 0.9973554015159607 -0.003176280064508319 -1.3424466848373413 -0.0283900648355484 -0.005250168032944202 -0.9995830655097961 -0.22383829951286316 -0.9969562888145447 -0.07248833775520325 0.02869623713195324 -2.4487876892089844
-0.07250048220157623 0.9973636269569397 -0.003054933389648795 -1.3424981832504272 -0.028464999049901962 -0.005130868870764971 -0.9995815753936768 -0.2237483561038971 -0.9969620704650879 -0.07238323241472244 0.02876199036836624 -2.448741912841797
-0.07252953201532364 0.9973616003990173 -0.0030321364756673574 -1.3424969911575317 -0.0284575168043375 -0.005108317360281944 -0.9995819330215454 -0.22377100586891174 -0.9969601631164551 -0.07241296023130417 0.02875298261642456 -2.448737382888794
-0.07251455634832382 0.9973627328872681 -0.003030913881957531 -1.3424978256225586 -0.028468169271945953 -0.005107433069497347 -0.9995816349983215 -0.2237885296344757 -0.9969609379768372 -0.07239797711372375 0.02876349911093712 -2.448734998703003
-0.07246781140565872 0.9973660111427307 -0.003053399734199047 -1.3424826860427856 -0.02834697626531124 -0.005119821988046169 -0.999584972858429 -0.2237369269132614 -0.9969677925109863 -0.07235122472047806 0.028643378987908363 -2.448754072189331
-0.07255740463733673 0.9973598122596741 -0.0029513798654079437 -1.3425118923187256 -0.02825038880109787 -0.005013135727494955 -0.9995882511138916 -0.2237556129693985 -0.9969640374183655 -0.07244419306516647 0.028539588674902916 -2.4487764835357666
-0.0725053995847702 0.9973632097244263 -0.0030914389062672853 -1.342434287071228 -0.028130829334259033 -0.005143334157764912 -0.9995909929275513 -0.22370655834674835 -0.9969711899757385 -0.07238882035017014 0.02842961810529232 -2.448652982711792
-0.07265076041221619 0.997353196144104 -0.0029018884524703026 -1.3424346446990967 -0.028141161426901817 -0.004958264529705048 -0.9995916485786438 -0.22376875579357147 -0.9969602823257446 -0.07253947108983994 0.028426943346858025 -2.448763370513916
-0.07272712886333466 0.9973474740982056 -0.002948782639577985 -1.3424627780914307 -0.02810467965900898 -0.005004789214581251 -0.9995924234390259 -0.223669171333313 -0.9969557523727417 -0.0726146548986435 0.02839416079223156 -2.448758840560913
-0.0726822093129158 0.9973507523536682 -0.0029511197935789824 -1.3424625396728516 -0.028079308569431305 -0.005004002712666988 -0.9995931386947632 -0.22366963326931 -0.9969597458839417 -0.0725698173046112 0.028368664905428886 -2.448761224746704
-0.07273618876934052 0.9973467588424683 -0.002967014443129301 -1.342469334602356 -0.028026031330227852 -0.005017591640353203 -0.9995945692062378 -0.22365054488182068 -0.9969573020935059 -0.0726235881447792 0.0283166766166687 -2.4487850666046143
-0.07273388653993607 0.9973468780517578 -0.0029770147521048784 -1.342469334602356 -0.028042443096637726 -0.0050287446938455105 -0.9995940327644348 -0.22365541756153107 -0.996957004070282 -0.07262091338634491 0.02833384834229946 -2.448796272277832
-0.07280093431472778 0.9973418116569519 -0.0030471656937152147 -1.342498540878296 -0.028108881786465645 -0.005105807911604643 -0.9995917677879333 -0.2236919403076172 -0.9969502687454224 -0.072685606777668 0.028405914083123207 -2.448763132095337
-0.07272494584321976 0.9973471760749817 -0.003103371476754546 -1.3424561023712158 -0.028000209480524063 -0.005152055528014898 -0.9995946288108826 -0.2236746847629547 -0.99695885181427 -0.07260861247777939 0.028300657868385315 -2.448737621307373
-0.07271962612867355 0.9973475933074951 -0.0030985758639872074 -1.3424535989761353 -0.027990076690912247 -0.00514635955914855 -0.9995949268341064 -0.22367292642593384 -0.9969595670700073 -0.0726034864783287 0.028290120884776115 -2.448737859725952
-0.07273437082767487 0.9973465204238892 -0.003095980267971754 -1.3424479961395264 -0.027971290051937103 -0.005142809357494116 -0.9995954632759094 -0.2236679345369339 -0.9969589710235596 -0.07261838763952255 0.02827117219567299 -2.448732852935791
-0.07268320024013519 0.99735027551651 -0.0030852968338876963 -1.3424879312515259 -0.027940789237618446 -0.005128427408635616 -0.999596357345581 -0.22364069521427155 -0.9969635605812073 -0.07256770133972168 0.028239548206329346 -2.4487128257751465
-0.07261277735233307 0.9973551630973816 -0.003161241300404072 -1.342474102973938 -0.027831055223941803 -0.005194563884288073 -0.9995990991592407 -0.2236141711473465 -0.9969717860221863 -0.0724957287311554 0.028134683147072792 -2.4486963748931885
