# 3x4 first row second row third row Freq: 250 current Time: 2020-10-01-16:01:37
0.22917357087135315 0.97327721118927 -0.014520448632538319 0.06021688133478165 -0.04175029322504997 -0.00507511617615819 -0.9991151690483093 -0.17081820964813232 -0.9724897742271423 0.229576975107193 0.03947156295180321 -0.987022340297699
0.22919097542762756 0.9732726812362671 -0.014550233259797096 0.06021023541688919 -0.04174378141760826 -0.005106504540890455 -0.9991152286529541 -0.17083443701267242 -0.9724859595298767 0.22959554195404053 0.03945775330066681 -0.9869289398193359
0.22917939722537994 0.9732756018638611 -0.014537832699716091 0.060242071747779846 -0.041791882365942 -0.005082901567220688 -0.9991133809089661 -0.17090216279029846 -0.9724866151809692 0.2295837253332138 0.03951015695929527 -0.9869219660758972
0.22917741537094116 0.9732775688171387 -0.014437617734074593 0.06021241471171379 -0.04185374081134796 -0.004965505562722683 -0.9991113543510437 -0.17094919085502625 -0.9724844098091125 0.22957798838615417 0.03959735855460167 -0.9868195652961731
0.22915372252464294 0.9732839465141296 -0.01438329927623272 0.06019355356693268 -0.04187135025858879 -0.004906578455120325 -0.9991109371185303 -0.17097264528274536 -0.9724892377853394 0.22955220937728882 0.03962838649749756 -0.9867116808891296
0.22920352220535278 0.9732732176780701 -0.014316362328827381 0.06012837216258049 -0.0419088751077652 -0.004826922435313463 -0.9991097450256348 -0.1710037738084793 -0.9724758863449097 0.22959941625595093 0.03968247398734093 -0.9866495132446289
0.22918933629989624 0.9732763171195984 -0.01433124952018261 0.06011942774057388 -0.041918009519577026 -0.004840642213821411 -0.9991092681884766 -0.1710113137960434 -0.9724788069725037 0.2295859009027481 0.03968841955065727 -0.9866195917129517
0.22919607162475586 0.9732752442359924 -0.014296520501375198 0.060107577592134476 -0.04193206876516342 -0.004801390692591667 -0.9991089105606079 -0.17102213203907013 -0.972476601600647 0.2295912802219391 0.03971102088689804 -0.986579418182373
0.22921988368034363 0.9732707738876343 -0.014218466356396675 0.06019657105207443 -0.04203031212091446 -0.004697069991379976 -0.9991052746772766 -0.1709524393081665 -0.972466766834259 0.22961236536502838 0.039830248802900314 -0.9867449998855591
0.2301657646894455 0.9730444550514221 -0.014425919391214848 0.05985403433442116 -0.042372770607471466 -0.004789087921380997 -0.9990903735160828 -0.1711617261171341 -0.972228467464447 0.23056761920452118 0.04012834280729294 -0.9883134961128235
0.23107853531837463 0.9728347659111023 -0.013969013467431068 0.05996289104223251 -0.04250241816043854 -0.004250286612659693 -0.9990872740745544 -0.17081530392169952 -0.9720062613487244 0.2314613163471222 0.04036571457982063 -0.989563524723053
0.2310778796672821 0.9728347659111023 -0.013982300646603107 0.05993514880537987 -0.04248858988285065 -0.004267252050340176 -0.9990878105163574 -0.17077894508838654 -0.9720070362091064 0.23146113753318787 0.040348343551158905 -0.9896555542945862
0.2310813069343567 0.9728339314460754 -0.013981274329125881 0.059927403926849365 -0.04248334467411041 -0.0042673018760979176 -0.9990879893302917 -0.17076915502548218 -0.9720064401626587 0.23146450519561768 0.04034318029880524 -0.9896810054779053
0.23101648688316345 0.9728483557701111 -0.014051166363060474 0.06000499799847603 -0.04263497516512871 -0.004305744078010321 -0.9990813732147217 -0.17081859707832336 -0.9720152020454407 0.23140330612659454 0.04048270359635353 -0.9900774359703064
0.23094815015792847 0.972864031791687 -0.014086355455219746 0.06008489802479744 -0.042771901935338974 -0.004312216304242611 -0.9990755319595337 -0.1708899885416031 -0.972025454044342 0.23133711516857147 0.04061538353562355 -0.9905242323875427
0.2309514433145523 0.9728633761405945 -0.014080698601901531 0.060081932693719864 -0.04273326322436333 -0.004315461963415146 -0.9990771412849426 -0.17087072134017944 -0.9720263481140137 0.23133999109268188 0.0405769981443882 -0.9907186627388
0.23232685029506683 0.9725450873374939 -0.01342425961047411 0.05984141305088997 -0.04258298873901367 -0.003618116257712245 -0.999086320400238 -0.1707894653081894 -0.9717051386833191 0.23268619179725647 0.040573328733444214 -0.9896470904350281
0.23232360184192657 0.9725458025932312 -0.013429420068860054 0.059826675802469254 -0.042605265974998474 -0.0036182233598083258 -0.9990853667259216 -0.17078234255313873 -0.97170490026474 0.23268325626850128 0.04059500992298126 -0.9896919131278992
0.23229993879795074 0.9725512862205505 -0.013442779891192913 0.05980662256479263 -0.04258318617939949 -0.003638249821960926 -0.9990862607955933 -0.17076890170574188 -0.9717115759849548 0.23266008496284485 0.04056920111179352 -0.9897464513778687
0.2319810539484024 0.9726360440254211 -0.012801519595086575 0.0599946528673172 -0.04233618080615997 -0.003052270971238613 -0.9990987181663513 -0.17107994854450226 -0.9717985391616821 0.23231391608715057 0.040469661355018616 -0.9913960695266724
0.2318793088197708 0.9726600050926208 -0.012824499048292637 0.05997525155544281 -0.042445290833711624 -0.0030541562009602785 -0.9990940690040588 -0.17109917104244232 -0.9718180298805237 0.23221355676651 0.04057667776942253 -0.9914624691009521
0.2324056625366211 0.9725348949432373 -0.012782108038663864 0.05990289896726608 -0.04206179082393646 -0.0030798849184066057 -0.999110221862793 -0.17169499397277832 -0.9717089533805847 0.2327364683151245 0.040190812200307846 -0.9905117154121399
0.23235245048999786 0.97254478931427 -0.012996680103242397 0.0600188709795475 -0.04216668754816055 -0.003277459181845188 -0.9991051554679871 -0.17146024107933044 -0.9717171788215637 0.23269252479076385 0.04024750366806984 -0.990418016910553
0.2323373705148697 0.9725484848022461 -0.01299002394080162 0.06001574546098709 -0.04217233881354332 -0.003269910579547286 -0.9991049766540527 -0.17147476971149445 -0.9717205166816711 0.23267720639705658 0.04025495797395706 -0.9904400706291199
0.23274271190166473 0.972404956817627 -0.016104474663734436 0.06056496500968933 -0.042899977415800095 -0.006277870386838913 -0.9990596175193787 -0.17063453793525696 -0.9715916514396667 0.23321469128131866 0.04025505855679512 -0.9933546185493469
0.22899895906448364 0.973351001739502 -0.012134031392633915 0.060904502868652344 -0.04216106981039047 -0.0025358994025737047 -0.9991075396537781 -0.1700449436903 -0.9725131392478943 0.2293061465024948 0.04045683518052101 -0.9860515594482422
0.2288288176059723 0.9733901023864746 -0.012207216583192348 0.060680799186229706 -0.0422394685447216 -0.0025998118799179792 -0.9991040825843811 -0.17038646340370178 -0.9725497961044312 0.22913940250873566 0.04052060469985008 -0.9857934713363647
0.22882705926895142 0.9733908772468567 -0.012180203571915627 0.06068549305200577 -0.04224052280187607 -0.0025719120167195797 -0.9991041421890259 -0.17039787769317627 -0.9725501537322998 0.22913652658462524 0.04052805155515671 -0.985706090927124
0.2288215309381485 0.9733920693397522 -0.012187592685222626 0.060691364109516144 -0.04222555831074715 -0.0025832578539848328 -0.9991047382354736 -0.1704065352678299 -0.9725521206855774 0.22913126647472382 0.040510956197977066 -0.9856157302856445
0.2287706881761551 0.9734061360359192 -0.012018411420285702 0.06023387610912323 -0.04232712835073471 -0.0023878603242337704 -0.999100923538208 -0.17080649733543396 -0.9725596904754639 0.2290736734867096 0.04065525159239769 -0.9849338531494141
0.22880375385284424 0.9733983278274536 -0.012019643560051918 0.0602056160569191 -0.04234632849693298 -0.002383184153586626 -0.9991000890731812 -0.1708298921585083 -0.9725510478019714 0.2291068136692047 0.0406746007502079 -0.9848421812057495
0.22875970602035522 0.9734094142913818 -0.011960296891629696 0.0601951964199543 -0.04238784313201904 -0.0023143852595239878 -0.9990984797477722 -0.17082130908966064 -0.9725596308708191 0.22906041145324707 0.04073132202029228 -0.9847639203071594
0.22871524095535278 0.9734177589416504 -0.012129676528275013 0.06012914329767227 -0.04249122738838196 -0.0024657975882291794 -0.999093770980835 -0.17091360688209534 -0.9725655317306519 0.22902335226535797 0.04079778492450714 -0.9842700958251953
0.22982800006866455 0.9731627702713013 -0.011545317247509956 0.05942022427916527 -0.04289373382925987 -0.00172268389724195 -0.999078094959259 -0.17160382866859436 -0.9722855091094971 0.23011131584644318 0.04134669899940491 -0.9895265102386475
0.2295175939798355 0.9731847643852234 -0.015263818204402924 0.06004703417420387 -0.043828852474689484 -0.005332388449460268 -0.9990248084068298 -0.17120832204818726 -0.9723171591758728 0.22996272146701813 0.041429731994867325 -0.9924655556678772
0.22856883704662323 0.9734430909156799 -0.012834724970161915 0.06028216332197189 -0.04319854825735092 -0.003029249608516693 -0.9990618824958801 -0.17124544084072113 -0.9725688099861145 0.22890882194042206 0.04135897383093834 -0.9897148609161377
0.22857461869716644 0.9734419584274292 -0.01281819213181734 0.060298144817352295 -0.04318857565522194 -0.0030143759213387966 -0.9990623593330383 -0.1712719202041626 -0.9725679159164429 0.22891387343406677 0.04135259613394737 -0.9897587299346924
0.22858566045761108 0.9734396934509277 -0.012795446440577507 0.06032722070813179 -0.043157536536455154 -0.0029978551901876926 -0.9990637302398682 -0.17125174403190613 -0.9725666642189026 0.22892382740974426 0.04132602736353874 -0.9896708130836487
0.22859138250350952 0.973438560962677 -0.012780302204191685 0.06033312529325485 -0.04313158616423607 -0.002988171996548772 -0.9990648627281189 -0.17127962410449982 -0.9725664854049683 0.2289288192987442 0.041302911937236786 -0.989703357219696
0.22862960398197174 0.9734301567077637 -0.012733888812363148 0.060301993042230606 -0.0431358702480793 -0.0029378621838986874 -0.9990648627281189 -0.1711776703596115 -0.9725573062896729 0.22896505892276764 0.04131810739636421 -0.9895405173301697
0.22864480316638947 0.9734278321266174 -0.012638749554753304 0.060271188616752625 -0.04314989596605301 -0.002836251398548484 -0.999064564704895 -0.17111189663410187 -0.9725531339645386 0.22897624969482422 0.04135485365986824 -0.9895572662353516
0.22866849601268768 0.9734224677085876 -0.012621650472283363 0.06026892736554146 -0.04314858466386795 -0.002817976288497448 -0.9990646243095398 -0.17112156748771667 -0.9725475907325745 0.22899918258190155 0.041357457637786865 -0.9895858764648438
0.22867745161056519 0.9734198451042175 -0.012663524597883224 0.060266513377428055 -0.04314624145627022 -0.0028611149173229933 -0.9990646243095398 -0.17113107442855835 -0.9725456237792969 0.22900989651679993 0.04134517163038254 -0.989616870880127
0.22873063385486603 0.9734091758728027 -0.012523469515144825 0.06016803905367851 -0.04322578012943268 -0.0026963152922689915 -0.999061644077301 -0.17103147506713867 -0.9725295901298523 0.22905731201171875 0.04145967587828636 -0.9898243546485901
0.22946633398532867 0.9732289910316467 -0.013055640272796154 0.060122422873973846 -0.04297834634780884 -0.003268892876803875 -0.9990705847740173 -0.170924112200737 -0.9723672270774841 0.22981415688991547 0.04107770696282387 -0.988317608833313
0.2294430434703827 0.9732350707054138 -0.013011922128498554 0.06014590337872505 -0.043085239827632904 -0.0031997638288885355 -0.9990662336349487 -0.17096322774887085 -0.9723680019378662 0.2297893911600113 0.04119793698191643 -0.9885613918304443
0.22939123213291168 0.973246693611145 -0.013055499643087387 0.060160934925079346 -0.04314764216542244 -0.0032320066820830107 -0.9990634322166443 -0.17095033824443817 -0.9723774194717407 0.22973968088626862 0.04125194251537323 -0.988627016544342
0.22826284170150757 0.973591685295105 -0.00390074634924531 0.05958469212055206 -0.03986051678657532 0.005342204123735428 -0.9991909265518188 -0.17155298590660095 -0.9727832078933716 0.22823362052440643 0.040027327835559845 -0.9814600944519043
0.22951534390449524 0.973300039768219 -0.0031108069233596325 0.05899256467819214 -0.04051611199975014 0.006360752508044243 -0.9991586208343506 -0.17144775390625 -0.9724613428115845 0.22944822907447815 0.04089425876736641 -0.983759343624115
0.22955270111560822 0.9732880592346191 -0.003981186076998711 0.05935167521238327 -0.04059969633817673 0.005488577764481306 -0.9991603493690491 -0.17104800045490265 -0.9724490642547607 0.22952155768871307 0.040775153785943985 -0.9843271374702454
0.2295834720134735 0.9732808470726013 -0.003970634192228317 0.05930459126830101 -0.04062797874212265 0.005507411900907755 -0.9991590976715088 -0.1710527241230011 -0.9724406003952026 0.22955170273780823 0.04080687835812569 -0.9843533635139465
0.22952748835086823 0.9732933640480042 -0.004127959720790386 0.0593256950378418 -0.040727466344833374 0.005366972181946039 -0.9991558194160461 -0.17122094333171844 -0.9724496603012085 0.22950182855129242 0.04087167605757713 -0.9846351146697998
0.2298049032688141 0.9732277393341064 -0.004172643646597862 0.05963895469903946 -0.04130294546484947 0.005469059105962515 -0.9991316795349121 -0.17106792330741882 -0.972359836101532 0.22977766394615173 0.041454024612903595 -0.9863722920417786
0.2300122231245041 0.9731786847114563 -0.0041947211138904095 0.05979349464178085 -0.04140106216073036 0.005478675477206707 -0.9991275668144226 -0.17122168838977814 -0.9723066687583923 0.22998517751693726 0.041550830006599426 -0.9863961338996887
0.22995208203792572 0.9731917977333069 -0.004436736926436424 0.05981064587831497 -0.041488077491521835 0.005248148459941149 -0.9991251826286316 -0.17107097804546356 -0.9723171591758728 0.2299349457025528 0.04158271476626396 -0.9865144491195679
0.22984616458415985 0.9732158780097961 -0.0046456437557935715 0.05980941653251648 -0.041592586785554886 0.005053733475506306 -0.9991218447685242 -0.17098529636859894 -0.9723377823829651 0.22983750700950623 0.041640184819698334 -0.9865388870239258
0.23035654425621033 0.9730970859527588 -0.004220322240144014 0.05966011807322502 -0.04167909920215607 0.005533367395401001 -0.9991157054901123 -0.17156541347503662 -0.9722132682800293 0.23032869398593903 0.04183249548077583 -0.9881477355957031
0.22988355159759521 0.9731767773628235 -0.008970757946372032 0.0602390356361866 -0.04272180050611496 0.0008821791270747781 -0.9990865588188171 -0.17094065248966217 -0.972279965877533 0.2300567924976349 0.041778698563575745 -0.9904471039772034
0.23031124472618103 0.9730802774429321 -0.008454657159745693 0.060471951961517334 -0.04268809035420418 0.0014229523949325085 -0.999087393283844 -0.17048326134681702 -0.9721802473068237 0.2304619401693344 0.04186669737100601 -0.9906914234161377
0.2300245314836502 0.9731490612030029 -0.008338244631886482 0.06016198918223381 -0.04289369285106659 0.0015784655697643757 -0.9990783333778381 -0.17072376608848572 -0.972239077091217 0.23017016053199768 0.04210507869720459 -0.9908077120780945
0.23003919422626495 0.9731456637382507 -0.008333694189786911 0.06010669469833374 -0.04290139675140381 0.0015856139361858368 -0.9990780353546143 -0.1707272082567215 -0.9722352623939514 0.23018458485603333 0.042114097625017166 -0.991082489490509
0.22983774542808533 0.9731916189193726 -0.00851820595562458 0.05986103415489197 -0.04315394163131714 0.001446975744329393 -0.9990673661231995 -0.17098651826381683 -0.972271740436554 0.22999094426631927 0.042329661548137665 -0.9919254779815674
0.22909407317638397 0.9733734130859375 -0.007747614290565252 0.06017985939979553 -0.040709834545850754 0.0016286061145365238 -0.999169647693634 -0.17097356915473938 -0.9725525975227356 0.2292192131280899 0.039999011904001236 -0.9830837249755859
0.22907735407352448 0.9733762741088867 -0.007884068414568901 0.06015007570385933 -0.04067240282893181 0.0014790085842832923 -0.9991713762283325 -0.17098742723464966 -0.9725580811500549 0.22920817136764526 0.03992839157581329 -0.9826305508613586
0.22922909259796143 0.9733523726463318 -0.0062501742504537106 0.059733569622039795 -0.041446201503276825 0.003345086006447673 -0.9991350769996643 -0.17091304063796997 -0.9724896550178528 0.22928984463214874 0.04110858589410782 -0.985474169254303
0.2292373925447464 0.9733470678329468 -0.006754071917384863 0.059710435569286346 -0.04172274097800255 0.002893409226089716 -0.9991250038146973 -0.17084284126758575 -0.9724758863449097 0.22931857407093048 0.041274022310972214 -0.9858130812644958
0.22819268703460693 0.9735783338546753 -0.008557029068470001 0.06056974455714226 -0.044226378202438354 0.001585420686751604 -0.9990202188491821 -0.17005164921283722 -0.9726109504699707 0.2283475250005722 0.04341965913772583 -0.9903358817100525
0.22776854038238525 0.9736729860305786 -0.009072577580809593 0.06075858697295189 -0.045248162001371384 0.0012764765415340662 -0.9989749193191528 -0.17008492350578308 -0.9726633429527283 0.22794555127620697 0.04434768855571747 -0.9924116730690002
0.22775140404701233 0.9736770987510681 -0.0090659623965621 0.060138117522001266 -0.04548683017492294 0.0013383898185566068 -0.9989640116691589 -0.170909121632576 -0.97265625 0.2279277890920639 0.04459434002637863 -0.9951009750366211
0.22777166962623596 0.9736711382865906 -0.009192053228616714 0.06014515459537506 -0.045521270483732224 0.001218049437738955 -0.9989625811576843 -0.17100197076797485 -0.972649872303009 0.22795377671718597 0.0446002222597599 -0.9954739212989807
0.22776876389980316 0.9736718535423279 -0.009190174750983715 0.06011716276407242 -0.04555286467075348 0.0012272436870262027 -0.9989611506462097 -0.17102330923080444 -0.972649097442627 0.22795073688030243 0.044633105397224426 -0.9956097602844238
0.2260739952325821 0.9740793704986572 -0.007737533189356327 0.06074770167469978 -0.04482531547546387 0.0024681228678673506 -0.9989917278289795 -0.1708485335111618 -0.973078191280365 0.22619286179542542 0.044221431016922 -0.9907854795455933
0.22607272863388062 0.9740796685218811 -0.007737952750176191 0.06074010208249092 -0.04481235519051552 0.0024646208621561527 -0.9989923238754272 -0.170874685049057 -0.9730790853500366 0.2261916548013687 0.04420802369713783 -0.990837812423706
0.226084902882576 0.9740774631500244 -0.007661645766347647 0.060648113489151 -0.044848304241895676 0.0025518033653497696 -0.9989904761314392 -0.17089492082595825 -0.9730746150016785 0.22620025277137756 0.044262681156396866 -0.9907088279724121
0.22750629484653473 0.9737077951431274 -0.011571849696338177 0.06058960407972336 -0.04594651609659195 -0.0011363347293809056 -0.9989432096481323 -0.1710190325975418 -0.9726920127868652 0.2277975231409073 0.04447999596595764 -0.9955822825431824
0.22912991046905518 0.973314106464386 -0.012610909529030323 0.06010568514466286 -0.04514532908797264 -0.002315625548362732 -0.9989777207374573 -0.17188884317874908 -0.9723483324050903 0.22946496307849884 0.0434100441634655 -0.9956198930740356
0.2300230860710144 0.973096489906311 -0.013137195259332657 0.060028210282325745 -0.04495466500520706 -0.0028601568192243576 -0.9989848732948303 -0.1722193956375122 -0.9721462726593018 0.2303801327943802 0.04308735951781273 -0.9964404106140137
0.23080652952194214 0.972908616065979 -0.013305984437465668 0.060290560126304626 -0.044587936252355576 -0.003085037227720022 -0.9990006685256958 -0.17163467407226562 -0.9719774723052979 0.23116913437843323 0.04266797751188278 -0.995374858379364
0.23084133863449097 0.9729023575782776 -0.013158800080418587 0.06103961542248726 -0.04471207782626152 -0.0029028067365288734 -0.9989956617355347 -0.17061655223369598 -0.9719635248184204 0.23119781911373138 0.04283043369650841 -0.9956857562065125
0.23082217574119568 0.972909688949585 -0.012954486533999443 0.0608687549829483 -0.04461829736828804 -0.0027161866892129183 -0.9990003705024719 -0.17074714601039886 -0.9719723463058472 0.2311694175004959 0.04278264939785004 -0.9952153563499451
0.23191264271736145 0.972647488117218 -0.01316303014755249 0.060601141303777695 -0.043777890503406525 -0.0030819589737802744 -0.9990364909172058 -0.17115390300750732 -0.9717509746551514 0.2322654128074646 0.041865747421979904 -0.9946137070655823
0.23124989867210388 0.9728392362594604 -0.010353191755712032 0.060274265706539154 -0.04181535914540291 -0.0006931211682967842 -0.999125063419342 -0.17175224423408508 -0.9719952940940857 0.2314804494380951 0.04051937535405159 -0.9893614649772644
0.23129887878894806 0.9728276133537292 -0.010352187789976597 0.0602676123380661 -0.041797030717134476 -0.000694357615429908 -0.9991258382797241 -0.17181432247161865 -0.9719844460487366 0.2315293401479721 0.040500737726688385 -0.9892371892929077
0.23123866319656372 0.9728398323059082 -0.010545941069722176 0.06036371365189552 -0.041833266615867615 -0.0008872940088622272 -0.9991241693496704 -0.171530082821846 -0.9719972014427185 0.2314772754907608 0.04049192741513252 -0.9885967373847961
0.23107591271400452 0.9729037880897522 -0.007879706099629402 0.05990374833345413 -0.0407722033560276 0.0015914950054138899 -0.9991671442985535 -0.17132185399532318 -0.9720810055732727 0.23120470345020294 0.040035221725702286 -0.9853914976119995
0.23106639087200165 0.9729039072990417 -0.008135262876749039 0.06009063124656677 -0.040866829454898834 0.0013511439319700003 -0.9991636276245117 -0.17106546461582184 -0.9720792770385742 0.23120556771755219 0.04007174074649811 -0.9853445887565613
0.2310703992843628 0.9729030132293701 -0.008130316622555256 0.06008254364132881 -0.04086891561746597 0.0013568889116868377 -0.9991635680198669 -0.1710558980703354 -0.972078263759613 0.23120935261249542 0.040075063705444336 -0.9852508902549744
0.23104360699653625 0.9729095101356506 -0.008115842007100582 0.06005847454071045 -0.04088691994547844 0.0013749015051871538 -0.9991627931594849 -0.17102982103824615 -0.9720838665962219 0.23118197917938232 0.04009697213768959 -0.9850459098815918
0.230916827917099 0.972937285900116 -0.008386961184442043 0.0601540207862854 -0.04108646884560585 0.001138536143116653 -0.9991549253463745 -0.17068831622600555 -0.9721055626869202 0.2310662418603897 0.04023750126361847 -0.9842520356178284
0.2309209257364273 0.9729362726211548 -0.008396612480282784 0.06014508381485939 -0.04109199717640877 0.0011301138438284397 -0.9991546869277954 -0.1706697791814804 -0.9721043705940247 0.23107072710990906 0.040240898728370667 -0.9841479063034058
0.23081570863723755 0.9729597568511963 -0.008564055897295475 0.060244087129831314 -0.041244108229875565 0.0009898300049826503 -0.9991485476493835 -0.17062245309352875 -0.9721229076385498 0.23097236454486847 0.04035736247897148 -0.9840372800827026
0.2317075878381729 0.9727482795715332 -0.008500667288899422 0.05993642657995224 -0.04168145731091499 0.0011973063228651881 -0.9991301894187927 -0.17033417522907257 -0.9718920588493347 0.23186033964157104 0.04082302749156952 -0.9867609143257141
0.2314721941947937 0.9728013873100281 -0.008834866806864738 0.060016464442014694 -0.04218967631459236 0.0009650296997278929 -0.9991090893745422 -0.17050276696681976 -0.971926212310791 0.23163868486881256 0.041265588253736496 -0.9876435399055481
0.23132431507110596 0.9727974534034729 -0.012415668927133083 0.060490239411592484 -0.04285774007439613 -0.00255977432243526 -0.9990778565406799 -0.17062914371490479 -0.9719322323799133 0.23164306581020355 0.04109979793429375 -0.9900541305541992
0.231149360537529 0.9728383421897888 -0.012468463741242886 0.06044549494981766 -0.04304417222738266 -0.0025771926157176495 -0.9990698099136353 -0.17075395584106445 -0.9719656109809875 0.2314710021018982 0.04127933830022812 -0.9902620315551758
0.2306501269340515 0.9729455709457397 -0.013316525146365166 0.06070931255817413 -0.04410937801003456 -0.0032166445162147284 -0.9990214705467224 -0.17069868743419647 -0.9720364212989807 0.2310117781162262 0.042174141854047775 -0.993858814239502
0.2306453287601471 0.9729469418525696 -0.013302040286362171 0.06073124334216118 -0.04409201443195343 -0.0032061117235571146 -0.9990223050117493 -0.17068277299404144 -0.9720383286476135 0.23100630939006805 0.04215975105762482 -0.9939719438552856
0.23038791120052338 0.972998321056366 -0.013986400328576565 0.0603959746658802 -0.04478687793016434 -0.003755269106477499 -0.998989462852478 -0.17105214297771454 -0.972067654132843 0.2307814657688141 0.04271242395043373 -0.995520830154419
0.23041170835494995 0.9729929566383362 -0.013968801125884056 0.06038936972618103 -0.04475811496376991 -0.0037429556250572205 -0.9989907741546631 -0.1710585057735443 -0.9720633029937744 0.23080436885356903 0.04268694669008255 -0.9956105351448059
0.23041433095932007 0.9729920625686646 -0.013985732570290565 0.060372550040483475 -0.04476923868060112 -0.00375757971778512 -0.9989902377128601 -0.17108404636383057 -0.9720621705055237 0.23080776631832123 0.042694348841905594 -0.9957753419876099
0.23033830523490906 0.9730109572410583 -0.013925692066550255 0.060375239700078964 -0.04486629739403725 -0.0036763271782547235 -0.9989861845970154 -0.17126375436782837 -0.9720757007598877 0.23072955012321472 0.04280863329768181 -0.9961287975311279
0.23116350173950195 0.9728046655654907 -0.014644710347056389 0.06029165908694267 -0.04400595277547836 -0.004582378547638655 -0.9990206956863403 -0.17195893824100494 -0.9719191789627075 0.23158153891563416 0.041749950498342514 -0.9948691129684448
0.23119159042835236 0.9727981686592102 -0.014632320031523705 0.06029317528009415 -0.04398070648312569 -0.004574430175125599 -0.9990218877792358 -0.17200630903244019 -0.9719136357307434 0.23160895705223083 0.041726816445589066 -0.994932234287262
0.2311946153640747 0.9727973341941833 -0.014639072120189667 0.06029621511697769 -0.044007766991853714 -0.004574781749397516 -0.9990206956863403 -0.1720569133758545 -0.9719116687774658 0.2316123992204666 0.04175300896167755 -0.9949951171875
0.2316565215587616 0.9726893901824951 -0.014508477412164211 0.060168616473674774 -0.043490637093782425 -0.004543762654066086 -0.9990434646606445 -0.17222285270690918 -0.9718249440193176 0.23206587135791779 0.0412503257393837 -0.9935120940208435
0.2299657166004181 0.9731307029724121 -0.011503515765070915 0.060011524707078934 -0.04207339510321617 -0.0018680226057767868 -0.9991127252578735 -0.17225699126720428 -0.9722887873649597 0.23024563491344452 0.04051336646080017 -0.9896000027656555
0.2299463450908661 0.973135769367218 -0.011462048627436161 0.060005418956279755 -0.042061757296323776 -0.0018290322041139007 -0.9991133213043213 -0.17233490943908691 -0.9722939133644104 0.23022453486919403 0.04051125794649124 -0.9895621538162231
0.2301660031080246 0.9730802178382874 -0.011765500530600548 0.06013832986354828 -0.0419023372232914 -0.0021689939312636852 -0.9991193413734436 -0.1720036417245865 -0.9722487926483154 0.23045626282691956 0.04027514159679413 -0.9890552163124084
0.23022697865962982 0.9730632305145264 -0.011977608315646648 0.060334768146276474 -0.041891396045684814 -0.0023867813870310783 -0.9991192817687988 -0.17148174345493317 -0.972234845161438 0.230525940656662 0.040213510394096375 -0.9878391623497009
0.23009654879570007 0.973061740398407 -0.01436538901180029 0.06031440943479538 -0.043276771903038025 -0.004515547305345535 -0.999052882194519 -0.1706807017326355 -0.9722050428390503 0.230500265955925 0.041071996092796326 -0.9930883646011353
0.2297694832086563 0.9731270670890808 -0.015154082328081131 0.060808733105659485 -0.04377603530883789 -0.0052212197333574295 -0.999027669429779 -0.170148566365242 -0.972260057926178 0.23020942509174347 0.0414000004529953 -0.9940043091773987
0.22978129982948303 0.9731245040893555 -0.015140397474169731 0.060840755701065063 -0.04373425617814064 -0.005216546356678009 -0.9990295171737671 -0.17008499801158905 -0.9722591042518616 0.23022042214870453 0.041360244154930115 -0.9940593242645264
0.2296479046344757 0.9731536507606506 -0.015287362970411777 0.060682833194732666 -0.04393015429377556 -0.005326884798705578 -0.9990203380584717 -0.17034806311130524 -0.972281813621521 0.23009446263313293 0.04152752086520195 -0.9944955706596375
0.23056042194366455 0.972878098487854 -0.018709605559706688 0.060494549572467804 -0.04391436278820038 -0.00880467426031828 -0.9989964365959167 -0.17162901163101196 -0.9720665216445923 0.23115062713623047 0.04069334641098976 -0.9958919882774353
0.23055699467658997 0.9728788733482361 -0.01871224120259285 0.06050939857959747 -0.04390334710478783 -0.008810147643089294 -0.998996913433075 -0.17164184153079987 -0.9720678329467773 0.23114721477031708 0.04068143293261528 -0.9959341287612915
0.2290903627872467 0.9732626080513 -0.016655636951327324 0.06027938053011894 -0.042574118822813034 -0.007075948640704155 -0.9990682005882263 -0.1722532957792282 -0.9724736213684082 0.22958596050739288 0.03981480002403259 -0.9918999075889587
0.22927363216876984 0.9732202291488647 -0.01661038212478161 0.06037069484591484 -0.042382560670375824 -0.007067050784826279 -0.9990764260292053 -0.1721455305814743 -0.9724388122558594 0.22976583242416382 0.0396273136138916 -0.991279125213623
0.22938336431980133 0.9731955528259277 -0.016543125733733177 0.0603635311126709 -0.04226739704608917 -0.007020638324320316 -0.9990816116333008 -0.17187954485416412 -0.972417950630188 0.22987191379070282 0.03952405974268913 -0.990634024143219
0.22938258945941925 0.9731956124305725 -0.016548585146665573 0.06037591025233269 -0.04226921498775482 -0.007025845814496279 -0.9990814924240112 -0.1719057261943817 -0.9724180698394775 0.22987136244773865 0.03952464461326599 -0.9905867576599121
0.2294214516878128 0.9731867909431458 -0.0165297519415617 0.06039854511618614 -0.04226274788379669 -0.0070064184255898 -0.9990819096565247 -0.17194730043411255 -0.972409188747406 0.22990937530994415 0.03952215984463692 -0.990508496761322
0.22941787540912628 0.9731895327568054 -0.0164151880890131 0.06046891212463379 -0.04221731424331665 -0.0068996986374258995 -0.9990845918655396 -0.1715090125799179 -0.9724119901657104 0.22990083694458008 0.039502568542957306 -0.9895179271697998
0.22941172122955322 0.9731941223144531 -0.016229812055826187 0.06044363975524902 -0.042287427932024 -0.006693071685731411 -0.9990830421447754 -0.17133668065071106 -0.9724103808403015 0.22988763451576233 0.039618439972400665 -0.989240288734436
0.22943896055221558 0.9731878042221069 -0.01622493751347065 0.060462482273578644 -0.042305536568164825 -0.006682645529508591 -0.9990823268890381 -0.17133450508117676 -0.9724031686782837 0.22991478443145752 0.039638008922338486 -0.9891456365585327
0.22943617403507233 0.9731914401054382 -0.01604469120502472 0.06045570969581604 -0.04235761985182762 -0.006485406309366226 -0.9990814328193665 -0.17125698924064636 -0.9724015593528748 0.22990500926971436 0.0397341214120388 -0.9888297915458679
0.22942420840263367 0.9731981754302979 -0.01580437459051609 0.06040826067328453 -0.04240729659795761 -0.006227456033229828 -0.9990809559822083 -0.17116543650627136 -0.9724022150039673 0.22988353669643402 0.03984200954437256 -0.9885423183441162
0.22942937910556793 0.9731971025466919 -0.015796704217791557 0.06043572723865509 -0.04238121584057808 -0.00622553052380681 -0.999082088470459 -0.17115063965320587 -0.9724021553993225 0.22988823056221008 0.03981699049472809 -0.9883677959442139
0.22940759360790253 0.9732030630111694 -0.015743782743811607 0.060457635670900345 -0.04247065633535385 -0.006150973495095968 -0.9990787506103516 -0.17112997174263 -0.9724034070968628 0.22986486554145813 0.03992152959108353 -0.9881767630577087
0.22939957678318024 0.9732048511505127 -0.015749294310808182 0.06046992540359497 -0.04244229570031166 -0.0061636739410459995 -0.9990798830986023 -0.17112508416175842 -0.9724065065383911 0.22985690832138062 0.039891138672828674 -0.988114058971405
0.2294125258922577 0.9732018709182739 -0.01574459858238697 0.060490380972623825 -0.04244622215628624 -0.006157380528748035 -0.9990797638893127 -0.17111490666866302 -0.9724032878875732 0.22986966371536255 0.039896197617053986 -0.9880126714706421
0.23094452917575836 0.9728493094444275 -0.015124678611755371 0.060148950666189194 -0.04283035174012184 -0.005364761687815189 -0.9990679025650024 -0.1708890199661255 -0.9720237255096436 0.2313770204782486 0.04042855277657509 -0.9911710619926453
0.23061440885066986 0.9729017019271851 -0.016708675771951675 0.06081988662481308 -0.04390041157603264 -0.0067510176450014114 -0.9990130662918091 -0.1708379089832306 -0.9720543622970581 0.2311202883720398 0.04115394130349159 -0.9959287047386169
0.2306142896413803 0.9729017615318298 -0.016709089279174805 0.06084546446800232 -0.04389878734946251 -0.0067518348805606365 -0.9990131258964539 -0.1708180457353592 -0.9720544815063477 0.23112016916275024 0.04115217179059982 -0.9959815144538879
0.23033453524112701 0.9729703068733215 -0.01657380536198616 0.06067071855068207 -0.04406963661313057 -0.006584520917385817 -0.9990066885948181 -0.17100268602371216 -0.9721130728721619 0.23083610832691193 0.041361842304468155 -0.9959124326705933
0.2293689101934433 0.9732407927513123 -0.013864828273653984 0.060205087065696716 -0.042592938989400864 -0.004194836597889662 -0.9990836381912231 -0.172270730137825 -0.9724071621894836 0.22974924743175507 0.04049105569720268 -0.9918791651725769
0.2294628769159317 0.9732180237770081 -0.01390587817877531 0.060265425592660904 -0.042431656271219254 -0.004271084442734718 -0.9990901947021484 -0.17208512127399445 -0.9723920226097107 0.2298441380262375 0.040315233170986176 -0.9913756251335144
0.22944171726703644 0.973223090171814 -0.01390238106250763 0.060267504304647446 -0.04243145138025284 -0.004268442280590534 -0.9990901947021484 -0.1721620410680771 -0.9723970293998718 0.22982284426689148 0.04031594470143318 -0.9913410544395447
0.22945769131183624 0.973219096660614 -0.013919003307819366 0.060270607471466064 -0.04244700446724892 -0.004281152039766312 -0.9990894794464111 -0.1722506880760193 -0.9723926186561584 0.22983954846858978 0.040327925235033035 -0.9913015961647034
0.22956502437591553 0.9731528162956238 -0.01653701812028885 0.06032848730683327 -0.043387118726968765 -0.006741863209754229 -0.9990355372428894 -0.17138488590717316 -0.9723257422447205 0.23006108403205872 0.040674638003110886 -0.9929308891296387
0.23009827733039856 0.9730360507965088 -0.01598764769732952 0.06022534519433975 -0.04313216730952263 -0.006215372588485479 -0.9990500211715698 -0.17113393545150757 -0.9722110629081726 0.23056922852993011 0.04053904116153717 -0.9935302734375
0.2300926297903061 0.9730379581451416 -0.01595170609652996 0.060229185968637466 -0.04312451556324959 -0.006180526223033667 -0.9990505576133728 -0.17111198604106903 -0.9722127318382263 0.23056204617023468 0.040539734065532684 -0.9935547709465027
0.23067708313465118 0.9729048609733582 -0.015626275911927223 0.06011763960123062 -0.042994771152734756 -0.00585217447951436 -0.9990581274032593 -0.1717127561569214 -0.9720799922943115 0.2311316281557083 0.04047989472746849 -0.9945104122161865
0.23068609833717346 0.972902774810791 -0.015622141771018505 0.06011393293738365 -0.042992912232875824 -0.005847984924912453 -0.9990582466125488 -0.17172230780124664 -0.9720779061317444 0.23114044964313507 0.0404789112508297 -0.9945442080497742
0.23063750565052032 0.972912609577179 -0.015727844089269638 0.06020720303058624 -0.043073754757642746 -0.005939386785030365 -0.9990541934967041 -0.171643927693367 -0.9720858931541443 0.2310967892408371 0.040537189692258835 -0.9947450160980225
0.23066046833992004 0.9729069471359253 -0.015739310532808304 0.06021104380488396 -0.043064456433057785 -0.005952389445155859 -0.999054491519928 -0.17164745926856995 -0.9720808267593384 0.23112015426158905 0.040524765849113464 -0.9947793483734131
0.2310878187417984 0.9728063941001892 -0.01568591594696045 0.06020144745707512 -0.04291949421167374 -0.005913790315389633 -0.9990609884262085 -0.1719280332326889 -0.9719857573509216 0.23154401779174805 0.040385790169239044 -0.9944889545440674
0.23111550509929657 0.9728013873100281 -0.015588635578751564 0.06030641123652458 -0.04286598414182663 -0.005825451575219631 -0.9990637898445129 -0.17172302305698395 -0.9719815254211426 0.23156732320785522 0.040353771299123764 -0.9941814541816711
0.23112231492996216 0.9728015065193176 -0.015478992834687233 0.060326360166072845 -0.04285319894552231 -0.005715603940188885 -0.9990649819374084 -0.17159698903560638 -0.9719804525375366 0.23156949877738953 0.04036669060587883 -0.9940943717956543
0.23117072880268097 0.9727901220321655 -0.01547280978411436 0.06033576652407646 -0.04282190278172493 -0.005714647006243467 -0.9990663528442383 -0.17159265279769897 -0.9719703197479248 0.23161743581295013 0.040335699915885925 -0.9941076040267944
0.23113985359668732 0.9727972149848938 -0.015488816425204277 0.06034958362579346 -0.04283267259597778 -0.005729835480451584 -0.9990657567977905 -0.17158900201320648 -0.971977174282074 0.23158730566501617 0.04034314677119255 -0.9941257834434509
0.22916823625564575 0.9732617735862732 -0.015600381419062614 0.0607619546353817 -0.04208019748330116 -0.006106050685048103 -0.9990955591201782 -0.17149455845355988 -0.9724767804145813 0.2296174019575119 0.03955576941370964 -0.9920278787612915
0.22926023602485657 0.973242461681366 -0.015453102998435497 0.06066582724452019 -0.041964784264564514 -0.005978279281407595 -0.9991011619567871 -0.17140617966651917 -0.9724600911140442 0.22970262169837952 0.03947136551141739 -0.9914569854736328
0.22909043729305267 0.9732691645622253 -0.016267042607069016 0.06127704307436943 -0.04223770275712013 -0.0067564635537564754 -0.9990847110748291 -0.17074421048164368 -0.972488284111023 0.22956779599189758 0.03956085070967674 -0.9915913343429565
0.22993583977222443 0.9730700254440308 -0.01625293307006359 0.060137324035167694 -0.04279328137636185 -0.006575006525963545 -0.9990622401237488 -0.1709839552640915 -0.9722644686698914 0.2304157018661499 0.04012906551361084 -0.9939828515052795
0.229905366897583 0.973077654838562 -0.01622837409377098 0.06009574607014656 -0.04277995973825455 -0.006554241292178631 -0.9990629553794861 -0.17096662521362305 -0.9722722768783569 0.23038414120674133 0.040121402591466904 -0.9940109848976135
0.2298775613307953 0.9730842709541321 -0.01622639410197735 0.060064565390348434 -0.04279514402151108 -0.00654978770762682 -0.9990623593330383 -0.1709475964307785 -0.9722781777381897 0.2303563952445984 0.04013766720890999 -0.9940317273139954
0.22989068925380707 0.9730805158615112 -0.016263101249933243 0.06015435606241226 -0.04292583093047142 -0.006555952597409487 -0.9990566968917847 -0.1711639016866684 -0.9722692966461182 0.23037192225456238 0.04026317223906517 -0.9943730235099792
0.2298995405435562 0.9730797410011292 -0.016184838488698006 0.060245513916015625 -0.04295347258448601 -0.006468676496297121 -0.9990561008453369 -0.17127594351768494 -0.9722659587860107 0.2303776890039444 0.04031004384160042 -0.9945005774497986
0.22990025579929352 0.9730809926986694 -0.016100075095891953 0.0603177435696125 -0.04298987612128258 -0.006372993346303701 -0.9990551471710205 -0.17137344181537628 -0.9722641706466675 0.23037514090538025 0.04036751389503479 -0.9946039915084839
0.2299187183380127 0.973076581954956 -0.016102293506264687 0.06031731143593788 -0.04298324137926102 -0.00637605506926775 -0.9990553855895996 -0.17137984931468964 -0.9722601175308228 0.23039363324642181 0.04036004841327667 -0.9946208596229553
0.22990837693214417 0.9730800986289978 -0.016035854816436768 0.06036948785185814 -0.043023280799388885 -0.006298797205090523 -0.9990541934967041 -0.17144596576690674 -0.9722607731819153 0.2303808033466339 0.04041698947548866 -0.9946672916412354
0.23048293590545654 0.9729159474372864 -0.01766529679298401 0.060646601021289825 -0.04351652041077614 -0.007830237969756126 -0.9990220069885254 -0.17112550139427185 -0.9721028208732605 0.23102621734142303 0.040533218532800674 -0.9962172508239746
0.23054775595664978 0.972917377948761 -0.01671735569834709 0.06080560386180878 -0.04388084262609482 -0.006767480168491602 -0.9990137815475464 -0.17102424800395966 -0.9720710515975952 0.2310539335012436 0.04113224148750305 -0.9963066577911377
0.23140427470207214 0.9727322459220886 -0.015619358979165554 0.060088664293289185 -0.043070849031209946 -0.0057958210818469524 -0.9990551471710205 -0.17220011353492737 -0.9719037413597107 0.23185834288597107 0.040555261075496674 -0.9959664940834045
