# 3x4 first row second row third row Freq: 250 current Time: 2020-10-01-16:12:23
-0.0067969560623168945 0.9998827576637268 -0.013719207607209682 -0.2607787549495697 -0.04678231105208397 -0.01402241550385952 -0.9988066554069519 -0.269829660654068 -0.9988819360733032 -0.006147072650492191 0.046872179955244064 -2.472057819366455
-0.006730881053954363 0.9998838305473328 -0.013674113899469376 -0.26078349351882935 -0.046807821840047836 -0.013974428176879883 -0.9988061189651489 -0.2698097825050354 -0.9988812208175659 -0.006082833744585514 0.04689649119973183 -2.472090721130371
-0.006726263556629419 0.9998839497566223 -0.013665431179106236 -0.260780930519104 -0.046805694699287415 -0.013965525664389133 -0.998806357383728 -0.2698056995868683 -0.9988813400268555 -0.006078658625483513 0.046894244849681854 -2.4720940589904785
-0.006796272471547127 0.9998807907104492 -0.013860510662198067 -0.26076754927635193 -0.046951137483119965 -0.014164571650326252 -0.9987967014312744 -0.2699127197265625 -0.9988740086555481 -0.0061373719945549965 0.04704185202717781 -2.471928119659424
-0.0067666079849004745 0.9998818635940552 -0.013796440325677395 -0.2607388496398926 -0.04698632284998894 -0.014099391177296638 -0.9987959861755371 -0.2699432075023651 -0.9988725781440735 -0.00611026119440794 0.04707622528076172 -2.4719154834747314
-0.006634778343141079 0.9998809695243835 -0.013924996368587017 -0.2607659101486206 -0.04690919443964958 -0.014221139252185822 -0.9987978935241699 -0.26983898878097534 -0.9988771080970764 -0.005973636172711849 0.04699801281094551 -2.4717702865600586
-0.006655634380877018 0.9998804926872253 -0.013949005864560604 -0.260762482881546 -0.04694601893424988 -0.014246324077248573 -0.9987958073616028 -0.269834041595459 -0.9988752007484436 -0.005992813501507044 0.04703527316451073 -2.4717626571655273
-0.0066114929504692554 0.9998806118965149 -0.013963302597403526 -0.26071253418922424 -0.04691899195313454 -0.0142583679407835 -0.9987968802452087 -0.2698464095592499 -0.9988767504692078 -0.00594843877479434 0.04700770601630211 -2.471827983856201
-0.006544547155499458 0.9998823404312134 -0.01386959757655859 -0.2607116997241974 -0.04690644517540932 -0.014161543920636177 -0.9987988471984863 -0.26982381939888 -0.9988778233528137 -0.005886157043278217 0.04699365422129631 -2.47190523147583
-0.00645505590364337 0.9998829364776611 -0.013868525624275208 -0.26073649525642395 -0.04690588638186455 -0.014156264252960682 -0.9987989664077759 -0.26985302567481995 -0.9988784193992615 -0.0057968320325016975 0.04699182137846947 -2.472012996673584
-0.006423704791814089 0.9998830556869507 -0.013873642310500145 -0.260736882686615 -0.04689761996269226 -0.014159854501485825 -0.9987992644309998 -0.2698379456996918 -0.9988790154457092 -0.005765395238995552 0.04698314145207405 -2.4720330238342285
-0.006421799771487713 0.999883770942688 -0.01382572390139103 -0.2607336938381195 -0.04690247401595116 -0.014111925847828388 -0.998799741268158 -0.26983240246772766 -0.9988787770271301 -0.005765675567090511 0.04698769003152847 -2.4720335006713867
-0.00636561494320631 0.999880313873291 -0.014096338301897049 -0.26076239347457886 -0.04683023691177368 -0.014379195868968964 -0.9987993240356445 -0.26987162232398987 -0.998882532119751 -0.005697880871593952 0.046916212886571884 -2.4718127250671387
-0.00655078561976552 0.9998801946640015 -0.014020644128322601 -0.26077884435653687 -0.046809930354356766 -0.01431215088814497 -0.9988012313842773 -0.26993000507354736 -0.9988822937011719 -0.005886671599000692 0.04689812660217285 -2.4718918800354004
-0.006553859915584326 0.9998801946640015 -0.014021484181284904 -0.26077860593795776 -0.046808768063783646 -0.014313127845525742 -0.9988012909889221 -0.26993197202682495 -0.9988823533058167 -0.0058897193521261215 0.04689701274037361 -2.4718894958496094
-0.006519927643239498 0.9998811483383179 -0.01396622508764267 -0.26078423857688904 -0.04685144126415253 -0.014256587252020836 -0.9988000988960266 -0.26993316411972046 -0.9988805651664734 -0.005857810378074646 0.04693887382745743 -2.471956968307495
-0.00647405069321394 0.9998804926872253 -0.014037225395441055 -0.2607124447822571 -0.04688749089837074 -0.014325566589832306 -0.9987974166870117 -0.2699268162250519 -0.9988791346549988 -0.005808138754218817 0.046974677592515945 -2.4722347259521484
-0.0064726825803518295 0.9998793601989746 -0.014117088168859482 -0.2607407569885254 -0.04677509516477585 -0.01440462563186884 -0.9988015294075012 -0.26996392011642456 -0.9988844394683838 -0.005804641637951136 0.04686273634433746 -2.472024917602539
-0.006521446630358696 0.9998790621757507 -0.014113659039139748 -0.2607690095901489 -0.04671603813767433 -0.014403139241039753 -0.9988043308258057 -0.2699475884437561 -0.9988868832588196 -0.005854358896613121 0.046804364770650864 -2.4720823764801025
-0.00649823946878314 0.9998765587806702 -0.014303315430879593 -0.260808527469635 -0.04672276973724365 -0.01459154486656189 -0.9988012909889221 -0.26993364095687866 -0.9988867044448853 -0.00582220358774066 0.046811867505311966 -2.471967935562134
-0.006535637658089399 0.9998770952224731 -0.014249123632907867 -0.26079660654067993 -0.04663170501589775 -0.014538627117872238 -0.9988062977790833 -0.26985350251197815 -0.9988906979560852 -0.005863419268280268 0.04672103747725487 -2.4719178676605225
-0.006564893294125795 0.9998789429664612 -0.014104630798101425 -0.26083600521087646 -0.04643948748707771 -0.014394520781934261 -0.9988173246383667 -0.26997512578964233 -0.9988994598388672 -0.005902161821722984 0.046528410166502 -2.4718639850616455
-0.0067998627200722694 0.9998754858970642 -0.014237369410693645 -0.26076993346214294 -0.04656244441866875 -0.014538806863129139 -0.9988095164299011 -0.2699861526489258 -0.9988921880722046 -0.006128885317593813 0.0466555580496788 -2.4718539714813232
-0.00680936686694622 0.9998765587806702 -0.014157529920339584 -0.26079222559928894 -0.04660242423415184 -0.014459741301834583 -0.9988088011741638 -0.26997584104537964 -0.9988902807235718 -0.006141524761915207 0.04669518023729324 -2.471911668777466
-0.0064963833428919315 0.9998791813850403 -0.014119751751422882 -0.2607441842556 -0.04650932550430298 -0.014406845904886723 -0.9988139271736145 -0.269835889339447 -0.9988966584205627 -0.005832022055983543 0.04659734293818474 -2.472358465194702
-0.006499846000224352 0.9998791217803955 -0.014120100997388363 -0.2607426941394806 -0.04651176556944847 -0.014407371170818806 -0.998813807964325 -0.2698322832584381 -0.9988965392112732 -0.005835429299622774 0.04659983888268471 -2.472360849380493
-0.0064974077977240086 0.9998794794082642 -0.014095669612288475 -0.26073768734931946 -0.046493154019117355 -0.014382743276655674 -0.9988150000572205 -0.26982244849205017 -0.9988974332809448 -0.005834400653839111 0.046581048518419266 -2.472368001937866
-0.006542959250509739 0.9998839497566223 -0.013754318468272686 -0.2607646584510803 -0.04652702063322067 -0.014044077135622501 -0.9988182783126831 -0.2698204219341278 -0.9988955855369568 -0.0058953240513801575 0.04661355912685394 -2.4719960689544678
-0.0062858425080776215 0.9998771548271179 -0.014353891834616661 -0.2607559859752655 -0.04646403342485428 -0.01463067065924406 -0.9988127946853638 -0.26983678340911865 -0.9989001154899597 -0.005611484404653311 0.046550337225198746 -2.472071409225464
-0.006244705058634281 0.9998759031295776 -0.01446102000772953 -0.2607249319553375 -0.04644285514950752 -0.014735652133822441 -0.998812198638916 -0.26986128091812134 -0.9989013671875 -0.005565720610320568 0.04652915894985199 -2.4720311164855957
-0.0059761242009699345 0.9998756647109985 -0.014590201899409294 -0.2608470320701599 -0.04641394317150116 -0.014852046966552734 -0.9988118410110474 -0.26975858211517334 -0.9989043474197388 -0.005291879177093506 0.04649697616696358 -2.471921443939209
-0.005979185923933983 0.9998753666877747 -0.014608926139771938 -0.2608495056629181 -0.04638819023966789 -0.014870756305754185 -0.998812735080719 -0.2697473168373108 -0.9989055395126343 -0.005294449627399445 0.04647136852145195 -2.4719114303588867
-0.0059823328629136086 0.9998766779899597 -0.014518732205033302 -0.26079946756362915 -0.04642604663968086 -0.014781005680561066 -0.9988123178482056 -0.2698017954826355 -0.998903751373291 -0.005301224533468485 0.0465087927877903 -2.472024917602539
-0.006153886206448078 0.9998772144317627 -0.014407094568014145 -0.2606898248195648 -0.04642722010612488 -0.014677473343908787 -0.998813807964325 -0.26989418268203735 -0.9989026784896851 -0.005477748811244965 0.04651189222931862 -2.472022771835327
-0.006253999192267656 0.9998780488967896 -0.014305336400866508 -0.26080429553985596 -0.04647694528102875 -0.014580756425857544 -0.9988129138946533 -0.26993802189826965 -0.9988997578620911 -0.00558175053447485 0.04656251519918442 -2.471900463104248
-0.006282484158873558 0.9998769164085388 -0.014374855905771255 -0.26084616780281067 -0.04648749902844429 -0.014651588164269924 -0.9988113641738892 -0.26984041929244995 -0.9988990426063538 -0.005606809630990028 0.04657387360930443 -2.4718692302703857
-0.006670928094536066 0.9998799562454224 -0.013979467563331127 -0.26082390546798706 -0.046544719487428665 -0.014275058172643185 -0.9988141655921936 -0.26993057131767273 -0.9988939166069031 -0.006012390833348036 0.046634409576654434 -2.4718265533447266
-0.006451434455811977 0.9998782277107239 -0.014204693958163261 -0.26078417897224426 -0.0464109405875206 -0.01448903325945139 -0.9988173246383667 -0.2698456943035126 -0.9989015460014343 -0.005784595385193825 0.04649881273508072 -2.4722156524658203
-0.006480972282588482 0.9998785257339478 -0.014171984978020191 -0.2608301341533661 -0.04644085466861725 -0.014457907527685165 -0.9988163709640503 -0.26988592743873596 -0.9988999962806702 -0.005815186072140932 0.04652896150946617 -2.472107410430908
-0.006364851724356413 0.9998775720596313 -0.014291872270405293 -0.26078569889068604 -0.04645610600709915 -0.014572350308299065 -0.9988139867782593 -0.26991572976112366 -0.9988999962806702 -0.005693402606993914 0.04654321447014809 -2.472123861312866
-0.00636219372972846 0.999877393245697 -0.014304681681096554 -0.2607865333557129 -0.04645853489637375 -0.014585035853087902 -0.9988136887550354 -0.2699131965637207 -0.9988999366760254 -0.005690115503966808 0.04654568061232567 -2.472123146057129
-0.006358819082379341 0.999877393245697 -0.014305897988379002 -0.26078715920448303 -0.04646102339029312 -0.014586107805371284 -0.9988135695457458 -0.26991012692451477 -0.9988998174667358 -0.005686652380973101 0.04654812440276146 -2.4721221923828125
-0.00646476773545146 0.9998757839202881 -0.014371686615049839 -0.2608084976673126 -0.04647354409098625 -0.01465683151036501 -0.9988119602203369 -0.2699231207370758 -0.9988985657691956 -0.0057892282493412495 0.046562571078538895 -2.472217082977295
-0.006421803031116724 0.999875009059906 -0.014443833380937576 -0.2607702314853668 -0.04641599953174591 -0.014726569876074791 -0.9988135695457458 -0.2699507772922516 -0.9989014863967896 -0.005743803456425667 0.04650481417775154 -2.4721293449401855
-0.006418795790523291 0.9998749494552612 -0.014449400827288628 -0.26076754927635193 -0.04643053188920021 -0.014732075855135918 -0.9988128542900085 -0.26996415853500366 -0.998900830745697 -0.005740326829254627 0.04651933163404465 -2.472130060195923
-0.006399345118552446 0.9998752474784851 -0.01443852111697197 -0.2607663571834564 -0.04642804339528084 -0.01472028810530901 -0.9988131523132324 -0.26998135447502136 -0.9989010691642761 -0.0057214414700865746 0.046516500413417816 -2.4721293449401855
-0.006626773625612259 0.9998781085014343 -0.014133097603917122 -0.26074108481407166 -0.046426329761743546 -0.014425758272409439 -0.998817503452301 -0.2699504792690277 -0.9988996982574463 -0.005962833762168884 0.04651631414890289 -2.472196340560913
-0.006586137693375349 0.9998810887336731 -0.01393982581794262 -0.26079991459846497 -0.0465117022395134 -0.014231308363378048 -0.9988163113594055 -0.2699842154979706 -0.9988960027694702 -0.005930020939558744 0.04659994691610336 -2.4720957279205322
-0.006684202700853348 0.9998812079429626 -0.013885565102100372 -0.26088252663612366 -0.046552155166864395 -0.014181919395923615 -0.99881511926651 -0.2700381577014923 -0.9988934397697449 -0.006029923912137747 0.04664146527647972 -2.4718596935272217
-0.00667215883731842 0.9998765587806702 -0.014223339967429638 -0.26079756021499634 -0.04653730243444443 -0.014518683776259422 -0.9988110065460205 -0.26999378204345703 -0.998894214630127 -0.006002353969961405 0.046628475189208984 -2.4718620777130127
-0.006705053616315126 0.9998778104782104 -0.014117961749434471 -0.2608046531677246 -0.04655056074261665 -0.014415031298995018 -0.9988119006156921 -0.27002671360969543 -0.9988933801651001 -0.006039932370185852 0.046641573309898376 -2.4719221591949463
-0.006587181705981493 0.9998758435249329 -0.014312091283500195 -0.2607714533805847 -0.046521659940481186 -0.014603284187614918 -0.9988104701042175 -0.2699802815914154 -0.998895525932312 -0.005913568194955587 0.046612124890089035 -2.4720566272735596
-0.006617352366447449 0.9998758435249329 -0.01429816521704197 -0.2607734799385071 -0.04651733487844467 -0.014590755105018616 -0.998810887336731 -0.26998794078826904 -0.998895525932312 -0.005944414995610714 0.04660815745592117 -2.472046136856079
-0.006646181922405958 0.9998775124549866 -0.014165452681481838 -0.26082873344421387 -0.04650454595685005 -0.014459450729191303 -0.9988133907318115 -0.26997673511505127 -0.9988959431648254 -0.005979581736028194 0.04659499600529671 -2.472107172012329
-0.006639955099672079 0.9998787641525269 -0.014081336557865143 -0.26086530089378357 -0.0465298667550087 -0.014375285245478153 -0.9988133907318115 -0.27000534534454346 -0.9988948106765747 -0.005976917687803507 0.0466197244822979 -2.472116470336914
-0.006655478850007057 0.9998791217803955 -0.014048829674720764 -0.26082268357276917 -0.046482205390930176 -0.014343250542879105 -0.9988160729408264 -0.2699033319950104 -0.9988968968391418 -0.005994623061269522 0.04657209664583206 -2.472139835357666
-0.006731507834047079 0.9998781085014343 -0.014084665104746819 -0.2608407437801361 -0.04657302051782608 -0.014383140951395035 -0.9988113045692444 -0.2699257433414459 -0.9988921880722046 -0.0060675847344100475 0.04666421189904213 -2.472057580947876
-0.006843100767582655 0.9998782873153687 -0.014016185887157917 -0.26081785559654236 -0.04672585055232048 -0.014320887625217438 -0.998805046081543 -0.2698810398578644 -0.9988842606544495 -0.0061800493858754635 0.04681821167469025 -2.4719576835632324
-0.006821336690336466 0.9998780488967896 -0.014045282267034054 -0.2607683837413788 -0.04663689434528351 -0.014348385855555534 -0.9988088011741638 -0.2699233591556549 -0.9988885521888733 -0.006158227100968361 0.04672912880778313 -2.472231149673462
-0.006816387642174959 0.9998778104782104 -0.014064770191907883 -0.2607658803462982 -0.046674348413944244 -0.014367852360010147 -0.9988067746162415 -0.26992276310920715 -0.9988868832588196 -0.006151834037154913 0.046766627579927444 -2.472231864929199
-0.0068792360834777355 0.9998793601989746 -0.013921014033257961 -0.2607312798500061 -0.04682892560958862 -0.014228152111172676 -0.9988015294075012 -0.2699090838432312 -0.9988791942596436 -0.006219129543751478 0.04692120477557182 -2.4723198413848877
-0.006956763565540314 0.9998811483383179 -0.013754772022366524 -0.26077014207839966 -0.04682062566280365 -0.014065674506127834 -0.9988042116165161 -0.2698485255241394 -0.9988790154457092 -0.006304481998085976 0.04691295698285103 -2.472088098526001
-0.0068169268779456615 0.9998806118965149 -0.013862621039152145 -0.2607419192790985 -0.046755462884902954 -0.014166444540023804 -0.9988058805465698 -0.2699137032032013 -0.998883068561554 -0.006160677410662174 0.046846501529216766 -2.471980571746826
-0.006805064156651497 0.999880313873291 -0.01389249972999096 -0.2607439160346985 -0.04672478139400482 -0.014195546507835388 -0.998806893825531 -0.26992157101631165 -0.9988845586776733 -0.006147865206003189 0.04681583493947983 -2.4719743728637695
-0.0068579972721636295 0.9998801946640015 -0.013872910290956497 -0.26077139377593994 -0.04675877094268799 -0.014178668148815632 -0.9988055229187012 -0.27000367641448975 -0.9988826513290405 -0.006201169453561306 0.046850454062223434 -2.4718174934387207
-0.0068908450193703175 0.9998791813850403 -0.013930784538388252 -0.26079514622688293 -0.04682648181915283 -0.014238441362977028 -0.9988015294075012 -0.269922137260437 -0.9988792538642883 -0.006230301223695278 0.04691898450255394 -2.471886396408081
-0.0068895951844751835 0.9998795986175537 -0.013902394101023674 -0.2608003616333008 -0.046793852001428604 -0.01420981902629137 -0.998803436756134 -0.2699199616909027 -0.9988807439804077 -0.006230848841369152 0.04688616469502449 -2.471869468688965
-0.006604543421417475 0.9998784065246582 -0.014121759682893753 -0.2607784569263458 -0.046723540872335434 -0.014415165409445763 -0.9988037943840027 -0.2699498236179352 -0.998885989189148 -0.005936868488788605 0.04681311175227165 -2.4720940589904785
-0.0066016665659844875 0.9998807311058044 -0.013959757052361965 -0.2608129382133484 -0.046784210950136185 -0.01425356324762106 -0.9988032579421997 -0.2700217366218567 -0.9988831877708435 -0.005940713919699192 0.04687277227640152 -2.4721083641052246
-0.006562014576047659 0.9998807907104492 -0.013972497545182705 -0.2608160972595215 -0.04680989682674408 -0.01426458265632391 -0.9988018870353699 -0.270062118768692 -0.9988822340965271 -0.005900145974010229 0.04689796641469002 -2.472134828567505
-0.006679051090031862 0.999883234500885 -0.013743207789957523 -0.26084914803504944 -0.04682622477412224 -0.014041128568351269 -0.9988043308258057 -0.2700069546699524 -0.9988806843757629 -0.006027566734701395 0.04691458120942116 -2.4722912311553955
-0.00667174905538559 0.9998833537101746 -0.013736695051193237 -0.2608588635921478 -0.04681076854467392 -0.014034186489880085 -0.9988051652908325 -0.27002856135368347 -0.998881459236145 -0.0060207960195839405 0.046898987144231796 -2.4723012447357178
-0.006554857362061739 0.9998832941055298 -0.013798185624182224 -0.26082056760787964 -0.04670976102352142 -0.014089531265199184 -0.9988090991973877 -0.27007317543029785 -0.9988869428634644 -0.005902585573494434 0.046796709299087524 -2.4722049236297607
-0.006735107861459255 0.9998816251754761 -0.013829112984240055 -0.26081374287605286 -0.04675006493926048 -0.014129106886684895 -0.9988066554069519 -0.2699950933456421 -0.998883843421936 -0.006080602761358023 0.04683974012732506 -2.472090244293213
-0.006750136148184538 0.9998812675476074 -0.013849394395947456 -0.2607591450214386 -0.04662785306572914 -0.014149324037134647 -0.9988120794296265 -0.2699353098869324 -0.9988895058631897 -0.006096394266933203 0.04671787470579147 -2.472048044204712
-0.006793199572712183 0.9998804926872253 -0.01388557255268097 -0.2607734799385071 -0.046720344573259354 -0.01418804470449686 -0.9988071918487549 -0.2698931097984314 -0.9988848567008972 -0.0061364020220935345 0.046811189502477646 -2.472067356109619
-0.007048770319670439 0.9998814463615417 -0.013687757775187492 -0.26080450415611267 -0.046760912984609604 -0.014002665877342224 -0.9988079071044922 -0.2699406147003174 -0.9988812208175659 -0.00640035979449749 0.04685411602258682 -2.4719810485839844
-0.007027324289083481 0.9998815059661865 -0.013694429770112038 -0.2608037292957306 -0.04674911126494408 -0.014008251018822193 -0.9988083839416504 -0.26994457840919495 -0.9988818764686584 -0.006378792226314545 0.046842060983181 -2.4719760417938232
-0.007164794951677322 0.9998792409896851 -0.01378690730780363 -0.2607942521572113 -0.04668962210416794 -0.014106681570410728 -0.998809814453125 -0.26997509598731995 -0.9988837242126465 -0.0065126060508191586 0.04678510129451752 -2.4716403484344482
-0.007221702486276627 0.9998794198036194 -0.013745885342359543 -0.26079532504081726 -0.04675891995429993 -0.01406882144510746 -0.9988070726394653 -0.2698993980884552 -0.9988800287246704 -0.006570389028638601 0.04685492813587189 -2.4716265201568604
-0.00717787304893136 0.9998779892921448 -0.013871275819838047 -0.2607724070549011 -0.046723563224077225 -0.014191792346537113 -0.9988070130348206 -0.26976943016052246 -0.998881995677948 -0.006521238479763269 0.0468197762966156 -2.47157621383667
-0.007000212091952562 0.9998762011528015 -0.014089373871684074 -0.2607409656047821 -0.04668084904551506 -0.014401067979633808 -0.9988059997558594 -0.26978570222854614 -0.9988852739334106 -0.006334193982183933 0.046775925904512405 -2.47149395942688
-0.006981600075960159 0.9998802542686462 -0.01380868162959814 -0.2607215940952301 -0.0466715507209301 -0.014119747094810009 -0.9988104701042175 -0.269709974527359 -0.9988858699798584 -0.006328866817057133 0.04676458612084389 -2.4715957641601562
-0.006958688143640757 0.9998807311058044 -0.013782602734863758 -0.2607137858867645 -0.04668056219816208 -0.014092680998146534 -0.9988104104995728 -0.2696823179721832 -0.9988855719566345 -0.006307074334472418 0.04677310958504677 -2.471573829650879
-0.006968579720705748 0.9998806118965149 -0.013786029070615768 -0.26081112027168274 -0.0467679537832737 -0.014097119681537151 -0.9988062381744385 -0.26988860964775085 -0.9988813996315002 -0.006315561011433601 0.04686065390706062 -2.4717493057250977
-0.006997605320066214 0.9998806118965149 -0.013773328624665737 -0.2608638405799866 -0.046699829399585724 -0.014085359871387482 -0.9988096356391907 -0.2699435353279114 -0.9988844394683838 -0.0063461074605584145 0.04679286479949951 -2.4717698097229004
-0.006897744257003069 0.9998791217803955 -0.013932378962635994 -0.26078179478645325 -0.046649325639009476 -0.014239250682294369 -0.998809814453125 -0.2699180841445923 -0.9988874793052673 -0.006239642389118671 0.04674195125699043 -2.4717729091644287
-0.00689185643568635 0.999879002571106 -0.013940772973001003 -0.2607794404029846 -0.04667946323752403 -0.014247549697756767 -0.9988082647323608 -0.269913911819458 -0.9988861083984375 -0.0062329391948878765 0.0467720553278923 -2.4717676639556885
-0.006788650061935186 0.9998765587806702 -0.01416704524308443 -0.26075485348701477 -0.04657313972711563 -0.014468099921941757 -0.9988100528717041 -0.26992738246917725 -0.9988917708396912 -0.006120812147855759 0.04666565731167793 -2.4717018604278564
-0.006797580048441887 0.9998790621757507 -0.013984736055135727 -0.2607898414134979 -0.04655109718441963 -0.014286266639828682 -0.9988136887550354 -0.2698904871940613 -0.9988927245140076 -0.0061385552398860455 0.04664262756705284 -2.4717772006988525
-0.006649715825915337 0.999880313873291 -0.0139640336856246 -0.26076754927635193 -0.04653051123023033 -0.01425856538116932 -0.9988150596618652 -0.2698894441127777 -0.9988946914672852 -0.005992126651108265 0.046619806438684464 -2.4720284938812256
-0.006552326027303934 0.9998788237571716 -0.014119666069746017 -0.26081010699272156 -0.046469029039144516 -0.01440912950783968 -0.9988157749176025 -0.2697505056858063 -0.9988982081413269 -0.005888483487069607 0.04655785486102104 -2.4720966815948486
-0.006432838272303343 0.9998785257339478 -0.014195568859577179 -0.26082396507263184 -0.046514637768268585 -0.014479652047157288 -0.9988126158714294 -0.2698083817958832 -0.9988968372344971 -0.005764942150563002 0.04660217836499214 -2.4722342491149902
-0.006425412837415934 0.9998789429664612 -0.014169667847454548 -0.2608274519443512 -0.04654669016599655 -0.014453616924583912 -0.9988114833831787 -0.2698085308074951 -0.9988954067230225 -0.005758269224315882 0.046633969992399216 -2.4722354412078857
-0.00631890632212162 0.9998812079429626 -0.014053369872272015 -0.2608122229576111 -0.04646741598844528 -0.014332028105854988 -0.998816967010498 -0.26988694071769714 -0.9988997578620911 -0.005658451002091169 0.04655250906944275 -2.4723570346832275
-0.0062695881351828575 0.9998819828033447 -0.014020934700965881 -0.2608015239238739 -0.046414565294981 -0.014297033660113811 -0.998819887638092 -0.2699092924594879 -0.9989025592803955 -0.005611457861959934 0.046498771756887436 -2.472342014312744
-0.006288318429142237 0.999883770942688 -0.013883857987821102 -0.26081469655036926 -0.04640446603298187 -0.01416091714054346 -0.9988223314285278 -0.26996806263923645 -0.9989029169082642 -0.005636683665215969 0.046488165855407715 -2.4723222255706787
-0.0063026174902915955 0.9998841881752014 -0.013847275637090206 -0.26081186532974243 -0.046404626220464706 -0.014125039801001549 -0.998822808265686 -0.2699776589870453 -0.9989027976989746 -0.005652664694935083 0.04648832231760025 -2.472325325012207
-0.006256413646042347 0.9998835921287537 -0.013913305476307869 -0.26072922348976135 -0.04636054486036301 -0.01418860349804163 -0.9988239407539368 -0.2699873745441437 -0.9989051222801208 -0.005604071542620659 0.046443965286016464 -2.4723148345947266
-0.006390612572431564 0.9998821020126343 -0.013959244824945927 -0.2607656419277191 -0.04643777757883072 -0.014241170138120651 -0.9988196492195129 -0.2699972093105316 -0.9989007115364075 -0.005734877195209265 0.04652336239814758 -2.4721932411193848
-0.006398588418960571 0.9998819828033447 -0.01396523229777813 -0.26076364517211914 -0.04643555358052254 -0.014247510582208633 -0.9988196492195129 -0.2700054347515106 -0.9989007711410522 -0.005742596462368965 0.04652128368616104 -2.472191333770752
-0.006440418306738138 0.9998825192451477 -0.013907444663345814 -0.26081588864326477 -0.04637995362281799 -0.014191407710313797 -0.9988229870796204 -0.26995688676834106 -0.9989030361175537 -0.005787855479866266 0.046465951949357986 -2.4722559452056885
-0.0064450898207724094 0.9998770952224731 -0.014287753030657768 -0.2607375979423523 -0.04650186002254486 -0.014572234824299812 -0.9988118410110474 -0.26992160081863403 -0.9988973736763 -0.005773069337010384 0.046590112149715424 -2.471818208694458
-0.00654600141569972 0.9998754858970642 -0.014356784522533417 -0.26072484254837036 -0.04657314345240593 -0.014646314084529877 -0.998807430267334 -0.26991865038871765 -0.9988933801651001 -0.005869598593562841 0.04666326567530632 -2.4717307090759277
-0.006558187771588564 0.9998753666877747 -0.014357611536979675 -0.26071682572364807 -0.04655396565794945 -0.014647595584392548 -0.9988083243370056 -0.26992273330688477 -0.998894214630127 -0.0058820126578211784 0.04664427414536476 -2.471724033355713
-0.006506349891424179 0.999875545501709 -0.01436865609139204 -0.2606923580169678 -0.04645350202918053 -0.014655623584985733 -0.9988129138946533 -0.2699214220046997 -0.9988992214202881 -0.0058311959728598595 0.04654312506318092 -2.471696376800537
-0.006527549587190151 0.999875545501709 -0.014358025044202805 -0.26068350672721863 -0.04641520604491234 -0.014645766466856003 -0.9988148212432861 -0.26992067694664 -0.9989008903503418 -0.005853426642715931 0.04650507867336273 -2.4716904163360596
-0.006546324118971825 0.9998753070831299 -0.014369498938322067 -0.26073434948921204 -0.04638097435235977 -0.014657899737358093 -0.9988162517547607 -0.2699146866798401 -0.9989023208618164 -0.005872147623449564 0.04647119343280792 -2.471764087677002
-0.006560941692441702 0.9998751878738403 -0.01436805259436369 -0.2607286870479584 -0.046381525695323944 -0.014657137915492058 -0.998816192150116 -0.2699113190174103 -0.9989022016525269 -0.005886807106435299 0.04647194966673851 -2.4717535972595215
-0.006690813694149256 0.9998795986175537 -0.013996548019349575 -0.2606945037841797 -0.046557314693927765 -0.014293123967945576 -0.9988133311271667 -0.269888311624527 -0.998893141746521 -0.0060312761925160885 0.046647388488054276 -2.471729040145874
-0.006695914547890425 0.9998798966407776 -0.013974873349070549 -0.26068928837776184 -0.04656440392136574 -0.014271752908825874 -0.998813271522522 -0.26988449692726135 -0.9988927841186523 -0.006037280894815922 0.04665441811084747 -2.4717299938201904
-0.006672897841781378 0.9998800158500671 -0.013974626548588276 -0.26068347692489624 -0.04657667130231857 -0.014270506799221039 -0.998812735080719 -0.2698763906955719 -0.9988923668861389 -0.006014127749949694 0.046666353940963745 -2.4717321395874023
-0.006711933761835098 0.9998825788497925 -0.013773379847407341 -0.26074647903442383 -0.04650737717747688 -0.014070875942707062 -0.9988188147544861 -0.26984381675720215 -0.9988953471183777 -0.006063485983759165 0.046596407890319824 -2.471665859222412
-0.006737021263688803 0.9998819828033447 -0.013805137947201729 -0.26074692606925964 -0.04651255905628204 -0.014103800989687443 -0.9988180994987488 -0.2698262929916382 -0.9988949298858643 -0.006086990237236023 0.04660213366150856 -2.4716646671295166
-0.006789292208850384 0.9998813271522522 -0.01382702961564064 -0.26075243949890137 -0.04650294408202171 -0.014128046110272408 -0.9988182187080383 -0.2698017358779907 -0.9988950490951538 -0.006138314958661795 0.04659339040517807 -2.4715702533721924
-0.006795435678213835 0.9998815059661865 -0.013811680488288403 -0.2607542872428894 -0.04650544375181198 -0.014113014563918114 -0.9988182783126831 -0.2697910964488983 -0.9988948702812195 -0.006145131308585405 0.04659588262438774 -2.471566915512085
-0.0068184807896614075 0.9998812675476074 -0.013814421370625496 -0.2607545554637909 -0.04647643119096756 -0.014116647653281689 -0.9988195896148682 -0.26977336406707764 -0.998896062374115 -0.006168431602418423 0.04656721651554108 -2.4715609550476074
-0.006853367201983929 0.9998790621757507 -0.013955436646938324 -0.26071736216545105 -0.04649122431874275 -0.01425922941416502 -0.9988168478012085 -0.2697800099849701 -0.9988951683044434 -0.0061964974738657475 0.046583373099565506 -2.471440315246582
-0.006811133120208979 0.9998807311058044 -0.01385775301605463 -0.2607472240924835 -0.04656601324677467 -0.014160143211483955 -0.9988148212432861 -0.26985928416252136 -0.9988919496536255 -0.006157804746180773 0.046656955033540726 -2.4712166786193848
-0.006786650978028774 0.9998790621757507 -0.013987693004310131 -0.26071086525917053 -0.04652579128742218 -0.014288555830717087 -0.9988148212432861 -0.26984041929244995 -0.9988939762115479 -0.0061278631910681725 0.046617183834314346 -2.471423387527466
-0.006801491603255272 0.9998790621757507 -0.013982951641082764 -0.2607109248638153 -0.04655279591679573 -0.014284677803516388 -0.9988136291503906 -0.26983019709587097 -0.998892605304718 -0.0061425212770700455 0.04664436727762222 -2.471423864364624
-0.0067352778278291225 0.9998791813850403 -0.01400734856724739 -0.26067984104156494 -0.04658275097608566 -0.014306141994893551 -0.9988119602203369 -0.2697598338127136 -0.9988917112350464 -0.006074819248169661 0.046673525124788284 -2.4715311527252197
-0.007011746522039175 0.9998809099197388 -0.01374584436416626 -0.260802298784256 -0.04676540568470955 -0.014058983884751797 -0.998806893825531 -0.26980075240135193 -0.9988812208175659 -0.0063605946488678455 0.04685846343636513 -2.4716055393218994
-0.006999917794018984 0.999880850315094 -0.013754328712821007 -0.2608104944229126 -0.046752359718084335 -0.01406682189553976 -0.998807430267334 -0.26979684829711914 -0.9988819360733032 -0.006348566617816687 0.04684530198574066 -2.471606969833374
-0.007015691604465246 0.9998809099197388 -0.013741450384259224 -0.26082053780555725 -0.046749331057071686 -0.014054677449166775 -0.9988077282905579 -0.2697947025299072 -0.998881995677948 -0.0063649676740169525 0.046842414885759354 -2.4716105461120605
-0.007180419284850359 0.9998785853385925 -0.013824515044689178 -0.26082685589790344 -0.04692784324288368 -0.014146535657346249 -0.9987980723381042 -0.26985135674476624 -0.9988724589347839 -0.006523078307509422 0.04702376946806908 -2.471522808074951
-0.007154678460210562 0.9998800754547119 -0.013733284547924995 -0.26083651185035706 -0.04696832597255707 -0.014054456725716591 -0.9987974762916565 -0.26991206407546997 -0.9988707304000854 -0.006501089781522751 0.04706329479813576 -2.4715561866760254
-0.00714182248339057 0.999880313873291 -0.013721003197133541 -0.2608107626438141 -0.046999674290418625 -0.014041787944734097 -0.9987961649894714 -0.26993295550346375 -0.9988692998886108 -0.006488386541604996 0.047094378620386124 -2.4715800285339355
-0.007155525032430887 0.9998802542686462 -0.013719490729272366 -0.26074129343032837 -0.04705188795924187 -0.014041261747479439 -0.9987937211990356 -0.2698808014392853 -0.9988667964935303 -0.006501409690827131 0.04714677110314369 -2.471787929534912
-0.007172128185629845 0.9998791217803955 -0.013792197220027447 -0.26075810194015503 -0.047055914998054504 -0.014114698395133018 -0.9987924695014954 -0.26989802718162537 -0.9988664388656616 -0.006514507345855236 0.04715150594711304 -2.4716529846191406
-0.0071877650916576385 0.999879002571106 -0.013791989535093307 -0.2607594132423401 -0.04707968980073929 -0.014115383848547935 -0.9987913370132446 -0.26989924907684326 -0.9988652467727661 -0.006529799196869135 0.04717549681663513 -2.47165584564209
-0.007178320083767176 0.9998787045478821 -0.013819443993270397 -0.26076194643974304 -0.04706414043903351 -0.014142260886728764 -0.9987916946411133 -0.26989537477493286 -0.9988660216331482 -0.006519290152937174 0.04715999588370323 -2.4716615676879883
-0.007034073583781719 0.9998788833618164 -0.01387962605804205 -0.2608028054237366 -0.047013260424137115 -0.01419525034725666 -0.998793363571167 -0.2698569595813751 -0.9988694787025452 -0.006373103708028793 0.04710746183991432 -2.471766710281372
-0.006785379257053137 0.9998804330825806 -0.01389341801404953 -0.2607860565185547 -0.04686038941144943 -0.014196374453604221 -0.99880051612854 -0.2698383927345276 -0.9988783597946167 -0.006126233376562595 0.046951159834861755 -2.4719059467315674
-0.006842369679361582 0.9998791217803955 -0.013959833420813084 -0.2606990933418274 -0.046878207474946976 -0.014265504665672779 -0.9987987279891968 -0.26994165778160095 -0.9988771080970764 -0.006179782096296549 0.046970196068286896 -2.4719300270080566
-0.006826125551015139 0.9998789429664612 -0.013978126458823681 -0.260696142911911 -0.04688204079866409 -0.01428303774446249 -0.9987982511520386 -0.26994580030441284 -0.9988770484924316 -0.0061626434326171875 0.04697391018271446 -2.4719409942626953
-0.006847231648862362 0.9998788237571716 -0.013979255221784115 -0.26069000363349915 -0.04689081385731697 -0.014285211451351643 -0.9987978339195251 -0.26994967460632324 -0.9988765120506287 -0.00618354557082057 0.04698299244046211 -2.4719531536102295
-0.006792281288653612 0.9998782873153687 -0.014040539972484112 -0.2607436776161194 -0.04680055007338524 -0.014343294315040112 -0.9988012313842773 -0.26988130807876587 -0.9988811016082764 -0.006127078086137772 0.046892326325178146 -2.4720406532287598
-0.006605940405279398 0.9998791217803955 -0.014073651283979416 -0.260684996843338 -0.04661908373236656 -0.014366553165018559 -0.9988093972206116 -0.269885390996933 -0.9988908767700195 -0.005942018702626228 0.046708397567272186 -2.471874475479126
-0.006577407009899616 0.9998780488967896 -0.014160888269543648 -0.26073601841926575 -0.04658542200922966 -0.014452164992690086 -0.9988096952438354 -0.2698366045951843 -0.998892605304718 -0.005909930914640427 0.04667484760284424 -2.47208833694458
-0.0065351566299796104 0.9998786449432373 -0.014138000085949898 -0.26073479652404785 -0.04655034840106964 -0.01442712265998125 -0.9988117218017578 -0.2698383033275604 -0.9988945126533508 -0.005869306158274412 0.046639032661914825 -2.472106695175171
-0.006520327180624008 0.9998789429664612 -0.01412377879023552 -0.260731041431427 -0.046552874147892 -0.014412240125238895 -0.9988117814064026 -0.26984113454818726 -0.9988945126533508 -0.005855121184140444 0.046641260385513306 -2.4721288681030273
-0.006368911825120449 0.9998767971992493 -0.014341775327920914 -0.2608470022678375 -0.04664618521928787 -0.014623473398387432 -0.9988043904304504 -0.26982417702674866 -0.9988911151885986 -0.005692352075129747 0.04673362150788307 -2.472038745880127
-0.006337873637676239 0.9998759031295776 -0.014419290237128735 -0.2608111500740051 -0.046585019677877426 -0.01469910703599453 -0.9988061189651489 -0.2697787880897522 -0.9988941550254822 -0.005658627953380346 0.04667244851589203 -2.472113847732544
-0.006309269927442074 0.9998762011528015 -0.014409404247999191 -0.26081380248069763 -0.04656212404370308 -0.014687768183648586 -0.9988073706626892 -0.2697635591030121 -0.9988954067230225 -0.005630856845527887 0.04664907604455948 -2.4721269607543945
-0.006411606911569834 0.9998748898506165 -0.014455276541411877 -0.26082539558410645 -0.046619366854429245 -0.014738693833351135 -0.9988039135932922 -0.2698511779308319 -0.9988921284675598 -0.00573008693754673 0.04670808091759682 -2.4722580909729004
-0.00640423409640789 0.9998751878738403 -0.014438560232520103 -0.260829359292984 -0.04659572243690491 -0.014721516519784927 -0.9988052845001221 -0.26984113454818726 -0.9988932609558105 -0.005723851732909679 0.04668423533439636 -2.472269296646118
-0.006425864063203335 0.9998748898506165 -0.014451943337917328 -0.2608318030834198 -0.04662317782640457 -0.014736052602529526 -0.9988037943840027 -0.2698262929916382 -0.9988918304443359 -0.005744426045566797 0.046712081879377365 -2.4722838401794434
-0.006467847619205713 0.999876081943512 -0.014350036159157753 -0.2608519494533539 -0.04653649404644966 -0.014635712839663029 -0.9988093376159668 -0.2699272930622101 -0.9988955855369568 -0.005792390555143356 0.04662543535232544 -2.472062349319458
-0.006327039562165737 0.9998752474784851 -0.01446809247136116 -0.26076173782348633 -0.04655870795249939 -0.014747203327715397 -0.9988066554069519 -0.2698964774608612 -0.9988954663276672 -0.0056459177285432816 0.04664625599980354 -2.4722402095794678
-0.006323751527816057 0.9998749494552612 -0.01449207216501236 -0.26075536012649536 -0.04655567556619644 -0.014770986512303352 -0.9988064169883728 -0.2698850631713867 -0.9988956451416016 -0.005641559604555368 0.04664330929517746 -2.4722471237182617
-0.006423414219170809 0.9998753666877747 -0.01441768929362297 -0.26069578528404236 -0.04662930592894554 -0.014701754786074162 -0.9988040328025818 -0.2697851061820984 -0.9988915920257568 -0.005743489135056734 0.04671797901391983 -2.4723548889160156
-0.006379683967679739 0.9998759031295776 -0.014402179047465324 -0.2606850564479828 -0.0466388501226902 -0.014684272930026054 -0.9988038539886475 -0.2697562575340271 -0.9988914132118225 -0.005700395442545414 0.04672678932547569 -2.4723663330078125
-0.00620464188978076 0.999878466129303 -0.014298859052360058 -0.2607657015323639 -0.04655138775706291 -0.014572400599718094 -0.9988095760345459 -0.26977866888046265 -0.998896598815918 -0.005531667731702328 0.0466361939907074 -2.472573757171631
-0.006121148355305195 0.9998783469200134 -0.014343228191137314 -0.2607822120189667 -0.04645545035600662 -0.014612305909395218 -0.9988134503364563 -0.2698000967502594 -0.9989015460014343 -0.005447608418762684 0.046539291739463806 -2.472475051879883
-0.0061627160757780075 0.9998790621757507 -0.014276159927248955 -0.2607911229133606 -0.046443358063697815 -0.014547176659107208 -0.9988149404525757 -0.26977285742759705 -0.9989018440246582 -0.005492424126714468 0.0465274378657341 -2.4725093841552734
-0.006169383879750967 0.9998789429664612 -0.014282065443694592 -0.2607903778553009 -0.046434760093688965 -0.014553339220583439 -0.9988152384757996 -0.2697640657424927 -0.9989022016525269 -0.005498935002833605 0.046518970280885696 -2.4725146293640137
-0.006089382339268923 0.9998776316642761 -0.014408418908715248 -0.26082223653793335 -0.04638395085930824 -0.014675560407340527 -0.9988158345222473 -0.26981857419013977 -0.9989050626754761 -0.005413896404206753 0.04646768420934677 -2.4725289344787598
-0.006256843917071819 0.9998798370361328 -0.01418016292154789 -0.2607923746109009 -0.04643160477280617 -0.01445559598505497 -0.9988168478012085 -0.26983651518821716 -0.9989018440246582 -0.005591077264398336 0.04651651903986931 -2.472507953643799
-0.006259214133024216 0.9998793601989746 -0.014213532209396362 -0.260733038187027 -0.0464351512491703 -0.014489060267806053 -0.998816192150116 -0.2699207365512848 -0.9989016652107239 -0.005591840948909521 0.04652028530836105 -2.472695827484131
