# 3x4 first row second row third row Freq: 250 current Time: 2020-10-01-16:17:21
-0.009868008084595203 0.9999141097068787 -0.008618764579296112 0.06374550610780716 -0.04780562222003937 -0.009081038646399975 -0.9988153576850891 -0.5847459435462952 -0.9988078474998474 -0.009444336406886578 0.047891177237033844 -2.8345909118652344
-0.00986944418400526 0.9999139308929443 -0.008642221800982952 0.06374716758728027 -0.04779231175780296 -0.009104412980377674 -0.9988157749176025 -0.5847260355949402 -0.9988085031509399 -0.0094447685405612 0.047878097742795944 -2.8345818519592285
-0.009954086504876614 0.9999171495437622 -0.008154259994626045 0.06388335675001144 -0.04778490960597992 -0.008620969019830227 -0.998820424079895 -0.5847988724708557 -0.9988080263137817 -0.00955273862928152 0.0478668138384819 -2.834911584854126
-0.010075502097606659 0.9999160170555115 -0.008148366585373878 0.06380738317966461 -0.047599900513887405 -0.008619102649390697 -0.9988292455673218 -0.5846575498580933 -0.9988155961036682 -0.0096758883446455 0.04768278822302818 -2.8348207473754883
-0.010055250488221645 0.9999118447303772 -0.008665679953992367 0.06370536237955093 -0.04766366258263588 -0.009135501459240913 -0.9988216161727905 -0.5849436521530151 -0.9988127946853638 -0.009630407206714153 0.04775136709213257 -2.8347742557525635
-0.010015199892222881 0.9999123215675354 -0.008660847321152687 0.06369772553443909 -0.047654252499341965 -0.009128672070801258 -0.9988221526145935 -0.5849549770355225 -0.9988136291503906 -0.009590721689164639 0.04774154722690582 -2.8347620964050293
-0.01005448866635561 0.9999120831489563 -0.008640354499220848 0.06371758878231049 -0.047658033668994904 -0.009110113605856895 -0.9988220930099487 -0.5849875211715698 -0.9988130331039429 -0.009630907326936722 0.047745488584041595 -2.834819793701172
-0.010326286777853966 0.9998989701271057 -0.009765511378645897 0.06375138461589813 -0.047413911670446396 -0.010244617238640785 -0.9988227486610413 -0.5850161910057068 -0.9988219141960144 -0.009851153008639812 0.04751495644450188 -2.8340370655059814
-0.010015253908932209 0.9999003410339355 -0.009944531135261059 0.06381630897521973 -0.047450628131628036 -0.010409015230834484 -0.9988192915916443 -0.5850521922111511 -0.998823344707489 -0.009531598538160324 0.04755019396543503 -2.8336338996887207
-0.009669189341366291 0.9999039769172668 -0.00992453284561634 0.06380365788936615 -0.04762103036046028 -0.010374150238931179 -0.9988115429878235 -0.5852483510971069 -0.9988186359405518 -0.009185126051306725 0.047716815024614334 -2.834648609161377
-0.009662787429988384 0.9999039769172668 -0.009926985017955303 0.06381271779537201 -0.047639526426792145 -0.010376463644206524 -0.9988106489181519 -0.5852681398391724 -0.9988178014755249 -0.009178422391414642 0.047735266387462616 -2.8346452713012695
-0.00963528547435999 0.9999101758003235 -0.00931148324161768 0.06386901438236237 -0.047516509890556335 -0.009759190492331982 -0.9988227486610413 -0.5850492119789124 -0.9988239407539368 -0.009181536734104156 0.047606319189071655 -2.8346941471099854
-0.009939994663000107 0.9999040961265564 -0.009639584459364414 0.06367925554513931 -0.04767780005931854 -0.010102973319590092 -0.9988116025924683 -0.5848693251609802 -0.998813271522522 -0.009468632750213146 0.04777370020747185 -2.8352103233337402
-0.009927737526595592 0.9999043345451355 -0.009628469124436378 0.06366832554340363 -0.04769804701209068 -0.010091476142406464 -0.9988107681274414 -0.5848566293716431 -0.9988124370574951 -0.009456715546548367 0.04779371619224548 -2.835222005844116
-0.009862355887889862 0.9999071359634399 -0.009401840157806873 0.06371021270751953 -0.04778306931257248 -0.009862770326435566 -0.9988089799880981 -0.5849949717521667 -0.9988089799880981 -0.009401405230164528 0.04787594825029373 -2.83516001701355
-0.00981290452182293 0.9999105334281921 -0.009085464291274548 0.06376592069864273 -0.04778639227151871 -0.009544405154883862 -0.9988119602203369 -0.585128903388977 -0.9988093376159668 -0.00936712883412838 0.04787582531571388 -2.8358094692230225
-0.009709736332297325 0.999909520149231 -0.00930401124060154 0.06374556571245193 -0.04768245667219162 -0.009756810031831264 -0.9988148212432861 -0.5852080583572388 -0.9988152980804443 -0.009254634380340576 0.04777292534708977 -2.8353259563446045
-0.009701401926577091 0.9999099373817444 -0.009270920418202877 0.0637473464012146 -0.04770980775356293 -0.009723610244691372 -0.9988138675689697 -0.5852203369140625 -0.9988141059875488 -0.00924762524664402 0.047799888998270035 -2.8353371620178223
-0.009474575519561768 0.9999175667762756 -0.008663292042911053 0.06386243551969528 -0.04786191135644913 -0.00910718459635973 -0.9988123774528503 -0.5851309299468994 -0.9988089799880981 -0.00904872640967369 0.04794429987668991 -2.83536434173584
-0.009231985546648502 0.9999260902404785 -0.00790785625576973 0.06399668008089066 -0.04774552583694458 -0.00833992287516594 -0.9988246560096741 -0.5851296186447144 -0.9988168478012085 -0.008843614719808102 0.04781903699040413 -2.835732936859131
-0.009214661084115505 0.9999263882637024 -0.00788928847759962 0.0640118196606636 -0.047765523195266724 -0.008320723660290241 -0.998823881149292 -0.585126519203186 -0.9988160133361816 -0.008827032521367073 0.0478387251496315 -2.835757255554199
-0.009521103464066982 0.999923586845398 -0.007876233197748661 0.06379599869251251 -0.04751748964190483 -0.008320075459778309 -0.9988356828689575 -0.5848260521888733 -0.998824954032898 -0.009135804139077663 0.0475931242108345 -2.835381507873535
-0.009540056809782982 0.9999234080314636 -0.007881855592131615 0.0637855976819992 -0.04754507541656494 -0.008326847106218338 -0.9988343119621277 -0.5848060250282288 -0.9988234639167786 -0.009154236875474453 0.04762091860175133 -2.835386276245117
-0.009440972469747066 0.9999236464500427 -0.007966346107423306 0.06362365186214447 -0.04730777069926262 -0.008404375053942204 -0.9988449811935425 -0.5849854350090027 -0.9988356828689575 -0.009053241461515427 0.04738355055451393 -2.835580587387085
-0.009522594511508942 0.9999175667762756 -0.008605080656707287 0.06369026005268097 -0.04722633212804794 -0.009045546874403954 -0.9988431930541992 -0.5848860144615173 -0.9988387823104858 -0.009105237200856209 0.047308627516031265 -2.8347110748291016
-0.009548140689730644 0.9999175667762756 -0.008577113039791584 0.06368497014045715 -0.04724516347050667 -0.009018990211188793 -0.9988425374031067 -0.5848795771598816 -0.9988376498222351 -0.009131906554102898 0.0473274290561676 -2.834683895111084
-0.009424857795238495 0.9999242424964905 -0.007912210188806057 0.06383249163627625 -0.04725965857505798 -0.008349099196493626 -0.9988477230072021 -0.5850510597229004 -0.9988381266593933 -0.009040113538503647 0.047334812581539154 -2.834873676300049
-0.00943680014461279 0.9999222159385681 -0.008147506043314934 0.06393186748027802 -0.04741319641470909 -0.008586096577346325 -0.9988384246826172 -0.58502596616745 -0.9988307356834412 -0.009039582684636116 0.04749058187007904 -2.834872007369995
-0.009627513587474823 0.9999207258224487 -0.008109857328236103 0.06382148712873459 -0.047184769064188004 -0.008555435575544834 -0.9988495111465454 -0.5848784446716309 -0.9988397359848022 -0.00923381932079792 0.04726344347000122 -2.834625482559204
-0.009643975645303726 0.9999181032180786 -0.008408475667238235 0.06376653164625168 -0.04721469804644585 -0.008854788728058338 -0.9988454580307007 -0.5850476622581482 -0.9988381862640381 -0.009235881268978119 0.047296274453401566 -2.8344883918762207
-0.009794959798455238 0.9999163746833801 -0.008437286131083965 0.0637432411313057 -0.047022636979818344 -0.008888905867934227 -0.9988542199134827 -0.5850756168365479 -0.9988457560539246 -0.009387037716805935 0.0471058189868927 -2.8344271183013916
-0.00952561292797327 0.9999215006828308 -0.008137596771121025 0.06388560682535172 -0.04718121513724327 -0.008578295819461346 -0.9988494515419006 -0.5854280591011047 -0.998840868473053 -0.009130756370723248 0.04725927114486694 -2.8350508213043213
-0.009557131677865982 0.9999193549156189 -0.008359570987522602 0.06386404484510422 -0.04722300171852112 -0.008801904506981373 -0.9988455176353455 -0.5853330492973328 -0.9988386034965515 -0.009151378646492958 0.04730335995554924 -2.8351893424987793
-0.009581262245774269 0.9999191164970398 -0.008361147716641426 0.06387113779783249 -0.04724322259426117 -0.008804806508123875 -0.998844563961029 -0.5853556990623474 -0.998837411403656 -0.009175228886306286 0.0473238080739975 -2.835193157196045
-0.009598921053111553 0.9999191164970398 -0.00833920855075121 0.063876673579216 -0.04724618420004845 -0.008783754892647266 -0.9988446235656738 -0.5853780508041382 -0.9988371133804321 -0.00919387862086296 0.04732672497630119 -2.835193634033203
-0.009579591453075409 0.9999116659164429 -0.009209354408085346 0.0636477842926979 -0.046882450580596924 -0.009648723527789116 -0.9988537430763245 -0.5850486755371094 -0.9988544583320618 -0.009136898443102837 0.04697078466415405 -2.8343088626861572
-0.00959139596670866 0.9999041557312012 -0.009979578666388988 0.06389309465885162 -0.047404639422893524 -0.01042344979941845 -0.9988213181495667 -0.5853294730186462 -0.9988296627998352 -0.009107057005167007 0.0475001186132431 -2.835143566131592
-0.009591489098966122 0.9999040365219116 -0.009991345927119255 0.0639055073261261 -0.047414764761924744 -0.010435301810503006 -0.9988207221031189 -0.5853450298309326 -0.998829185962677 -0.009106485173106194 0.04751035198569298 -2.835151195526123
-0.009083111770451069 0.9999157190322876 -0.009274175390601158 0.06376799941062927 -0.04777263104915619 -0.009697848930954933 -0.9988111257553101 -0.5853177905082703 -0.9988169074058533 -0.00862930528819561 0.047856736928224564 -2.835115909576416
-0.009061415679752827 0.9999175071716309 -0.00909873005002737 0.06371361017227173 -0.04780504107475281 -0.009521839208900928 -0.9988112449645996 -0.5852750539779663 -0.9988155364990234 -0.008615722879767418 0.04788742586970329 -2.8353230953216553
-0.009525877423584461 0.9999181628227234 -0.008531090803444386 0.06363310664892197 -0.04760928824543953 -0.008975285105407238 -0.9988256692886353 -0.5849771499633789 -0.9988205432891846 -0.009108575992286205 0.04769093915820122 -2.8338499069213867
-0.009219096042215824 0.9999206066131592 -0.008584525436162949 0.06379000842571259 -0.047745976597070694 -0.009015234187245369 -0.9988187551498413 -0.5851141810417175 -0.9988169074058533 -0.008798373863101006 0.047825347632169724 -2.834325075149536
-0.00935720931738615 0.9999240040779114 -0.008021797053515911 0.06374713778495789 -0.047569263726472855 -0.008458144962787628 -0.998832106590271 -0.5850493311882019 -0.9988240599632263 -0.00896473415195942 0.04764484241604805 -2.8342063426971436
-0.009329999797046185 0.9999218583106995 -0.00831589475274086 0.06388553231954575 -0.047811247408390045 -0.008752786554396152 -0.9988179802894592 -0.5851495265960693 -0.9988127946853638 -0.008921422995626926 0.04788922145962715 -2.8349695205688477
-0.009304952807724476 0.9999221563339233 -0.00830958690494299 0.06388750672340393 -0.04779442772269249 -0.008745136670768261 -0.9988188743591309 -0.5851582884788513 -0.998813807964325 -0.00889685470610857 0.04787212610244751 -2.8349766731262207
-0.009420160204172134 0.9999247193336487 -0.007855141535401344 0.06379823386669159 -0.04763444885611534 -0.00829526036977768 -0.9988303184509277 -0.5850439071655273 -0.9988203644752502 -0.009035010822117329 0.04770905151963234 -2.8347222805023193
-0.00940999947488308 0.9999248385429382 -0.007854838855564594 0.06377919763326645 -0.04767864570021629 -0.00829487293958664 -0.9988282322883606 -0.5850560069084167 -0.9988183379173279 -0.009024509228765965 0.04775316268205643 -2.8347201347351074
-0.009330608882009983 0.9999263286590576 -0.007754987571388483 0.06387116760015488 -0.047759585082530975 -0.008192064240574837 -0.998825192451477 -0.5851811766624451 -0.9988152384757996 -0.008949317038059235 0.04783255234360695 -2.8352956771850586
-0.009445496834814548 0.9999243021011353 -0.007883073762059212 0.06390810757875443 -0.047927722334861755 -0.008327030576765537 -0.9988160729408264 -0.5850818753242493 -0.9988061189651489 -0.00905654113739729 0.04800279065966606 -2.835596799850464
-0.009759744629263878 0.9999209642410278 -0.007923022843897343 0.06373504549264908 -0.04772268608212471 -0.008380099199712276 -0.9988254308700562 -0.5851495265960693 -0.9988129138946533 -0.009370217099785805 0.04780074581503868 -2.8354179859161377
-0.009585333056747913 0.9999185800552368 -0.00841907411813736 0.06364864110946655 -0.04767386242747307 -0.008866819553077221 -0.9988235831260681 -0.5851223468780518 -0.9988169074058533 -0.009172731079161167 0.04775502160191536 -2.8348958492279053
-0.009881293401122093 0.9999155402183533 -0.008437720127403736 0.06353814899921417 -0.04733617603778839 -0.008896378800272942 -0.9988393783569336 -0.58509761095047 -0.9988300800323486 -0.009470460005104542 0.04742012917995453 -2.8348262310028076
-0.009791984222829342 0.9999150633811951 -0.008594745770096779 0.06369990110397339 -0.04732915014028549 -0.009048935025930405 -0.9988383054733276 -0.584937334060669 -0.9988313317298889 -0.009373870678246021 0.04741378501057625 -2.8346033096313477
-0.009788332507014275 0.9999148845672607 -0.008620098233222961 0.06369491666555405 -0.047334834933280945 -0.009074139408767223 -0.9988378286361694 -0.5849294066429138 -0.9988310933113098 -0.009368970058858395 0.047419674694538116 -2.834583282470703
-0.009695052169263363 0.9999192953109741 -0.008207499980926514 0.06378331035375595 -0.04723481461405754 -0.008656632155179977 -0.9988462328910828 -0.5849850177764893 -0.9988366961479187 -0.009296230971813202 0.047314975410699844 -2.8347327709198
-0.009798784740269184 0.9999147653579712 -0.008621769957244396 0.06368329375982285 -0.047065481543540955 -0.009073776192963123 -0.9988505244255066 -0.5849535465240479 -0.9988436698913574 -0.009381778538227081 0.04715042933821678 -2.8345065116882324
-0.009813080541789532 0.9999143481254578 -0.008656986057758331 0.06381161510944366 -0.0471823588013649 -0.009110727347433567 -0.9988446831703186 -0.5851885676383972 -0.9988380670547485 -0.009393330663442612 0.047267768532037735 -2.83522367477417
-0.009823930449783802 0.999914288520813 -0.008648051880300045 0.06381857395172119 -0.04716303572058678 -0.00910213403403759 -0.9988456964492798 -0.5852028727531433 -0.9988388419151306 -0.009404766373336315 0.04724846035242081 -2.83522367477417
-0.009802568703889847 0.9999144673347473 -0.008652923628687859 0.06382495164871216 -0.04719768092036247 -0.009106316603720188 -0.9988440275192261 -0.585215151309967 -0.998837411403656 -0.00938288401812315 0.047282956540584564 -2.835223436355591
-0.010089126415550709 0.9999108910560608 -0.008739120326936245 0.06379997730255127 -0.047133661806583405 -0.009205353446304798 -0.9988461136817932 -0.5849971175193787 -0.9988375902175903 -0.009665622375905514 0.047222379595041275 -2.835092544555664
-0.01008511707186699 0.9999108910560608 -0.008739123120903969 0.0638003721833229 -0.0471406951546669 -0.009205234237015247 -0.9988458156585693 -0.5849970579147339 -0.9988372921943665 -0.009661552496254444 0.047229379415512085 -2.835090160369873
-0.010029261000454426 0.9999103546142578 -0.00886762235313654 0.06380977481603622 -0.04708578810095787 -0.009330430068075657 -0.998847246170044 -0.5850579738616943 -0.9988404512405396 -0.009600205346941948 0.04717519134283066 -2.83479905128479
-0.01001869048923254 0.9999100565910339 -0.008911019191145897 0.06381520628929138 -0.04709143936634064 -0.009373337030410767 -0.9988465309143066 -0.5850622653961182 -0.9988402724266052 -0.0095875458791852 0.047181159257888794 -2.834773063659668
-0.009963437914848328 0.9999130368232727 -0.008637753315269947 0.06375990808010101 -0.04716138914227486 -0.009098422713577747 -0.9988458156585693 -0.5852885246276855 -0.9988375306129456 -0.009544613771140575 0.047247983515262604 -2.835120439529419
-0.009829134680330753 0.9999200105667114 -0.007950841449201107 0.06382449716329575 -0.047171227633953094 -0.008405991829931736 -0.9988514184951782 -0.585146427154541 -0.9988384246826172 -0.009442837908864021 0.04725012555718422 -2.835122585296631
-0.009620489552617073 0.9999270439147949 -0.007295689545571804 0.06394921988248825 -0.047499947249889374 -0.007744730915874243 -0.9988411664962769 -0.5852789878845215 -0.9988248944282532 -0.009262840263545513 0.04757103696465492 -2.8359546661376953
-0.009595371782779694 0.9999274611473083 -0.007275644224137068 0.06396171450614929 -0.04748993366956711 -0.007723419461399317 -0.9988418221473694 -0.585304856300354 -0.9988256096839905 -0.009238782338798046 0.047560643404722214 -2.835987091064453
-0.009523628279566765 0.9999275803565979 -0.007348916027694941 0.06380034238100052 -0.04727152734994888 -0.007791195530444384 -0.9988516569137573 -0.5850923657417297 -0.9988366365432739 -0.009165341034531593 0.04734235256910324 -2.8354859352111816
-0.009577377699315548 0.9999272227287292 -0.0073327841237187386 0.06379181146621704 -0.047298431396484375 -0.007777873892337084 -0.9988504648208618 -0.5850928425788879 -0.9988348484039307 -0.009219583123922348 0.04736952856183052 -2.835476875305176
-0.009508430026471615 0.9999290108680725 -0.00717109115794301 0.06381026655435562 -0.04716959223151207 -0.00761190801858902 -0.998857855796814 -0.5851271748542786 -0.9988415837287903 -0.009159357286989689 0.04723867028951645 -2.8349392414093018
-0.009497227147221565 0.9999289512634277 -0.007197265513241291 0.06383532285690308 -0.04742155596613884 -0.007639831863343716 -0.9988456964492798 -0.5853288769721985 -0.9988297820091248 -0.00914500281214714 0.047490790486335754 -2.8353042602539062
-0.009515180252492428 0.9999285936355591 -0.0072222501039505005 0.06382492929697037 -0.047395508736371994 -0.007665403187274933 -0.9988467693328857 -0.5853688716888428 -0.9988308548927307 -0.00916194822639227 0.04746510833501816 -2.8352913856506348
-0.009279264137148857 0.9999339580535889 -0.006769870407879353 0.06392912566661835 -0.047694817185401917 -0.007204996421933174 -0.9988359212875366 -0.585358202457428 -0.9988188147544861 -0.008945618756115437 0.047758571803569794 -2.8355071544647217
-0.009164384566247463 0.9999361634254456 -0.006606726907193661 0.06398816406726837 -0.04783263057470322 -0.00703776441514492 -0.9988304972648621 -0.5851930975914001 -0.998813271522522 -0.008837694302201271 0.04789412021636963 -2.8359034061431885
-0.009231739677488804 0.9999346733093262 -0.006732824724167585 0.06370589882135391 -0.047447845339775085 -0.007163520902395248 -0.9988479614257812 -0.5851747393608093 -0.998831033706665 -0.008901690132915974 0.04751092568039894 -2.835052728652954
-0.009508948773145676 0.9999270439147949 -0.007439038250595331 0.06367812305688858 -0.047575943171978 -0.007883313111960888 -0.9988364577293396 -0.5850132703781128 -0.9988223314285278 -0.0091440100222826 0.04764748364686966 -2.8348348140716553
-0.009522910229861736 0.9999271631240845 -0.007407595869153738 0.06366383284330368 -0.047579918056726456 -0.007852606475353241 -0.9988365173339844 -0.5850083231925964 -0.9988219738006592 -0.009159422479569912 0.04765127971768379 -2.834812879562378
-0.009544196538627148 0.9999269843101501 -0.007408766075968742 0.06363476812839508 -0.04756997525691986 -0.007854699157178402 -0.9988369941711426 -0.5850048065185547 -0.9988222718238831 -0.0091807059943676 0.04764151573181152 -2.8347764015197754
-0.009518735110759735 0.9999266862869263 -0.0074767121113836765 0.06381751596927643 -0.047636762261390686 -0.007921969518065453 -0.9988332390785217 -0.5851340889930725 -0.9988193511962891 -0.009151507169008255 0.047708723694086075 -2.8347740173339844
-0.009625735692679882 0.9999241232872009 -0.007683394476771355 0.06368222087621689 -0.047410767525434494 -0.008131438866257668 -0.9988423585891724 -0.5849956274032593 -0.9988290667533875 -0.009250360541045666 0.04748548939824104 -2.83443284034729
-0.009306461550295353 0.9999264478683472 -0.007773565128445625 0.06385917216539383 -0.04767182469367981 -0.008208682760596275 -0.9988293051719666 -0.5851779580116272 -0.9988196492195129 -0.008925030939280987 0.0477447584271431 -2.834287166595459
-0.00912297423928976 0.9999294281005859 -0.007605447433888912 0.06399484723806381 -0.047840509563684464 -0.008033466525375843 -0.9988226294517517 -0.5853906869888306 -0.998813271522522 -0.008748428896069527 0.04791047051548958 -2.8345906734466553
-0.008783204481005669 0.9999337196350098 -0.007439975626766682 0.06383131444454193 -0.04804648831486702 -0.007853634655475616 -0.9988141655921936 -0.5851895809173584 -0.9988064169883728 -0.008415368385612965 0.048112329095602036 -2.8347740173339844
-0.008802417665719986 0.9999376535415649 -0.006868033204227686 0.06382547318935394 -0.04795606806874275 -0.007282490376383066 -0.9988228678703308 -0.585236668586731 -0.9988105893135071 -0.008462736383080482 0.0480172261595726 -2.8351566791534424
-0.009025719948112965 0.9999334812164307 -0.007178442552685738 0.06365800648927689 -0.047779835760593414 -0.007601747289299965 -0.9988289475440979 -0.585059404373169 -0.9988170862197876 -0.008672209456562996 0.04784531518816948 -2.8350701332092285
-0.00923906173557043 0.9999293088912964 -0.007479440420866013 0.06380515545606613 -0.04789886623620987 -0.007913678884506226 -0.9988207817077637 -0.5849446654319763 -0.9988093972206116 -0.008869954384863377 0.04796864464879036 -2.8351120948791504
-0.009389138780534267 0.999931275844574 -0.007012059912085533 0.06388811767101288 -0.04787082225084305 -0.007453761529177427 -0.9988256692886353 -0.5848866105079651 -0.9988093376159668 -0.009042483754456043 0.04793756455183029 -2.8350706100463867
-0.00907815434038639 0.999935507774353 -0.00681496225297451 0.064006008207798 -0.048445623368024826 -0.007247003260999918 -0.9987995028495789 -0.5851554870605469 -0.9987845420837402 -0.008737144991755486 0.048508334904909134 -2.835766553878784
-0.009316325187683105 0.999936580657959 -0.006319086067378521 0.06389035284519196 -0.048309750854969025 -0.006762019358575344 -0.9988094568252563 -0.5849246382713318 -0.9987888932228088 -0.009000004269182682 0.04836973175406456 -2.835662603378296
-0.009314686991274357 0.9999367594718933 -0.00629474688321352 0.06387917697429657 -0.048295073211193085 -0.006737496238201857 -0.998810350894928 -0.5849185585975647 -0.9987896084785461 -0.008999643847346306 0.048354823142290115 -2.8356857299804688
-0.008996730670332909 0.9999359250068665 -0.006860888563096523 0.06374876201152802 -0.048102278262376785 -0.007285951636731625 -0.9988157749176025 -0.5852227807044983 -0.9988018274307251 -0.008656096644699574 0.048164792358875275 -2.835559368133545
-0.009231227450072765 0.9999356269836426 -0.006591722369194031 0.0637717917561531 -0.04778851196169853 -0.007025585509836674 -0.9988327026367188 -0.5849923491477966 -0.9988147616386414 -0.008905488066375256 0.047850336879491806 -2.83518123626709
-0.008992857299745083 0.9999383091926575 -0.006516840774565935 0.06386769562959671 -0.048036012798547745 -0.006941528059542179 -0.9988214373588562 -0.5851671695709229 -0.9988051056861877 -0.008669259957969189 0.048095520585775375 -2.8357934951782227
-0.00925715733319521 0.999933123588562 -0.006926761008799076 0.06353462487459183 -0.047941286116838455 -0.007362858857959509 -0.9988229870796204 -0.5850991606712341 -0.9988071918487549 -0.008914227597415447 0.04800628498196602 -2.835144281387329
-0.009272505529224873 0.9999285936355591 -0.007529775146394968 0.06362780183553696 -0.04776913672685623 -0.007964406162500381 -0.9988266229629517 -0.5849419832229614 -0.9988152980804443 -0.008901978842914104 0.04783962666988373 -2.834761142730713
-0.009282219223678112 0.9999284744262695 -0.007539733778685331 0.06361158192157745 -0.04776093736290932 -0.007974745705723763 -0.9988269209861755 -0.584934413433075 -0.9988155961036682 -0.008911270648241043 0.047831591218709946 -2.834740161895752
-0.009528478607535362 0.9999232292175293 -0.007913815788924694 0.06367462128400803 -0.047543518245220184 -0.00835820659995079 -0.9988341331481934 -0.5847669839859009 -0.9988237023353577 -0.009141162969172001 0.04761955887079239 -2.834184169769287
-0.009393459185957909 0.9999234676361084 -0.008046935312449932 0.06386230140924454 -0.04801183566451073 -0.008488969877362251 -0.9988106489181519 -0.5851336717605591 -0.9988025426864624 -0.008995983749628067 0.0480879470705986 -2.8351266384124756
-0.009735539555549622 0.9999163150787354 -0.00851084291934967 0.0636272132396698 -0.04799408093094826 -0.008968648500740528 -0.9988073110580444 -0.5851574540138245 -0.9988001585006714 -0.00931550282984972 0.048077426850795746 -2.834672451019287
-0.009503164328634739 0.9999184012413025 -0.00853092409670353 0.06382174044847488 -0.048291850835084915 -0.008980242535471916 -0.998792827129364 -0.5852810740470886 -0.9987879991531372 -0.009079762734472752 0.04837329685688019 -2.8354852199554443
-0.009508617222309113 0.9999222159385681 -0.00806738343089819 0.06376255303621292 -0.04802640527486801 -0.008515066467225552 -0.9988097548484802 -0.5851513147354126 -0.9988007545471191 -0.00910989660769701 0.048103682696819305 -2.8350279331207275
-0.009535331279039383 0.9999215006828308 -0.008119966834783554 0.06376351416110992 -0.04803555831313133 -0.0085689602419734 -0.9988088011741638 -0.5851567983627319 -0.9988000392913818 -0.009133969433605671 0.048113543540239334 -2.8350164890289307
-0.009739137254655361 0.9999104142189026 -0.009177184663712978 0.06366512924432755 -0.04759196564555168 -0.009630684740841389 -0.9988203644752502 -0.5849744081497192 -0.9988193511962891 -0.009290932677686214 0.0476815439760685 -2.8345062732696533
-0.009768808260560036 0.9999101758003235 -0.009170970879495144 0.06366308778524399 -0.04760093614459038 -0.009625975973904133 -0.9988200068473816 -0.5849654674530029 -0.9988186359405518 -0.009320778772234917 0.0476907417178154 -2.8344638347625732
-0.009598278440535069 0.9999157190322876 -0.008734272792935371 0.06381738930940628 -0.04765526205301285 -0.00918212067335844 -0.9988216161727905 -0.5850462913513184 -0.9988176822662354 -0.009170778095722198 0.0477394238114357 -2.8344948291778564
-0.009592863731086254 0.9999158382415771 -0.008729645982384682 0.06382530927658081 -0.047662947326898575 -0.009177310392260551 -0.9988212585449219 -0.585048258304596 -0.9988173842430115 -0.00916551984846592 0.04774701967835426 -2.834482431411743
-0.009901129640638828 0.9999034404754639 -0.009747049771249294 0.06362663954496384 -0.04744783788919449 -0.010206294246017933 -0.9988215565681458 -0.585020124912262 -0.9988245964050293 -0.009427029639482498 0.04754435643553734 -2.8341150283813477
-0.009915548376739025 0.9999030828475952 -0.009768716990947723 0.06362473219633102 -0.04744848608970642 -0.010228629224002361 -0.9988212585449219 -0.5850241780281067 -0.998824417591095 -0.00944039411842823 0.047545358538627625 -2.8340892791748047
-0.0099199702963233 0.9999009370803833 -0.009983120486140251 0.0638105645775795 -0.04740671440958977 -0.01044261734932661 -0.9988210201263428 -0.5850830674171448 -0.9988263845443726 -0.00943505298346281 0.04750565439462662 -2.834280014038086
-0.00991692952811718 0.9999009370803833 -0.009986324235796928 0.06383993476629257 -0.047427088022232056 -0.010445864871144295 -0.9988200664520264 -0.5850976705551147 -0.9988254308700562 -0.009431649930775166 0.047526028007268906 -2.834256649017334
-0.01005912758409977 0.9998964071273804 -0.010291198268532753 0.06374155730009079 -0.04729320481419563 -0.010755887255072594 -0.9988231062889099 -0.5850148797035217 -0.9988303780555725 -0.009560629725456238 0.047396548092365265 -2.8340365886688232
-0.010063450783491135 0.9998964667320251 -0.010283539071679115 0.06374900788068771 -0.04729100689291954 -0.010748420841991901 -0.9988232851028442 -0.5850173234939575 -0.9988304376602173 -0.009565334767103195 0.047394320368766785 -2.8340160846710205
-0.00985870324075222 0.9999018907546997 -0.009948287159204483 0.06375455856323242 -0.04720243439078331 -0.010402992367744446 -0.9988311529159546 -0.5851282477378845 -0.9988366365432739 -0.009377640672028065 0.04730040952563286 -2.8339195251464844
-0.009769118390977383 0.9999039769172668 -0.00982447899878025 0.06379183381795883 -0.04728134348988533 -0.01027581375092268 -0.9988287091255188 -0.5852074027061462 -0.9988337755203247 -0.009293205104768276 0.04737723618745804 -2.8348190784454346
-0.009790029376745224 0.9999041557312012 -0.009786850772798061 0.06380318850278854 -0.047249868512153625 -0.010238923132419586 -0.9988305568695068 -0.5852192640304565 -0.9988350868225098 -0.009316196665167809 0.04734562709927559 -2.83482027053833
-0.009557713754475117 0.999910831451416 -0.009323827922344208 0.0638505220413208 -0.04738633707165718 -0.009766642935574055 -0.9988288283348083 -0.5852980017662048 -0.9988308548927307 -0.009104741737246513 0.04747550189495087 -2.835683584213257
-0.00955461710691452 0.9999104738235474 -0.009363003075122833 0.06386785209178925 -0.04740415886044502 -0.009805790148675442 -0.9988276362419128 -0.585315465927124 -0.9988300204277039 -0.009099614806473255 0.04749365150928497 -2.83573579788208
-0.009711392223834991 0.9999082684516907 -0.009434417821466923 0.06385702639818192 -0.047469157725572586 -0.00988517701625824 -0.9988237619400024 -0.5850334167480469 -0.9988254308700562 -0.009252169169485569 0.04756084829568863 -2.8355443477630615
-0.009710799902677536 0.9999083280563354 -0.009430434554815292 0.06386011838912964 -0.047467343509197235 -0.009881152771413326 -0.998823881149292 -0.585029125213623 -0.9988255500793457 -0.009251785464584827 0.047558993101119995 -2.835557699203491
-0.009740722365677357 0.9999096989631653 -0.009254664182662964 0.06390973925590515 -0.04749384894967079 -0.009707242250442505 -0.9988242983818054 -0.5851421356201172 -0.9988240003585815 -0.009289775043725967 0.047584161162376404 -2.836127281188965
-0.009589025750756264 0.9999111294746399 -0.009254283271729946 0.06377789378166199 -0.04706805199384689 -0.009695746935904026 -0.998844563961029 -0.5850629210472107 -0.998845636844635 -0.009142410010099411 0.047156888991594315 -2.8355722427368164
-0.009587742388248444 0.9999111890792847 -0.009251241572201252 0.06376952677965164 -0.04705436900258064 -0.009692522697150707 -0.9988452792167664 -0.5850486159324646 -0.9988462924957275 -0.009141403250396252 0.04714316874742508 -2.8355553150177
-0.00975029356777668 0.9999095797538757 -0.009255600161850452 0.06379023939371109 -0.04708804935216904 -0.009704855270683765 -0.9988435506820679 -0.5849141478538513 -0.9988431334495544 -0.009303233586251736 0.047178465873003006 -2.8354995250701904
-0.00955701619386673 0.9999133944511414 -0.009040474891662598 0.06380981206893921 -0.04704106226563454 -0.009480410255491734 -0.9988479018211365 -0.5851454138755798 -0.9988471865653992 -0.009120776318013668 0.04712764173746109 -2.835524320602417
-0.009551919996738434 0.9999125599861145 -0.009137239307165146 0.06375401467084885 -0.04703754931688309 -0.009576799347996712 -0.9988471865653992 -0.5852115154266357 -0.9988474249839783 -0.009111159481108189 0.0471249595284462 -2.8352813720703125
-0.009620746597647667 0.9999120831489563 -0.009121797047555447 0.06379400938749313 -0.047203026711940765 -0.009566138498485088 -0.9988394379615784 -0.5853633284568787 -0.9988389611244202 -0.009179049171507359 0.04729095473885536 -2.8357796669006348
-0.009671625681221485 0.9999107718467712 -0.009209667332470417 0.06393562257289886 -0.04734808951616287 -0.009657660499215126 -0.9988316893577576 -0.5852612853050232 -0.998831570148468 -0.00922431144863367 0.04743731766939163 -2.835920572280884
-0.009471330791711807 0.9999160766601562 -0.008835209533572197 0.06392835825681686 -0.047562502324581146 -0.00927604641765356 -0.9988251328468323 -0.5851365923881531 -0.9988232851028442 -0.009040022268891335 0.047646414488554 -2.83581280708313
-0.009574688971042633 0.9999143481254578 -0.008916049264371395 0.06363409757614136 -0.04703383892774582 -0.00935688428580761 -0.9988494515419006 -0.5850412845611572 -0.9988473653793335 -0.00914436113089323 0.047119446098804474 -2.8347814083099365
-0.009488019160926342 0.9999178051948547 -0.008615016005933285 0.06376120448112488 -0.047013260424137115 -0.00905190035700798 -0.9988532066345215 -0.585181474685669 -0.9988491535186768 -0.009072162210941315 0.04709532856941223 -2.8348922729492188
-0.009410502389073372 0.9999186396598816 -0.008609021082520485 0.06373488903045654 -0.04700170457363129 -0.009042157791554928 -0.998853862285614 -0.5852208733558655 -0.9988504648208618 -0.008995121344923973 0.047083016484975815 -2.834890127182007
-0.009495047852396965 0.999923050403595 -0.007978188805282116 0.06384260952472687 -0.04713932052254677 -0.00841723196208477 -0.9988527894020081 -0.5851957201957703 -0.9988431334495544 -0.009108113124966621 0.04721566289663315 -2.8352901935577393
-0.009436319582164288 0.9999227523803711 -0.008087159134447575 0.06391393393278122 -0.047253936529159546 -0.008524350821971893 -0.9988464713096619 -0.585328996181488 -0.9988383054733276 -0.009043329395353794 0.04733077064156532 -2.835860013961792
-0.009420103393495083 0.9999229907989502 -0.008076094090938568 0.06392120569944382 -0.04725207760930061 -0.00851251371204853 -0.9988466501235962 -0.5853493213653564 -0.9988385438919067 -0.009027671068906784 0.04732867330312729 -2.835873603820801
-0.009511628188192844 0.9999246597290039 -0.007752623409032822 0.06381678581237793 -0.04726427420973778 -0.008193833753466606 -0.9988487958908081 -0.5852527022361755 -0.9988371133804321 -0.00913430005311966 0.04733869805932045 -2.835665702819824
-0.009453652426600456 0.9999287128448486 -0.0072903502732515335 0.0639515221118927 -0.047390252351760864 -0.007730461191385984 -0.9988464713096619 -0.5852581858634949 -0.9988316893577576 -0.009097299538552761 0.04746000096201897 -2.8363568782806396
-0.009525908157229424 0.9999262094497681 -0.007532836869359016 0.06381784379482269 -0.04743197560310364 -0.007976497523486614 -0.9988425970077515 -0.585136353969574 -0.9988290071487427 -0.009157629683613777 0.04750450327992439 -2.835949182510376
-0.009596622548997402 0.9999265074729919 -0.007406160235404968 0.06386668980121613 -0.04735387861728668 -0.00785259623080492 -0.998847246170044 -0.5850056409835815 -0.9988320469856262 -0.009234894067049026 0.04742579907178879 -2.835822582244873
-0.009607098065316677 0.9999262094497681 -0.00742965005338192 0.0638645589351654 -0.04734841361641884 -0.007876506075263023 -0.9988473653793335 -0.5850014090538025 -0.9988321661949158 -0.009244286455214024 0.04742063581943512 -2.835827112197876
-0.009629624895751476 0.9999260902404785 -0.0074129169806838036 0.06386097520589828 -0.04739172011613846 -0.007861261256039143 -0.9988453984260559 -0.5850013494491577 -0.9988299012184143 -0.009267239831387997 0.04746396839618683 -2.8358311653137207
-0.009728595614433289 0.9999232888221741 -0.0076639107428491116 0.06383164972066879 -0.04745684936642647 -0.008117292076349258 -0.9988402724266052 -0.585242509841919 -0.9988258481025696 -0.009353652596473694 0.04753222316503525 -2.83608341217041
-0.009748101234436035 0.9999244213104248 -0.0074838679283857346 0.0639098510146141 -0.047677818685770035 -0.007940446957945824 -0.9988311529159546 -0.5853101015090942 -0.9988151788711548 -0.009379936382174492 0.047751668840646744 -2.8360986709594727
-0.009424305520951748 0.9999306797981262 -0.007055487018078566 0.06394530832767487 -0.047625742852687836 -0.0074965995736420155 -0.9988370537757874 -0.5853854417800903 -0.9988207221031189 -0.00907736737281084 0.04769313707947731 -2.8365278244018555
-0.009738164953887463 0.9999246597290039 -0.007463649846613407 0.06381003558635712 -0.04777882620692253 -0.007920724339783192 -0.9988265037536621 -0.5851782560348511 -0.9988104104995728 -0.009370176121592522 0.04785240814089775 -2.8363277912139893
-0.009451344609260559 0.9999308586120605 -0.006988294888287783 0.06380768120288849 -0.04790699854493141 -0.007433334831148386 -0.9988241195678711 -0.5854172706604004 -0.9988070130348206 -0.009105486795306206 0.04797399044036865 -2.836611270904541
-0.009335220791399479 0.9999315142631531 -0.007048823870718479 0.06369132548570633 -0.047892969101667404 -0.0074880993925035 -0.9988243579864502 -0.5853725075721741 -0.9988088011741638 -0.008986701257526875 0.04795964062213898 -2.836397886276245
-0.009335311129689217 0.9999301433563232 -0.007245143875479698 0.06376153975725174 -0.04789124056696892 -0.007684190757572651 -0.9988229274749756 -0.5852991938591003 -0.9988088607788086 -0.008977388963103294 0.04795967414975166 -2.8360331058502197
-0.009359565563499928 0.99992835521698 -0.007458525709807873 0.06376367062330246 -0.04790106043219566 -0.007898587733507156 -0.9988207817077637 -0.585280179977417 -0.9988082051277161 -0.008991301991045475 0.04797160252928734 -2.8359618186950684
-0.00924904178828001 0.9999334812164307 -0.006884414702653885 0.0638813003897667 -0.047872401773929596 -0.0073195556178689 -0.9988266229629517 -0.5852894186973572 -0.9988105893135071 -0.008908660151064396 0.04793696105480194 -2.8362224102020264
-0.009352895431220531 0.9999357461929321 -0.006393635645508766 0.06385858356952667 -0.04771840199828148 -0.006832904648035765 -0.998837411403656 -0.5851002931594849 -0.998816967010498 -0.009036972187459469 0.04777929186820984 -2.836060047149658
-0.009477021172642708 0.999932050704956 -0.006783574353903532 0.06382766366004944 -0.0478370264172554 -0.007229432463645935 -0.9988289475440979 -0.5851237773895264 -0.9988101720809937 -0.009141460992395878 0.04790233448147774 -2.8360300064086914
-0.009492854587733746 0.9999316334724426 -0.006819904316216707 0.06382042169570923 -0.047849275171756744 -0.007266593165695667 -0.998828113079071 -0.5851081013679504 -0.9988093972206116 -0.009155445732176304 0.047915033996105194 -2.8360297679901123
-0.00958229973912239 0.999932587146759 -0.006553179584443569 0.06384262442588806 -0.04774598777294159 -0.007003491744399071 -0.9988349080085754 -0.5850116014480591 -0.9988135099411011 -0.009258292615413666 0.04780992493033409 -2.835890769958496
-0.009554171934723854 0.999934196472168 -0.006339008919894695 0.06388077884912491 -0.04789920523762703 -0.00678962841629982 -0.9988290667533875 -0.5850463509559631 -0.9988064169883728 -0.009239396080374718 0.04796097055077553 -2.8359172344207764
-0.009736285544931889 0.999930739402771 -0.0066096046939492226 0.06381654739379883 -0.047673702239990234 -0.007066536694765091 -0.998837947845459 -0.5848844647407532 -0.9988154768943787 -0.009409911930561066 0.04773924872279167 -2.8354151248931885
-0.009719894267618656 0.999930739402771 -0.006626978516578674 0.06380899250507355 -0.047664426267147064 -0.007083021104335785 -0.9988382458686829 -0.584870457649231 -0.9988160729408264 -0.009392775595188141 0.04773002117872238 -2.8353991508483887
-0.00970558263361454 0.9999305605888367 -0.006679355166852474 0.06382080912590027 -0.04766297712922096 -0.007134644314646721 -0.998837947845459 -0.5848169326782227 -0.9988162517547607 -0.009375990368425846 0.04772895947098732 -2.8354127407073975
-0.009908813051879406 0.9999270439147949 -0.00689775450155139 0.06379245221614838 -0.04772743582725525 -0.007363123819231987 -0.9988332390785217 -0.585052490234375 -0.9988111853599548 -0.00956808403134346 0.047796960920095444 -2.835756301879883
-0.009727245196700096 0.9999280571937561 -0.007012201473116875 0.06368845701217651 -0.04756704345345497 -0.007467259652912617 -0.9988400936126709 -0.585121750831604 -0.9988206624984741 -0.009382456541061401 0.047636304050683975 -2.835444927215576
-0.009844625368714333 0.9999253153800964 -0.007233175914734602 0.063748799264431 -0.04754279926419258 -0.0076933554373681545 -0.9988395571708679 -0.5851095914840698 -0.9988206624984741 -0.009489359334111214 0.04761503264307976 -2.8350892066955566
-0.009845918975770473 0.9999250769615173 -0.007266092114150524 0.06373920291662216 -0.0475383959710598 -0.007726255804300308 -0.9988394975662231 -0.5851123929023743 -0.9988208413124084 -0.009489118121564388 0.04761095345020294 -2.8350627422332764
